500
8 37 89
35 38 219
46 82 178
59 108 173
64 80 273
93 138 246
109 144 173
111 119 70
114 134 150
126 173 42
145 148 240
157 171 175
167 189 72
171 221 28
201 208 252
201 203 220
209 213 182
218 234 203
223 255 118
248 276 108
260 262 120
262 284 226
283 316 268
291 311 133
311 350 82
321 368 8
343 366 15
347 392 258
363 399 217
384 429 212
387 420 123
400 424 168
421 432 79
429 477 299
431 479 168
459 496 256
481 506 186
498 546 232
526 557 148
551 598 216
562 565 95
567 593 169
593 633 195
597 626 7
617 659 133
627 640 48
652 679 11
677 682 44
691 718 111
708 718 36
717 725 5
744 764 122
771 815 76
801 843 125
816 817 116
825 853 193
825 838 78
849 861 20
859 904 34
887 898 139
897 930 62
916 963 175
943 947 19
954 971 150
962 1006 116
984 1021 250
991 1028 261
1007 1011 66
1027 1052 136
1042 1057 53
1047 1094 90
1064 1111 102
1088 1116 67
1116 1128 50
1130 1135 81
1133 1139 182
1136 1177 252
1138 1158 254
1138 1150 3
1160 1199 232
1174 1182 241
1192 1232 258
1204 1227 49
1234 1272 103
1238 1245 286
1247 1271 46
1249 1260 141
1277 1301 36
1286 1331 86
1307 1343 187
1337 1358 216
1338 1388 280
1345 1356 205
1355 1385 105
1381 1424 201
1403 1413 222
1430 1438 184
1449 1494 132
1457 1492 240
1464 1465 1
1494 1537 239
1514 1558 278
1514 1540 67
1535 1556 217
1558 1605 267
1568 1616 178
1582 1583 280
1612 1622 152
1637 1669 31
1658 1681 219
1682 1706 106
1709 1755 207
1727 1773 205
1739 1782 292
1743 1755 259
1754 1776 279
1768 1803 170
1769 1807 245
1789 1792 50
1802 1837 131
1808 1831 47
1816 1862 79
1842 1866 290
1845 1876 139
1862 1904 160
1868 1901 88
1895 1906 82
1915 1916 138
1937 1980 259
1957 1996 19
1978 2013 9
1984 1993 145
2007 2050 172
2011 2057 233
2019 2056 173
2037 2069 235
2060 2093 13
2079 2099 274
2087 2099 29
2102 2111 191
2107 2125 123
2115 2121 295
2130 2160 186
2154 2195 126
2176 2192 7
2181 2184 187
2205 2215 93
2235 2260 163
2240 2253 132
2269 2290 114
2273 2274 171
2287 2299 146
2287 2301 298
2288 2303 67
2300 2304 225
2323 2348 92
2326 2328 216
2353 2356 247
2364 2377 169
2384 2402 210
2392 2440 109
2418 2427 257
2445 2486 159
2468 2485 1
2483 2523 127
2509 2530 53
2513 2555 16
2535 2563 18
2536 2557 57
2541 2556 209
2543 2570 214
2562 2585 181
2580 2616 151
2588 2617 235
2609 2619 258
2620 2637 129
2649 2661 150
2665 2705 173
2689 2731 236
2711 2726 43
2723 2767 153
2728 2774 17
2736 2770 17
2737 2777 193
2766 2800 58
2790 2807 67
2793 2840 99
2820 2826 277
2845 2862 285
2852 2877 229
2860 2899 232
2867 2875 120
2872 2904 52
2897 2906 241
2917 2924 110
2925 2962 175
2927 2934 59
2930 2946 233
2951 2957 269
2969 3003 22
2984 3029 193
3009 3045 286
3021 3058 70
3044 3060 236
3065 3109 239
3094 3096 138
3107 3147 282
3124 3149 12
3131 3178 126
3143 3154 185
3162 3210 223
3183 3228 177
3193 3203 156
3197 3236 92
3211 3223 241
3235 3259 134
3243 3249 226
3265 3272 267
3277 3293 4
3292 3335 59
3314 3353 113
3333 3360 70
3362 3400 251
3389 3406 230
3415 3459 39
3422 3445 145
3425 3437 147
3436 3481 113
3445 3450 177
3470 3499 41
3479 3518 245
3494 3519 224
3511 3546 252
3515 3548 188
3533 3583 245
3548 3552 140
3569 3583 43
3583 3591 291
3589 3600 179
3600 3609 147
3622 3660 71
3631 3654 127
3657 3665 127
3664 3709 208
3678 3722 224
3700 3708 127
3713 3743 240
3729 3774 52
3751 3786 198
3758 3779 255
3767 3797 157
3784 3815 189
3792 3829 68
3804 3811 9
3833 3859 160
3851 3892 83
3873 3909 254
3889 3890 54
3914 3924 18
3942 3961 80
3957 4007 65
3962 3966 99
3964 4014 62
3979 4003 263
3993 3997 186
4017 4021 234
4044 4050 86
4066 4100 156
4075 4085 123
4093 4117 69
4121 4123 196
4144 4163 198
4145 4175 213
4163 4204 164
4171 4199 167
4174 4203 108
4194 4222 234
4221 4267 265
4245 4249 142
4260 4309 199
4290 4295 177
4320 4351 180
4328 4351 201
4335 4340 146
4352 4400 249
4358 4361 202
4382 4426 111
4391 4426 164
4398 4419 234
4400 4431 12
4407 4434 225
4431 4454 189
4442 4490 261
4448 4474 50
4471 4510 25
4490 4508 134
4494 4531 251
4520 4551 246
4525 4561 132
4554 4593 239
4581 4615 40
4611 4660 169
4615 4657 106
4631 4632 61
4651 4690 201
4655 4682 88
4674 4701 51
4683 4721 275
4687 4716 272
4697 4733 4
4705 4726 17
4733 4776 93
4756 4760 101
4769 4815 45
4798 4813 236
4812 4815 174
4827 4861 142
4835 4836 199
4849 4872 84
4862 4871 246
4877 4894 232
4886 4905 259
4901 4910 38
4904 4925 139
4922 4962 263
4938 4942 268
4957 4972 72
4967 4997 145
4992 5025 89
5004 5018 275
5014 5029 237
5041 5076 160
5059 5071 218
5072 5082 172
5096 5112 135
5126 5141 78
5133 5151 9
5144 5167 167
5148 5152 297
5168 5195 234
5173 5204 210
5177 5182 170
5188 5235 129
5208 5209 249
5225 5251 165
5232 5272 133
5235 5273 253
5260 5289 179
5268 5295 192
5284 5322 14
5313 5337 242
5317 5337 59
5333 5380 244
5361 5394 54
5368 5395 131
5369 5386 26
5375 5401 244
5391 5417 65
5409 5431 71
5416 5462 44
5429 5449 252
5446 5451 297
5458 5503 41
5471 5500 193
5498 5544 40
5503 5506 153
5526 5534 241
5530 5557 167
5557 5566 214
5583 5589 115
5589 5617 170
5609 5647 66
5613 5662 282
5624 5642 99
5646 5695 296
5654 5669 5
5661 5695 12
5684 5696 126
5701 5748 38
5728 5736 280
5748 5755 250
5777 5823 290
5786 5814 251
5788 5825 112
5817 5839 216
5825 5841 272
5826 5863 127
5828 5833 259
5833 5836 82
5852 5882 249
5862 5892 29
5883 5890 161
5883 5904 130
5886 5896 52
5895 5903 124
5913 5959 109
5926 5972 110
5926 5949 252
5945 5982 248
5973 6006 139
5990 6034 143
6000 6011 142
6017 6027 101
6043 6051 135
6058 6083 184
6084 6131 227
6084 6091 8
6093 6097 232
6100 6128 208
6129 6148 78
6148 6195 273
6153 6203 256
6168 6217 19
6168 6188 29
6196 6224 111
6219 6258 40
6238 6256 125
6256 6270 24
6259 6262 171
6260 6294 232
6266 6298 41
6273 6277 215
6295 6298 183
6298 6304 288
6312 6362 83
6326 6362 72
6354 6396 89
6373 6419 171
6390 6420 47
6411 6427 203
6437 6450 220
6447 6487 89
6461 6497 88
6461 6501 26
6464 6495 286
6475 6490 243
6496 6526 110
6524 6559 122
6542 6577 243
6542 6567 251
6553 6561 53
6562 6611 70
6586 6588 33
6595 6598 179
6598 6625 100
6618 6651 168
6640 6663 10
6644 6646 252
6669 6684 6
6670 6681 259
6692 6694 107
6697 6731 204
6723 6761 46
6738 6771 94
6754 6796 112
6762 6800 244
6776 6822 54
6778 6781 292
6806 6811 195
6826 6866 2
6848 6872 290
6874 6879 195
6887 6904 216
6906 6955 185
6906 6948 42
6930 6948 114
6932 6968 176
6938 6941 117
6958 6968 220
6966 6977 89
6986 6993 105
6994 6999 85
7013 7059 85
7023 7059 81
7026 7034 143
7051 7096 24
7070 7073 221
7097 7099 50
7118 7126 82
7147 7173 2
7171 7197 300
7182 7192 220
7184 7228 54
7200 7210 173
7214 7235 182
7237 7276 63
7254 7296 234
7275 7325 82
7283 7331 141
7289 7322 216
7296 7322 134
7320 7358 20
7326 7334 82
7331 7360 88
7337 7351 203
7338 7373 280
7348 7359 201
7375 7396 11
7402 7423 32
7417 7460 287
