500
11 41 22
28 48 99
34 81 128
55 75 92
68 114 281
83 118 37
86 106 22
93 134 92
100 128 276
130 171 234
159 173 115
175 210 178
192 225 194
203 251 208
224 242 5
228 275 151
252 301 226
258 271 281
262 263 268
276 322 164
281 331 284
305 337 173
322 367 168
338 339 160
356 396 4
372 379 196
397 428 281
406 442 139
418 453 236
426 442 52
429 438 49
456 500 152
483 498 239
495 545 232
519 532 213
541 546 243
549 575 245
567 572 81
590 608 183
601 606 172
620 632 151
643 673 29
652 665 18
656 690 91
665 698 45
666 709 85
675 699 87
687 737 158
692 700 127
715 733 115
720 755 272
737 745 142
765 786 297
775 823 3
786 811 114
813 858 202
829 830 180
842 855 250
860 879 50
870 912 80
881 897 96
911 926 226
932 979 71
949 976 82
972 973 42
972 999 299
987 993 21
1005 1016 58
1030 1068 275
1042 1070 141
1067 1093 294
1073 1122 300
1073 1092 83
1083 1097 49
1098 1108 58
1102 1143 291
1112 1151 284
1118 1133 135
1127 1174 24
1130 1146 191
1156 1162 168
1186 1235 74
1211 1236 138
1219 1268 225
1232 1261 66
1236 1238 56
1252 1290 156
1275 1309 230
1295 1343 90
1323 1343 284
1327 1370 23
1330 1350 139
1342 1368 235
1343 1344 64
1364 1404 47
1390 1427 299
1406 1447 238
1426 1460 218
1426 1440 189
1429 1432 163
1451 1491 218
1463 1512 116
1467 1513 105
1475 1509 202
1504 1514 106
1534 1581 31
1545 1595 149
1566 1596 85
1590 1627 185
1617 1657 78
1643 1661 241
1650 1657 14
1655 1677 254
1662 1704 147
1684 1693 25
1691 1707 203
1694 1703 150
1721 1745 149
1730 1778 173
1739 1777 203
1741 1770 29
1759 1767 195
1763 1809 277
1772 1780 30
1779 1807 66
1799 1808 85
1829 1839 232
1853 1870 272
1862 1897 130
1869 1904 297
1891 1915 173
1921 1955 59
1926 1928 187
1952 1994 169
1973 1981 118
1991 2027 121
2013 2043 140
2042 2081 1
2058 2102 19
2081 2093 114
2098 2129 298
2103 2112 292
2109 2145 80
2125 2131 4
2143 2189 37
2161 2205 215
2166 2201 125
2171 2212 282
2193 2232 64
2216 2239 105
2242 2263 71
2259 2289 59
2277 2284 36
2293 2302 43
2321 2371 52
2333 2382 281
2345 2366 10
2369 2391 268
2391 2429 103
2416 2455 76
2439 2464 181
2457 2459 50
2473 2491 75
2482 2521 298
2494 2513 204
2508 2551 156
2513 2542 16
2527 2566 118
2527 2560 64
2540 2573 261
2563 2577 170
2592 2633 126
2596 2612 227
2608 2614 99
2638 2649 175
2646 2666 59
2663 2697 118
2677 2690 36
2681 2710 81
2692 2709 235
2694 2727 58
2698 2720 200
2700 2713 34
2718 2757 248
2728 2759 248
2732 2738 293
2758 2778 37
2784 2801 164
2799 2809 137
2829 2873 244
2849 2876 153
2878 2926 5
2879 2895 73
2881 2924 144
2902 2938 7
2924 2951 78
2954 2985 215
2959 2960 233
2974 3012 190
2976 2997 269
2976 2985 181
2984 3012 210
2988 3006 42
3006 3040 109
3021 3040 233
3050 3095 235
3060 3107 239
3089 3098 109
3091 3095 176
3106 3149 191
3111 3140 207
3136 3161 94
3156 3205 78
3177 3212 229
3204 3217 152
3211 3253 117
3239 3249 224
3252 3285 39
3260 3308 273
3272 3316 59
3287 3328 184
3287 3325 295
3288 3333 119
3300 3336 212
3315 3317 136
3328 3346 290
3337 3351 64
3362 3369 149
3389 3405 130
3409 3425 27
3424 3466 7
3438 3468 263
3444 3446 150
3459 3469 109
3489 3492 34
3511 3513 37
3526 3561 127
3533 3580 36
3549 3571 147
3568 3604 290
3571 3573 93
3579 3607 44
3605 3655 274
3618 3630 28
3643 3651 257
3669 3710 272
3677 3714 264
3692 3715 12
3705 3752 106
3721 3757 21
3743 3773 77
3761 3804 103
3780 3810 201
3807 3836 228
3815 3856 224
3824 3865 79
3832 3843 7
3839 3841 135
3856 3866 103
3875 3899 269
3904 3915 293
3914 3933 6
3942 3990 51
3951 3973 12
3955 3978 52
3977 3993 248
4007 4011 112
4033 4065 153
4054 4100 104
4077 4097 195
4090 4104 82
4112 4133 279
4132 4180 12
4143 4157 276
4165 4179 284
4190 4227 123
4198 4204 225
4211 4216 103
4240 4280 194
4267 4290 233
4284 4297 112
4289 4312 236
4314 4330 252
4342 4385 168
4364 4413 12
4372 4386 30
4373 4381 37
4377 4387 276
4399 4422 129
4404 4440 81
4410 4419 133
4415 4461 109
4427 4471 180
4454 4492 89
4458 4482 296
4475 4488 193
4490 4510 130
4494 4497 113
4519 4555 38
4519 4561 239
4547 4583 202
4577 4606 115
4589 4614 118
4613 4615 157
4620 4651 50
4621 4662 151
4621 4656 222
4624 4654 78
4653 4664 169
4670 4704 278
4683 4703 18
4711 4760 292
4736 4738 174
4759 4792 59
4769 4814 41
4795 4837 234
4795 4817 271
4825 4855 157
4837 4860 55
4838 4882 63
4861 4886 191
4883 4931 115
4891 4928 172
4894 4931 70
4924 4970 84
4954 4986 256
4964 4982 251
4978 4989 235
5000 5011 282
5008 5037 174
5024 5045 174
5030 5046 291
5043 5049 17
5044 5087 198
5045 5052 39
5055 5068 162
5076 5081 37
5103 5133 263
5113 5136 239
5137 5166 77
5162 5180 269
5183 5230 102
5193 5239 230
5208 5216 123
5224 5273 5
5237 5273 217
5253 5294 270
5265 5283 30
5279 5320 190
5298 5327 263
5301 5329 11
5311 5353 4
5315 5324 148
5340 5349 13
5343 5392 127
5369 5396 11
5372 5414 271
5374 5405 198
5378 5390 62
5395 5396 10
5412 5456 52
5420 5439 42
5438 5445 20
5461 5486 245
5472 5511 175
5502 5539 255
5516 5553 174
5535 5543 65
5550 5590 232
5563 5604 57
5584 5626 117
5597 5640 284
5598 5600 28
5610 5647 252
5634 5656 11
5647 5683 279
5660 5707 216
5679 5700 173
5685 5701 145
5713 5714 249
5742 5754 222
5762 5783 191
5791 5816 62
5812 5856 70
5842 5876 211
5872 5921 30
5890 5913 247
5914 5963 57
5914 5930 37
5916 5965 112
5924 5953 10
5932 5947 250
5940 5979 258
5959 5974 298
5975 6005 146
5991 6002 9
6016 6047 218
6045 6050 185
6056 6096 10
6083 6107 76
6086 6120 117
6087 6137 70
6110 6155 253
6114 6125 147
6130 6180 225
6152 6191 261
6175 6199 262
6198 6227 299
6216 6237 30
6235 6282 251
6244 6265 15
6247 6288 56
6274 6323 210
6289 6296 7
6301 6319 183
6322 6364 227
6330 6336 61
6346 6376 121
6373 6384 96
6393 6441 244
6399 6447 159
6429 6439 259
6456 6465 8
6464 6510 239
6481 6527 120
6505 6550 175
6526 6575 213
6528 6575 134
6548 6568 266
6553 6563 33
6554 6583 42
6565 6614 167
6570 6594 246
6590 6595 39
6611 6618 99
6614 6623 54
6633 6661 78
6649 6668 226
6679 6690 155
6706 6744 215
6732 6755 201
6742 6761 180
6767 6805 158
6783 6798 37
6811 6856 224
6818 6844 207
6823 6860 237
6849 6869 66
6870 6891 273
6889 6912 182
6910 6928 59
6932 6980 118
6960 6977 96
6964 6998 115
6991 7007 45
7021 7058 224
7023 7031 48
7025 7043 117
7035 7083 255
7049 7092 93
7060 7088 271
7073 7095 173
7078 7107 48
7101 7128 216
7106 7128 274
7117 7163 80
7121 7161 49
7146 7177 92
7173 7222 102
7175 7180 179
7197 7225 29
7225 7248 68
7251 7274 123
7274 7307 279
7302 7323 72
7322 7361 192
7334 7361 251
7358 7389 272
7386 7404 124
7415 7448 202
7418 7454 128
7432 7477 209
7444 7463 65
7471 7480 200
7478 7522 103
7484 7524 132
7500 7516 295
7503 7520 95
7517 7539 294
7533 7581 57
7542 7581 281
7559 7604 75
7577 7619 178
7585 7627 148
7600 7632 11
7608 7650 299
7638 7666 127
7639 7643 55
7655 7678 51
7675 7687 214
