500
3 48 17
29 38 104
55 80 284
68 111 299
76 97 71
93 98 196
103 128 150
121 138 132
130 166 61
158 195 218
188 203 134
212 226 82
217 247 85
236 253 221
242 276 158
267 312 98
278 281 240
282 312 149
301 314 280
318 322 50
326 357 93
346 381 215
365 370 61
379 418 59
393 413 14
403 447 178
411 420 207
440 468 235
459 478 126
470 501 264
482 508 175
494 495 114
511 543 109
533 583 55
537 557 46
555 587 137
572 605 292
586 593 171
604 636 197
609 646 47
629 663 71
653 687 90
656 703 298
663 676 101
675 684 250
701 742 11
731 769 226
739 784 181
761 769 139
785 833 105
798 837 204
800 846 70
802 850 273
822 833 228
833 845 299
835 884 64
843 890 162
864 894 171
864 908 275
876 918 214
882 899 264
887 935 136
893 901 31
898 913 102
926 969 226
929 978 178
929 960 44
932 976 26
939 988 69
949 979 255
955 977 263
965 970 163
975 1011 119
1005 1054 183
1025 1055 69
1037 1080 248
1050 1083 173
1076 1122 26
1100 1122 296
1129 1173 286
1159 1173 227
1186 1196 225
1212 1228 158
1238 1256 31
1251 1293 114
1268 1293 145
1271 1299 18
1281 1314 20
1308 1355 202
1332 1359 4
1357 1379 281
1367 1383 75
1376 1382 199
1404 1445 65
1426 1433 159
1445 1451 132
1459 1476 267
1469 1475 21
1486 1488 58
1516 1549 122
1517 1544 79
1538 1559 56
1560 1607 207
1581 1624 282
1609 1612 206
1638 1660 245
1648 1685 231
1674 1687 246
1690 1702 153
1700 1750 184
1703 1714 68
1727 1744 213
1740 1754 42
1764 1799 121
1773 1775 239
1780 1787 119
1800 1818 37
1801 1814 213
1822 1848 181
1852 1885 117
1881 1900 59
1893 1897 208
1897 1905 296
1917 1924 145
1918 1941 20
1945 1960 38
1957 1982 214
1965 2010 273
1981 2000 12
2008 2040 52
2024 2030 83
2054 2102 41
2079 2117 79
2107 2145 195
2113 2124 98
2122 2166 32
2135 2147 278
2153 2195 104
2177 2191 278
2192 2197 160
2211 2239 186
2240 2272 84
2252 2300 216
2281 2330 272
2284 2311 128
2308 2342 297
2331 2350 166
2354 2387 69
2374 2405 281
2395 2436 123
2409 2416 128
2410 2422 102
2436 2444 213
2438 2485 16
2468 2507 26
2474 2520 186
2489 2509 160
2510 2536 244
2516 2520 130
2536 2572 27
2551 2575 70
2555 2596 25
2571 2576 132
2577 2590 135
2594 2607 285
2594 2615 217
2604 2624 61
2630 2667 165
2660 2703 227
2683 2720 240
2705 2726 81
2734 2775 213
2739 2773 212
2752 2768 244
2753 2802 296
2753 2766 272
2757 2807 285
2780 2782 233
2809 2814 3
2819 2854 5
2823 2871 56
2852 2867 298
2872 2905 26
2898 2912 96
2898 2906 296
2902 2909 7
2932 2958 29
2945 2966 144
2963 3007 93
2989 2991 7
3003 3009 254
3010 3055 257
3019 3047 3
3022 3047 24
3048 3057 151
3066 3083 209
3074 3123 5
3081 3098 56
3088 3114 63
3106 3134 47
3121 3150 300
3131 3154 107
3154 3176 134
3172 3195 117
3173 3214 62
3191 3235 50
3212 3243 264
3228 3248 156
3252 3274 185
3262 3298 96
3283 3332 29
3306 3353 15
3332 3336 111
3357 3378 124
3371 3411 196
3374 3417 128
3376 3383 178
3382 3403 299
3391 3418 52
3415 3452 294
3441 3453 85
3442 3492 265
3470 3480 74
3492 3519 130
3522 3536 277
3545 3552 227
3575 3593 3
3605 3649 259
3624 3639 96
3634 3674 129
3655 3695 185
3656 3657 268
3659 3697 122
3674 3699 110
3683 3691 23
3713 3724 43
3723 3727 168
3750 3758 214
3779 3815 104
3794 3800 38
3814 3817 149
3841 3873 159
3851 3863 208
3853 3877 227
3864 3877 6
3865 3899 64
3892 3923 74
3916 3928 93
3943 3972 217
3953 3984 32
3972 3976 104
3974 3982 153
3989 4032 252
3993 4024 225
3997 4033 133
4015 4055 237
4025 4068 71
4052 4057 200
4057 4098 256
4060 4089 19
4066 4086 278
4092 4112 37
4116 4154 145
4144 4158 162
4148 4193 131
4151 4179 249
4178 4198 209
4188 4196 204
4205 4208 188
4233 4234 108
4262 4272 62
4262 4275 135
4273 4287 257
4274 4301 108
4284 4312 33
4300 4326 77
4322 4335 188
4334 4344 254
4355 4396 293
4355 4405 223
4375 4398 96
4388 4410 241
4400 4423 139
4409 4444 271
4409 4424 124
4429 4479 139
4436 4475 25
4451 4457 22
4457 4460 124
4475 4496 164
4495 4542 240
4523 4528 241
4548 4578 214
4568 4596 14
4593 4640 113
4612 4635 98
4632 4638 231
4651 4687 229
4653 4657 175
4661 4702 179
4691 4719 273
4717 4748 281
4734 4775 248
4752 4772 89
4752 4775 85
4776 4820 9
4804 4836 156
4806 4840 33
4811 4849 134
4828 4838 235
4853 4871 134
4880 4893 300
4893 4909 103
4921 4959 218
4940 4984 279
4952 5000 174
4965 4995 148
4970 4992 143
4983 5031 268
5009 5016 107
5013 5024 254
5030 5048 256
5054 5062 284
5064 5105 238
5078 5115 189
5080 5086 212
5109 5148 242
5115 5153 268
5128 5177 236
5129 5145 80
5158 5160 267
5174 5188 210
5195 5241 32
5219 5239 191
5239 5252 255
5252 5259 35
5258 5294 28
5263 5278 291
5287 5307 176
5307 5311 42
5318 5341 34
5325 5375 25
5339 5366 255
5351 5366 127
5381 5408 258
5388 5391 244
5388 5399 191
5397 5420 199
5397 5407 94
5418 5426 178
5431 5469 63
5437 5457 97
5464 5504 62
5476 5525 290
5477 5495 76
5507 5513 159
5510 5516 132
5518 5535 271
5547 5569 199
5562 5610 292
5573 5616 71
5574 5617 3
5576 5605 182
5591 5603 204
5603 5612 173
5613 5628 14
5617 5632 181
5620 5642 3
5640 5660 150
5642 5663 100
5648 5691 251
5671 5690 43
5678 5700 86
5679 5694 103
5708 5740 168
5737 5779 188
5763 5788 11
5777 5810 117
5803 5811 268
5816 5864 74
5844 5856 65
5871 5877 216
5879 5927 218
5887 5907 110
5912 5920 150
5936 5946 44
5955 5992 189
5976 6017 98
5981 5995 6
6005 6015 196
6026 6035 207
6032 6044 170
6053 6089 129
6065 6099 291
6088 6117 145
6090 6123 28
6106 6156 39
6110 6149 42
6110 6160 167
6115 6141 55
6122 6140 292
6149 6165 109
6176 6201 160
6176 6204 128
6205 6226 183
6213 6256 86
6234 6278 7
6262 6285 17
6280 6315 133
6302 6334 233
6310 6329 218
6315 6360 67
6322 6344 102
6344 6383 172
6363 6375 224
6367 6417 280
6372 6415 26
6397 6427 15
6419 6465 181
6441 6482 149
6445 6466 234
6453 6484 196
6459 6491 99
6480 6499 14
6490 6500 274
6504 6552 9
6514 6543 159
6525 6570 64
6548 6550 91
6556 6571 149
6562 6600 144
6576 6621 265
6592 6610 15
6600 6619 94
6625 6667 298
6645 6682 95
6673 6675 114
6693 6699 57
6698 6715 179
6700 6705 61
6728 6752 161
6752 6788 88
6767 6784 205
6778 6779 171
6807 6808 124
6833 6858 180
6837 6843 28
6847 6869 297
6858 6879 119
6876 6881 177
6901 6911 230
6923 6930 53
6929 6975 57
6950 6984 261
6964 7008 178
6984 7033 3
7008 7034 131
7011 7025 9
7034 7071 112
7063 7096 31
7092 7139 229
7094 7129 291
7101 7117 75
7119 7130 20
7137 7149 33
7153 7163 284
7177 7192 269
7198 7230 245
7204 7237 254
7232 7235 296
7232 7247 280
7242 7260 63
7251 7276 291
7254 7260 128
7263 7269 156
7290 7324 190
7319 7340 132
7334 7342 9
7362 7379 9
7366 7376 23
7396 7438 28
7400 7443 255
7427 7447 277
7454 7497 243
7477 7484 231
7489 7522 291
7489 7524 193
7496 7544 33
7512 7517 268
7530 7548 291
7534 7544 287
7547 7572 196
7557 7599 300
7568 7616 151
7582 7589 91
7603 7645 225
7623 7663 99
7623 7662 264
7637 7638 70
7639 7646 272
