500
8 51 91
11 24 263
30 71 76
38 63 273
44 82 7
58 79 193
78 88 273
104 125 211
134 180 224
150 168 5
153 162 139
171 214 170
200 216 39
201 240 246
205 254 270
222 246 258
230 275 60
260 272 53
263 292 183
276 318 103
294 305 185
319 324 275
325 367 222
338 371 174
367 406 188
382 399 73
404 449 39
414 415 110
424 465 194
428 454 246
432 449 166
434 444 246
445 493 245
461 488 219
490 500 155
506 550 56
534 579 107
560 606 49
567 601 93
583 587 3
586 609 254
586 628 62
615 636 176
639 640 94
648 676 265
654 696 192
670 704 62
676 706 182
678 691 102
692 711 29
696 725 82
699 711 184
715 728 50
715 754 201
717 750 216
737 755 208
741 778 141
754 770 233
758 759 243
762 783 178
782 789 265
796 833 282
802 814 142
817 859 14
827 840 229
833 862 96
848 852 85
864 908 4
884 907 56
901 918 42
927 942 266
927 964 177
932 976 99
953 999 202
973 987 156
983 987 299
1010 1050 144
1021 1070 122
1032 1082 189
1051 1087 98
1070 1098 15
1074 1082 19
1091 1133 290
1104 1128 228
1126 1134 205
1135 1183 103
1142 1158 211
1148 1188 182
1174 1185 258
1184 1233 293
1204 1253 5
1223 1242 252
1225 1262 246
1240 1277 21
1242 1244 106
1258 1307 31
1282 1313 187
1301 1350 173
1316 1358 296
1326 1342 109
1346 1374 259
1359 1374 210
1381 1410 267
1386 1431 226
1393 1434 70
1405 1446 231
1433 1454 93
1461 1482 174
1490 1511 107
1514 1550 189
1519 1540 207
1548 1598 76
1569 1571 124
1583 1615 277
1595 1603 285
1622 1624 18
1652 1699 127
1681 1707 98
1688 1713 278
1696 1745 216
1710 1713 95
1721 1736 133
1736 1774 118
1755 1764 174
1759 1792 94
1786 1810 75
1799 1818 105
1799 1817 135
1827 1860 170
1854 1894 261
1862 1887 254
1890 1921 176
1909 1913 222
1922 1958 123
1942 1988 91
1965 1966 9
1977 1980 161
1988 1996 282
2008 2009 64
2024 2030 171
2034 2039 102
2064 2107 234
2088 2132 247
2096 2116 1
2096 2100 265
2106 2120 297
2135 2172 238
2142 2184 70
2149 2197 240
2155 2182 117
2178 2190 178
2203 2228 218
2209 2239 189
2224 2240 49
2249 2260 274
2274 2303 232
2294 2336 34
2300 2344 202
2316 2332 79
2318 2362 142
2343 2385 279
2368 2407 4
2371 2391 127
2398 2417 19
2427 2440 284
2429 2468 188
2446 2484 136
2470 2511 232
2481 2503 210
2502 2552 94
2525 2563 231
2551 2556 252
2557 2583 137
2558 2581 300
2562 2569 275
2562 2607 56
2573 2603 110
2599 2625 227
2600 2637 117
2602 2610 20
2632 2639 21
2636 2637 5
2638 2650 228
2662 2697 189
2681 2696 50
2682 2719 124
2706 2728 290
2732 2769 1
2735 2759 209
2736 2776 204
2758 2759 106
2777 2802 1
2805 2841 179
2815 2843 63
2841 2868 237
2868 2879 97
2883 2923 134
2896 2923 131
2926 2936 124
2943 2985 235
2973 3008 201
2991 3018 256
3006 3048 186
3029 3063 162
3042 3063 229
3069 3082 156
3069 3109 224
3077 3117 266
3095 3131 122
3115 3126 185
3131 3139 166
3140 3183 5
3147 3152 258
3169 3193 82
3179 3218 221
3195 3244 277
3217 3254 196
3219 3259 124
3234 3271 17
3249 3264 22
3271 3301 173
3291 3324 19
3301 3326 128
3310 3345 53
3326 3330 83
3335 3369 56
3360 3384 200
3380 3416 279
3405 3431 159
3429 3438 271
3435 3436 22
3460 3498 5
3489 3505 185
3512 3531 128
3539 3560 255
3564 3572 188
3572 3590 133
3597 3629 265
3624 3649 72
3648 3650 218
3675 3687 86
3679 3689 120
3703 3739 35
3723 3754 52
3750 3778 122
3770 3784 55
3789 3797 299
3809 3848 212
3831 3853 11
3840 3872 104
3848 3871 152
3860 3876 233
3888 3921 142
3901 3937 21
3920 3924 34
3945 3964 3
3957 3965 104
3987 4013 63
4012 4017 82
4038 4065 50
4055 4099 103
4083 4123 123
4113 4159 202
4113 4125 248
4122 4125 154
4138 4175 188
4138 4172 131
4157 4158 119
4186 4233 296
4196 4212 219
4225 4255 79
4225 4273 164
4247 4251 20
4271 4303 238
4299 4311 181
4304 4352 219
4317 4364 108
4346 4381 62
4360 4374 186
4367 4373 287
4378 4416 66
4387 4398 270
4413 4455 180
4423 4442 172
4450 4499 195
4461 4462 66
4464 4486 113
4492 4500 49
4507 4511 193
4532 4542 104
4545 4581 59
4567 4586 60
4595 4613 154
4615 4652 98
4618 4636 135
4640 4668 210
4670 4674 91
4695 4699 17
4717 4749 92
4744 4774 187
4758 4778 153
4781 4784 61
4804 4846 115
4834 4862 134
4850 4870 252
4876 4889 36
4906 4942 171
4923 4955 296
4927 4938 70
4951 5000 233
4954 4983 78
4965 5008 269
4991 5011 48
5018 5022 51
5047 5070 206
5071 5086 99
5086 5087 42
5115 5162 61
5118 5144 277
5147 5169 229
5169 5186 224
5187 5225 133
5210 5230 263
5215 5265 30
5237 5264 275
5246 5288 218
5248 5293 227
5258 5285 161
5261 5304 86
5264 5268 293
5272 5276 57
5284 5293 44
5301 5341 264
5331 5381 195
5346 5372 38
5369 5404 187
5388 5401 39
5389 5423 126
5400 5444 223
5425 5440 56
5434 5475 273
5443 5488 48
5471 5505 45
5490 5534 155
5518 5552 113
5524 5549 284
5540 5558 170
5568 5587 226
5572 5618 207
5577 5615 211
5582 5604 263
5599 5649 224
5624 5661 170
5630 5679 26
5641 5678 199
5663 5703 237
5679 5698 138
5700 5712 85
5712 5745 79
5724 5731 121
5742 5753 141
5748 5775 123
5762 5802 170
5771 5783 226
5799 5823 78
5810 5840 186
5840 5885 126
5868 5898 18
5874 5891 299
5879 5925 80
5906 5948 152
5934 5938 209
5943 5975 63
5944 5956 144
5966 5996 281
5967 5985 104
5971 6015 9
5984 5998 44
6008 6019 148
6031 6045 145
6052 6084 17
6063 6072 161
6066 6071 62
6078 6126 112
6079 6121 68
6091 6117 165
6092 6135 30
6113 6150 63
6122 6142 250
6148 6198 219
6157 6160 18
6174 6202 239
6194 6197 165
6220 6233 239
6245 6278 259
6245 6248 175
6271 6274 259
6282 6304 50
6303 6323 199
6314 6347 288
6329 6364 119
6335 6377 272
6351 6389 73
6360 6397 158
6388 6410 159
6405 6445 145
6429 6459 135
6431 6467 178
6446 6475 269
6456 6485 200
6483 6496 11
6507 6556 195
6531 6561 177
6535 6549 274
6562 6590 273
6583 6603 127
6586 6633 177
6597 6624 280
6604 6653 129
6620 6641 104
6638 6652 233
6645 6658 274
6666 6703 214
6685 6717 138
6685 6726 252
6708 6752 276
6708 6755 248
6730 6751 61
6733 6759 272
6750 6795 104
6779 6803 286
6793 6799 186
6823 6847 272
6842 6892 196
6851 6901 195
6868 6888 162
6892 6900 133
6914 6949 193
6931 6949 124
6951 6957 47
6980 7016 159
7010 7011 266
7021 7057 289
7021 7066 167
7028 7069 100
7050 7056 114
7079 7109 70
7082 7132 13
7101 7127 21
7108 7112 173
7109 7131 192
7110 7152 187
7111 7142 217
7130 7147 151
7144 7168 129
7156 7179 11
7160 7202 206
7169 7202 158
7173 7206 290
7188 7201 218
7204 7205 124
7208 7255 255
7219 7223 178
7220 7246 11
7242 7257 271
7261 7297 170
7274 7283 199
7284 7301 118
7288 7326 222
7288 7298 20
7313 7333 36
7328 7363 253
7358 7390 262
7366 7410 213
7396 7403 32
7414 7452 133
7427 7465 112
7435 7446 239
7436 7453 125
7446 7461 208
7475 7486 239
7479 7495 26
7497 7539 174
7510 7511 227
7530 7576 136
7559 7598 274
7567 7591 187
7594 7641 259
7597 7627 203
7601 7609 204
7631 7663 44
7652 7658 293
7667 7680 159
7674 7675 294
7676 7698 113
7695 7719 281
7723 7725 262
7735 7784 233
7759 7803 244
7760 7794 15
