500
3 36 204
4 11 116
20 33 175
36 81 31
45 77 71
55 100 1
70 103 222
96 120 1
99 148 266
109 154 247
123 158 92
151 191 85
177 224 248
189 237 115
213 227 32
234 255 188
244 270 187
269 291 144
284 289 92
289 302 18
304 320 269
306 316 254
322 332 30
348 379 220
375 412 140
393 398 155
418 431 117
443 448 167
450 485 22
459 487 285
479 523 17
495 506 35
510 531 59
525 554 250
550 589 93
562 566 90
586 588 123
616 653 113
645 652 276
664 693 185
666 689 94
693 695 287
720 738 2
723 740 216
739 758 78
755 780 206
766 816 250
769 815 37
790 801 143
796 832 121
822 823 196
849 876 31
869 890 83
889 892 218
911 939 136
913 946 86
918 960 111
918 968 11
931 973 92
952 990 265
981 985 71
992 1019 76
1021 1068 156
1027 1073 217
1054 1061 210
1057 1075 215
1076 1102 110
1086 1118 87
1091 1139 268
1115 1153 218
1118 1156 58
1122 1126 85
1139 1150 39
1168 1171 44
1192 1218 146
1209 1223 261
1213 1239 246
1222 1257 38
1227 1229 121
1254 1283 47
1269 1275 178
1278 1306 26
1296 1326 223
1320 1359 268
1343 1357 202
1348 1385 25
1358 1399 104
1385 1427 192
1410 1424 208
1435 1445 244
1441 1475 285
1466 1475 77
1469 1499 99
1471 1493 227
1471 1478 257
1475 1479 41
1478 1491 44
1496 1515 271
1501 1528 82
1510 1516 187
1514 1561 204
1542 1548 184
1549 1560 77
1565 1593 32
1595 1644 12
1607 1650 158
1624 1669 212
1648 1668 252
1675 1689 258
1698 1730 140
1718 1725 225
1727 1729 39
1736 1742 103
1764 1781 159
1788 1790 273
1803 1845 293
1833 1839 176
1862 1890 286
1874 1912 219
1887 1932 195
1897 1930 16
1924 1971 143
1941 1970 147
1969 2000 14
1999 2042 223
2008 2057 80
2017 2064 82
2018 2055 142
2024 2057 74
2052 2062 156
2078 2108 15
2103 2123 299
2117 2131 75
2135 2136 189
2159 2198 175
2185 2216 96
2201 2214 100
2215 2245 186
2241 2249 293
2258 2259 180
2283 2330 209
2299 2324 240
2322 2344 178
2348 2368 280
2367 2386 87
2370 2419 41
2378 2390 64
2396 2444 42
2413 2462 203
2414 2460 135
2433 2478 36
2441 2487 213
2442 2461 128
2457 2499 99
2463 2478 211
2463 2513 220
2493 2518 205
2508 2543 42
2537 2553 231
2556 2577 281
2567 2590 260
2588 2602 112
2603 2642 216
2630 2658 283
2647 2674 64
2676 2699 10
2692 2710 45
2701 2715 58
2726 2776 161
2749 2775 82
2753 2798 121
2780 2789 221
2786 2834 97
2794 2809 118
2803 2836 104
2813 2831 205
2814 2832 125
2835 2842 245
2848 2898 94
2866 2880 229
2879 2895 168
2879 2903 225
2909 2917 162
2934 2959 27
2950 2977 83
2970 3011 19
2992 3011 5
3022 3066 143
3023 3048 59
3050 3067 120
3056 3064 116
3075 3124 138
3080 3120 41
3099 3109 231
3106 3128 96
3127 3134 279
3128 3159 122
3131 3147 46
3150 3172 93
3157 3198 35
3163 3170 237
3170 3185 75
3199 3209 256
3220 3247 27
3247 3254 127
3253 3262 294
3268 3305 153
3288 3323 35
3303 3319 94
3311 3334 260
3327 3343 10
3344 3356 290
3368 3397 150
3387 3393 198
3402 3430 132
3422 3435 139
3446 3494 104
3459 3494 3
3481 3485 280
3491 3515 180
3500 3524 38
3510 3558 270
3538 3584 117
3562 3594 9
3566 3580 171
3583 3591 268
3594 3627 155
3603 3623 50
3629 3676 214
3636 3672 202
3651 3681 86
3674 3698 88
3677 3719 111
3691 3698 127
3712 3714 133
3721 3764 194
3731 3780 275
3744 3754 52
3744 3774 112
3749 3793 163
3749 3779 215
3767 3789 87
3796 3846 62
3798 3810 269
3824 3859 52
3847 3872 172
3850 3854 264
3875 3899 122
3881 3893 135
3897 3918 144
3906 3938 30
3934 3936 214
3941 3969 16
3962 4004 174
3964 4013 134
3987 4020 266
4009 4041 253
4022 4047 36
4037 4064 44
4054 4055 171
4064 4076 262
4077 4117 67
4079 4087 283
4102 4139 81
4119 4137 82
4134 4167 167
4147 4162 60
4161 4189 210
4167 4198 88
4179 4213 90
4204 4238 159
4224 4266 90
4246 4274 192
4262 4298 183
4273 4285 217
4284 4302 128
4314 4349 56
4342 4366 253
4361 4369 171
4373 4416 230
4379 4386 180
4403 4444 174
4429 4458 298
4458 4468 101
4478 4521 250
4486 4491 255
4489 4493 57
4502 4519 83
4516 4530 106
4530 4553 204
4531 4533 192
4538 4546 285
4551 4560 252
4577 4609 67
4588 4618 70
4589 4604 288
4589 4623 31
4597 4617 158
4623 4626 95
4640 4663 196
4654 4702 147
4684 4707 284
4686 4722 233
4696 4700 146
4720 4763 8
4731 4754 12
4746 4774 261
4750 4774 283
4771 4797 268
4795 4832 264
4823 4832 82
4825 4839 152
4838 4873 200
4865 4881 41
4895 4925 244
4909 4946 218
4911 4950 88
4919 4926 117
4939 4949 242
4947 4956 52
4950 4998 231
4976 4989 202
4989 5017 41
5000 5003 295
5007 5046 23
5030 5032 60
5034 5084 246
5040 5088 150
5042 5084 251
5068 5117 110
5083 5120 242
5112 5132 14
5124 5150 165
5151 5182 92
5168 5202 247
5194 5196 22
5211 5222 96
5212 5223 60
5220 5258 30
5236 5252 138
5255 5286 240
5272 5279 65
5282 5298 24
5299 5343 37
5311 5338 138
5335 5336 135
5339 5360 27
5359 5376 276
5388 5432 5
5405 5423 59
5433 5438 258
5435 5468 169
5443 5452 141
5462 5505 151
5475 5511 202
5494 5533 133
5510 5513 50
5539 5577 100
5554 5555 140
5564 5595 110
5572 5573 296
5597 5628 265
5614 5647 221
5644 5668 145
5668 5689 192
5690 5693 43
5695 5743 258
5717 5761 191
5739 5747 95
5753 5789 239
5767 5787 207
5794 5817 244
5805 5834 109
5821 5867 139
5844 5875 262
5863 5901 30
5879 5884 263
5902 5917 238
5906 5956 122
5920 5955 151
5932 5966 140
5938 5946 86
5961 6005 225
5985 5991 103
6007 6053 224
6027 6044 174
6050 6070 267
6077 6096 257
6106 6109 101
6108 6143 234
6131 6179 154
6139 6184 110
6161 6166 231
6177 6197 137
6178 6207 47
6187 6228 141
6211 6213 271
6232 6243 270
6238 6255 124
6260 6269 152
6275 6308 280
6281 6311 185
6309 6347 211
6314 6354 110
6329 6360 59
6333 6343 283
6333 6365 117
6360 6374 147
6383 6431 213
6403 6446 168
6413 6450 186
6420 6449 135
6449 6483 246
6449 6476 174
6451 6475 18
6463 6475 132
6472 6485 139
6502 6538 140
6520 6552 23
6543 6565 61
6544 6553 68
6547 6577 212
6565 6576 117
6566 6592 69
6569 6617 259
6578 6617 265
6607 6642 98
6614 6656 244
6622 6659 238
6648 6681 268
6676 6707 209
6700 6745 240
6712 6758 195
6732 6745 140
6739 6778 192
6741 6756 289
6744 6792 4
6750 6798 17
6759 6792 257
6767 6794 121
6776 6820 67
6797 6812 234
6827 6876 57
6832 6836 139
6840 6886 143
6870 6872 96
6883 6884 232
6902 6915 285
6922 6935 85
6933 6967 9
6958 6993 238
6985 7001 176
6995 7000 213
7023 7025 20
7043 7053 45
7073 7123 127
7096 7110 44
7096 7129 230
7118 7125 209
7147 7165 17
7166 7182 272
7180 7183 45
7186 7222 229
7210 7252 161
7239 7285 79
7244 7291 236
7252 7273 200
7280 7327 138
7297 7327 130
7306 7344 292
7311 7357 30
7339 7381 177
7360 7366 297
7387 7433 236
7400 7423 178
7416 7426 43
7420 7462 104
7432 7470 78
7434 7470 126
7454 7502 265
7466 7496 27
7473 7487 230
7499 7549 117
7506 7548 67
7532 7562 39
7538 7548 245
7551 7564 210
7561 7577 87
7577 7586 54
7600 7619 148
7610 7660 92
7621 7627 268
7640 7668 191
7660 7666 4
7662 7701 50
7676 7705 270
7688 7702 122
7713 7747 251
7719 7726 123
7738 7768 213
