500
28 36 296
36 46 292
58 78 99
66 83 122
85 132 32
100 126 258
130 167 230
159 194 270
188 198 183
189 214 278
205 213 250
233 263 183
257 305 10
274 301 70
302 319 145
312 356 189
337 377 126
341 391 166
368 413 27
383 432 126
410 417 243
419 446 223
423 469 255
434 452 183
458 476 17
488 499 52
511 541 22
515 547 13
522 552 198
539 584 32
558 582 110
562 588 187
562 595 110
564 602 300
583 615 103
591 599 26
608 645 220
627 663 2
642 689 47
646 668 190
646 696 57
671 695 46
690 733 208
714 763 151
740 768 202
769 782 236
777 807 28
805 842 225
811 846 105
817 834 201
825 855 199
835 869 284
838 848 128
841 875 213
858 871 273
872 888 268
884 925 267
909 959 105
932 940 256
959 995 279
978 1018 239
989 1025 202
1019 1021 28
1046 1069 56
1067 1082 114
1086 1111 226
1097 1135 74
1098 1147 264
1122 1139 273
1137 1151 25
1152 1199 261
1172 1207 255
1181 1216 272
1210 1213 83
1233 1240 96
1236 1261 190
1243 1288 277
1247 1281 231
1277 1283 245
1287 1305 251
1312 1353 65
1338 1346 234
1368 1399 22
1383 1408 262
1410 1443 239
1429 1473 22
1442 1462 133
1468 1473 73
1497 1513 22
1520 1524 47
1521 1549 189
1544 1561 91
1561 1564 262
1566 1584 294
1577 1606 217
1593 1639 153
1613 1636 5
1635 1639 28
1638 1647 227
1659 1669 59
1679 1704 59
1692 1725 156
1718 1766 213
1730 1776 53
1753 1764 154
1775 1782 153
1794 1797 296
1815 1823 262
1833 1878 167
1852 1860 253
1873 1919 159
1891 1941 28
1893 1932 177
1905 1954 117
1924 1925 227
1951 1982 131
1961 1962 15
1987 2019 153
2000 2049 114
2004 2024 73
2030 2072 142
2044 2071 51
2049 2058 262
2068 2099 202
2080 2115 183
2089 2093 153
2114 2153 68
2117 2123 122
2140 2149 30
2145 2166 219
2146 2190 90
2164 2186 10
2173 2204 143
2176 2223 249
2188 2213 76
2218 2262 26
2225 2242 26
2232 2248 176
2250 2280 59
2261 2278 257
2272 2279 112
2290 2327 90
2312 2330 60
2329 2356 33
2357 2381 119
2369 2377 118
2392 2405 139
2411 2438 71
2422 2438 255
2424 2456 82
2435 2481 238
2459 2502 97
2462 2498 77
2470 2485 233
2499 2538 202
2528 2533 51
2552 2560 70
2568 2614 223
2589 2604 167
2614 2625 167
2639 2675 114
2655 2658 99
2668 2677 201
2673 2692 21
2698 2702 110
2712 2714 27
2718 2743 44
2741 2779 152
2765 2811 76
2784 2788 299
2800 2848 69
2803 2807 213
2805 2819 267
2805 2807 274
2812 2844 94
2826 2871 59
2843 2891 253
2867 2900 47
2867 2872 205
2876 2880 45
2882 2883 166
2887 2933 80
2894 2943 28
2898 2901 192
2911 2914 51
2937 2949 210
2967 2997 294
2982 3013 160
2997 3046 222
3001 3051 216
3013 3014 242
3029 3062 256
3056 3071 249
3082 3087 204
3094 3110 216
3106 3119 12
3119 3135 32
3145 3154 35
3152 3198 21
3162 3187 271
3168 3178 233
3191 3195 3
3209 3218 37
3218 3225 83
3237 3244 276
3266 3277 61
3284 3332 141
3313 3319 272
3323 3359 14
3344 3354 153
3351 3369 75
3358 3365 5
3363 3375 247
3379 3415 164
3399 3416 228
3400 3402 81
3423 3431 179
3431 3448 181
3458 3459 88
3467 3514 213
3469 3488 257
3488 3507 11
3511 3512 149
3527 3544 4
3543 3561 92
3566 3571 170
3574 3595 270
3575 3604 259
3582 3608 163
3598 3603 258
3609 3617 69
3615 3647 55
3627 3675 135
3636 3683 19
3650 3658 277
3651 3670 258
3668 3684 59
3678 3712 100
3692 3701 163
3720 3761 90
3750 3759 260
3765 3806 173
3795 3818 4
3813 3856 282
3830 3840 201
3854 3878 69
3882 3931 175
3902 3927 153
3923 3927 255
3938 3939 95
3966 3976 261
3988 3996 133
4008 4046 195
4008 4052 210
4016 4028 278
4042 4055 94
4068 4080 287
4077 4117 161
4098 4139 165
4126 4164 135
4136 4147 123
4152 4169 79
4165 4204 63
4166 4187 165
4193 4215 35
4198 4223 157
4201 4206 169
4219 4258 293
4232 4265 290
4252 4301 165
4252 4268 83
4280 4303 154
4300 4316 17
4307 4323 70
4320 4367 124
4331 4338 248
4360 4366 115
4385 4420 150
4406 4418 237
4430 4459 287
4456 4499 295
4473 4517 99
4500 4514 203
4522 4528 182
4542 4561 113
4553 4599 201
4572 4573 115
4581 4587 128
4609 4656 234
4610 4633 24
4611 4632 14
4615 4660 56
4641 4656 192
4668 4706 139
4672 4712 122
4674 4693 228
4701 4721 58
4705 4750 215
4723 4769 297
4725 4727 73
4738 4741 226
4759 4804 101
4770 4776 109
4797 4821 103
4804 4819 33
4818 4844 2
4841 4889 141
4851 4858 290
4858 4882 152
4876 4891 34
4904 4923 122
4925 4953 1
4949 4987 298
4959 4974 106
4986 5023 90
5002 5038 114
5014 5041 276
5019 5066 69
5021 5068 154
5040 5058 257
5040 5055 114
5040 5057 62
5061 5111 96
5070 5106 204
5099 5137 141
5129 5130 233
5149 5193 97
5163 5167 41
5174 5194 178
5196 5216 85
5196 5203 114
5223 5258 4
5226 5236 34
5254 5268 275
5265 5278 197
5276 5297 179
5281 5318 1
5288 5330 17
5290 5299 219
5310 5329 69
5317 5347 240
5330 5333 205
5350 5379 253
5354 5393 142
5358 5385 78
5384 5421 265
5385 5434 208
5389 5394 277
5415 5416 252
5417 5424 227
5437 5465 179
5462 5471 19
5465 5476 93
5493 5508 16
5518 5542 104
5537 5558 19
5559 5578 124
5582 5605 200
5607 5623 288
5635 5654 140
5641 5663 8
5645 5690 178
5650 5661 43
5677 5708 232
5684 5693 147
5693 5738 79
5694 5738 228
5716 5743 142
5725 5766 124
5754 5802 242
5768 5779 52
5774 5820 39
5775 5817 171
5788 5838 27
5812 5826 64
5832 5851 298
5835 5882 283
5862 5906 181
5883 5916 65
5906 5919 291
5907 5939 68
5926 5961 20
5934 5945 207
5937 5972 266
5946 5949 200
5973 5999 154
5993 6032 52
6019 6035 138
6021 6063 175
6035 6044 275
6041 6064 155
6041 6069 157
6063 6098 12
6089 6092 183
6101 6131 22
6107 6122 70
6133 6175 182
6137 6140 45
6161 6204 286
6191 6213 235
6198 6224 141
6198 6216 296
6202 6204 249
6210 6246 195
6225 6236 95
6238 6285 163
6255 6273 66
6262 6312 271
6282 6315 68
6288 6314 41
6301 6323 273
6306 6336 14
6308 6310 84
6333 6358 107
6350 6367 218
6379 6401 247
6390 6398 275
6395 6413 296
6404 6436 288
6418 6464 79
6430 6443 54
6451 6479 130
6462 6491 281
6473 6501 46
6495 6507 85
6510 6513 284
6516 6548 221
6541 6584 154
6562 6601 269
6576 6592 129
6600 6615 297
6630 6652 21
6630 6640 186
6651 6701 103
6657 6677 91
6669 6674 59
6699 6737 116
6710 6729 50
6739 6760 129
6740 6762 80
6742 6761 300
6758 6777 164
6777 6813 115
6780 6795 194
6792 6826 245
6812 6846 42
6832 6836 64
6848 6867 293
6874 6897 261
6877 6912 37
6889 6937 35
6892 6897 211
6918 6964 22
6943 6970 53
6951 6955 179
6951 6987 259
6957 6989 162
6968 7006 68
6988 7032 7
7010 7022 77
7012 7028 79
7024 7026 20
7038 7047 205
7056 7089 94
7071 7105 293
7099 7112 214
7104 7122 91
7120 7161 260
7148 7153 68
7159 7168 132
7164 7168 159
7173 7176 178
7202 7230 95
7226 7262 114
7238 7276 150
7253 7260 110
7264 7312 66
7270 7288 73
7292 7310 201
7303 7335 195
7332 7379 124
7360 7407 232
7390 7432 122
7415 7454 279
7416 7465 297
7444 7474 15
7452 7458 101
7465 7479 30
7473 7522 209
7502 7541 242
7532 7575 196
7533 7559 244
7544 7568 298
7567 7574 132
7575 7611 256
7590 7637 58
7602 7626 23
7609 7617 202
7633 7635 94
7659 7676 89
