500
10 56 15
23 61 254
53 96 226
66 91 294
87 106 12
91 104 175
104 126 170
112 123 94
134 170 14
161 171 65
169 199 68
190 230 230
214 257 268
244 265 218
265 292 192
288 309 113
307 313 137
334 344 286
337 378 21
353 385 74
371 393 224
396 401 54
418 420 192
433 473 90
458 461 199
469 475 288
472 482 35
492 530 275
505 530 141
505 536 298
520 542 86
534 583 3
540 569 17
552 571 240
561 609 230
573 576 225
588 619 163
597 632 238
609 637 219
624 660 9
639 681 28
662 710 85
680 730 267
690 703 170
712 747 190
713 729 275
732 756 281
741 771 58
748 784 95
768 806 200
795 825 183
813 836 161
818 849 175
844 870 182
850 871 108
860 870 209
879 889 129
903 915 121
921 946 68
931 971 63
941 959 149
948 970 227
963 987 112
971 990 143
988 1025 239
1008 1010 35
1019 1045 209
1025 1039 214
1042 1051 178
1044 1085 73
1049 1061 78
1073 1123 13
1085 1114 149
1103 1114 29
1125 1166 130
1140 1184 292
1169 1211 204
1180 1229 155
1199 1243 184
1228 1244 289
1239 1247 35
1261 1278 174
1288 1315 201
1305 1327 45
1321 1342 46
1351 1365 8
1374 1385 62
1403 1451 189
1423 1429 206
1449 1498 147
1451 1453 69
1471 1499 299
1485 1498 16
1506 1546 243
1515 1534 245
1545 1579 287
1569 1588 100
1570 1581 194
1587 1632 143
1590 1601 220
1619 1642 152
1649 1666 259
1672 1688 143
1691 1695 28
1703 1716 54
1711 1720 94
1717 1718 233
1741 1748 29
1766 1801 8
1782 1806 30
1786 1817 273
1792 1811 270
1795 1810 206
1801 1851 167
1809 1832 268
1831 1853 203
1855 1884 37
1859 1877 228
1880 1909 36
1880 1890 278
1909 1914 3
1927 1954 156
1930 1950 272
1949 1975 269
1951 1979 229
1951 1972 275
1973 2022 297
1989 2024 9
2007 2017 143
2027 2039 268
2051 2072 104
2072 2090 49
2089 2129 275
2089 2125 143
2099 2137 78
2107 2154 154
2122 2139 82
2123 2153 66
2152 2192 256
2171 2189 263
2180 2183 60
2181 2203 32
2210 2227 275
2231 2240 242
2258 2308 37
2262 2297 56
2281 2298 265
2309 2313 155
2324 2366 87
2345 2376 70
2372 2374 107
2378 2407 158
2393 2411 54
2401 2411 25
2425 2436 15
2447 2460 79
2450 2462 65
2450 2472 187
2461 2509 124
2464 2487 159
2478 2510 3
2504 2529 212
2522 2529 281
2529 2576 299
2545 2579 261
2574 2595 44
2579 2605 156
2590 2621 235
2604 2626 140
2632 2656 123
2652 2660 262
2664 2680 10
2686 2730 101
2716 2761 202
2726 2764 229
2742 2776 132
2765 2778 35
2791 2810 269
2802 2824 28
2802 2832 230
2809 2823 275
2828 2847 95
2842 2890 142
2860 2863 256
2881 2883 226
2884 2922 6
2913 2941 50
2918 2952 65
2919 2920 9
2927 2929 173
2931 2948 188
2931 2974 106
2961 2979 72
2967 2982 80
2974 2982 13
3003 3047 113
3023 3033 165
3032 3036 174
3045 3055 82
3055 3095 251
3065 3077 12
3073 3078 252
3079 3106 85
3091 3120 250
3091 3118 189
3094 3138 298
3122 3168 184
3145 3155 28
3154 3169 5
3172 3219 29
3193 3212 227
3213 3231 196
3240 3288 167
3265 3284 191
3278 3327 13
3279 3293 160
3287 3309 27
3312 3354 16
3333 3335 268
3339 3383 248
3340 3346 191
3369 3414 60
3388 3402 149
3407 3448 202
3418 3467 17
3423 3435 114
3427 3444 40
3443 3483 289
3446 3458 115
3461 3494 86
3484 3528 38
3505 3511 260
3514 3520 75
3532 3550 203
3548 3584 18
3563 3570 77
3593 3630 181
3618 3662 97
3623 3657 12
3639 3644 250
3639 3655 203
3648 3650 22
3657 3694 260
3676 3718 235
3696 3744 149
3715 3727 175
3725 3766 215
3731 3742 237
3743 3744 83
3745 3746 290
3746 3784 180
3775 3782 287
3785 3792 257
3798 3799 134
3806 3844 118
3823 3868 211
3850 3895 141
3879 3894 199
3888 3909 212
3911 3960 163
3930 3937 184
3935 3955 147
3938 3939 230
3954 3963 277
3978 3980 181
4005 4022 286
4031 4073 9
4045 4051 81
4049 4097 83
4050 4076 257
4076 4088 269
4096 4144 101
4123 4168 147
4141 4182 214
4166 4207 184
4171 4197 173
4190 4199 283
4215 4250 153
4220 4265 67
4235 4254 104
4255 4302 48
4257 4283 4
4266 4303 186
4266 4273 189
4289 4291 272
4301 4320 71
4311 4322 211
4339 4389 187
4346 4371 77
4368 4386 85
4370 4400 110
4391 4396 231
4417 4459 174
4444 4448 142
4463 4470 135
4476 4525 32
4480 4529 120
4506 4523 12
4511 4518 176
4518 4558 175
4548 4576 276
4564 4601 174
4570 4580 49
4573 4596 179
4591 4622 182
4595 4616 250
4610 4649 138
4638 4671 256
4655 4698 193
4683 4689 207
4685 4728 202
4686 4734 4
4710 4738 66
4739 4772 235
4765 4777 92
4777 4786 54
4778 4780 82
4788 4821 124
4805 4821 259
4819 4846 208
4829 4879 267
4832 4845 202
4854 4882 10
4873 4909 77
4903 4930 276
4929 4959 181
4951 4994 221
4970 5007 35
4990 5011 80
5014 5020 198
5033 5041 279
5040 5065 226
5069 5096 178
5098 5103 181
5112 5151 176
5140 5159 114
5145 5184 297
5153 5173 172
5179 5181 278
5182 5206 33
5193 5202 178
5198 5207 143
5217 5219 50
5229 5249 50
5234 5257 258
5250 5291 83
5278 5299 168
5292 5338 174
5313 5356 160
5328 5364 236
5338 5341 131
5340 5346 96
5346 5370 28
5347 5382 6
5359 5391 204
5359 5408 112
5384 5389 56
5402 5411 120
5420 5461 268
5433 5469 60
5438 5469 204
5440 5445 214
5445 5489 148
5448 5473 146
5451 5457 76
5479 5507 191
5508 5556 95
5513 5551 83
5531 5540 233
5546 5561 223
5546 5552 195
5556 5589 117
5564 5597 199
5576 5594 87
5592 5601 132
5596 5632 261
5604 5631 236
5629 5652 217
5637 5647 92
5663 5703 104
5691 5739 232
5710 5756 11
5727 5773 78
5755 5766 214
5757 5794 74
5785 5797 168
5785 5804 268
5799 5842 146
5815 5843 247
5819 5824 190
5843 5862 241
5869 5889 234
5872 5899 289
5900 5913 104
5906 5948 257
5927 5965 70
5955 5979 299
5971 5984 207
5986 6006 12
6012 6031 97
6035 6052 124
6045 6075 237
6064 6088 250
6074 6110 50
6101 6108 244
6104 6154 228
6128 6142 10
6157 6203 250
6177 6227 17
6202 6220 205
6205 6234 81
6220 6260 26
6245 6256 91
6266 6281 115
6285 6330 256
6299 6331 112
6327 6343 197
6353 6384 220
6371 6386 185
6394 6440 236
6398 6429 102
6404 6451 242
6417 6433 55
6429 6453 193
6436 6439 132
6449 6495 54
6473 6488 248
6490 6505 220
6502 6535 58
6525 6536 216
6530 6559 57
6542 6577 268
6554 6604 4
6581 6606 213
6595 6638 127
6622 6651 129
6623 6642 150
6645 6664 40
6667 6679 122
6689 6694 18
6709 6741 194
6711 6717 282
6731 6758 8
6751 6760 286
6766 6811 263
6790 6806 220
6792 6798 155
6814 6827 41
6826 6858 127
6828 6859 91
6847 6867 128
6858 6875 289
6886 6892 137
6909 6919 101
6937 6943 52
6962 6995 119
6978 7003 261
7008 7030 22
7026 7036 224
7051 7056 54
7054 7080 26
7065 7112 202
7088 7132 153
7093 7121 244
7105 7135 168
7112 7135 282
7118 7146 224
7133 7147 177
7136 7138 133
7155 7173 184
7163 7201 234
7186 7199 35
7195 7197 131
7221 7268 154
7229 7279 3
7242 7283 56
7261 7287 107
7277 7323 144
7278 7319 224
7300 7326 184
7305 7353 162
7327 7370 285
7345 7387 18
7352 7367 235
7373 7413 119
7385 7401 178
7400 7437 94
7411 7446 188
7433 7465 196
7439 7461 84
7454 7463 26
7472 7496 35
7487 7493 67
7515 7557 18
7516 7538 207
7525 7536 93
7538 7584 130
7564 7614 152
7588 7609 90
7593 7624 125
