500
27 54 103
34 55 164
63 105 223
90 127 267
104 146 68
107 154 279
122 150 18
124 174 178
131 132 132
153 158 271
156 158 129
182 208 258
211 232 30
225 275 23
228 257 272
231 262 91
260 266 272
268 284 296
291 297 210
303 310 152
326 332 208
338 387 275
343 365 189
346 381 279
347 352 14
353 391 165
379 395 262
396 403 295
400 427 296
414 416 50
419 440 36
439 477 53
451 475 43
473 500 251
498 519 173
510 511 262
528 531 99
545 588 94
560 568 58
585 610 152
593 632 246
594 606 268
598 643 9
626 659 118
626 634 23
644 664 166
644 670 76
669 685 173
677 680 56
681 731 176
691 707 281
707 741 139
721 758 196
727 729 256
757 784 193
759 792 144
770 801 184
790 805 120
817 853 120
837 844 52
846 896 86
846 876 65
862 871 32
863 864 32
882 917 277
904 954 187
934 978 60
961 990 150
967 984 5
986 1018 30
991 1015 226
1012 1028 216
1032 1046 244
1061 1103 275
1064 1108 1
1078 1094 57
1089 1109 46
1116 1133 226
1128 1136 299
1128 1141 264
1145 1177 230
1172 1197 298
1185 1220 224
1197 1199 167
1206 1234 99
1232 1258 29
1247 1248 35
1250 1270 121
1257 1274 13
1276 1283 45
1302 1311 171
1314 1329 44
1337 1384 33
1343 1386 68
1354 1372 180
1368 1382 195
1381 1394 132
1391 1413 77
1407 1455 119
1415 1420 108
1439 1461 55
1459 1506 67
1461 1486 276
1484 1509 89
1488 1525 87
1511 1529 38
1512 1556 204
1526 1549 286
1554 1593 204
1578 1589 85
1588 1638 103
1609 1643 176
1623 1660 28
1640 1683 296
1647 1662 77
1650 1693 124
1656 1676 195
1659 1664 172
1659 1695 30
1679 1707 33
1686 1696 262
1689 1706 297
1719 1728 134
1741 1781 274
1754 1770 210
1769 1815 172
1783 1792 260
1809 1847 205
1813 1834 71
1825 1849 43
1839 1887 87
1849 1894 10
1868 1891 5
1881 1891 227
1902 1905 280
1916 1927 168
1924 1935 207
1943 1975 21
1946 1947 180
1976 1980 109
2005 2030 61
2029 2037 51
2048 2073 124
2071 2093 185
2088 2101 259
2106 2131 152
2114 2149 295
2121 2129 276
2146 2192 48
2153 2186 113
2173 2190 171
2195 2206 243
2205 2207 262
2217 2234 187
2241 2281 55
2267 2292 39
2269 2314 97
2288 2303 207
2290 2298 13
2311 2345 277
2325 2361 224
2334 2359 121
2363 2390 2
2382 2410 248
2394 2407 140
2398 2429 184
2401 2419 254
2430 2452 162
2451 2488 219
2472 2499 49
2482 2488 32
2483 2516 38
2484 2529 241
2488 2521 253
2500 2533 194
2520 2569 282
2536 2584 228
2561 2564 31
2569 2577 270
2576 2601 173
2585 2635 267
2612 2655 131
2642 2672 139
2668 2684 175
2668 2688 127
2670 2682 234
2687 2714 138
2709 2730 255
2724 2749 169
2744 2767 223
2769 2809 208
2770 2782 150
2784 2790 175
2797 2817 267
2808 2823 83
2818 2835 72
2845 2847 219
2868 2883 234
2896 2897 49
2902 2950 29
2922 2965 157
2938 2957 215
2940 2961 269
2948 2966 300
2977 2991 246
2982 3022 26
3006 3020 1
3019 3023 5
3032 3077 108
3062 3079 87
3082 3107 120
3101 3121 4
3115 3136 270
3142 3160 138
3143 3181 157
3146 3186 61
3175 3193 95
3182 3228 207
3211 3251 72
3230 3246 238
3249 3258 211
3273 3304 188
3296 3297 251
3303 3339 147
3312 3344 208
3342 3351 38
3349 3392 277
3367 3396 36
3370 3383 194
3383 3421 258
3396 3420 88
3401 3431 231
3426 3472 233
3437 3483 56
3465 3496 240
3495 3498 166
3515 3564 263
3534 3566 84
3538 3549 205
3541 3562 73
3570 3572 25
3600 3643 12
3628 3642 48
3639 3651 115
3654 3688 60
3667 3683 158
3682 3713 57
3708 3755 40
3721 3753 49
3747 3797 97
3772 3801 123
3781 3795 247
3790 3827 93
3813 3828 39
3814 3853 144
3825 3841 97
3842 3853 3
3867 3870 138
3880 3903 116
3910 3913 218
3913 3937 256
3924 3940 77
3940 3976 202
3949 3972 82
3957 3975 111
3960 3972 223
3966 3974 239
3973 3978 110
3980 3995 4
3980 4009 119
3984 4004 34
4000 4011 162
4012 4030 128
4033 4062 292
4058 4095 50
4082 4090 217
4089 4130 88
4103 4112 141
4103 4126 172
4117 4162 89
4133 4170 171
4152 4191 78
4162 4203 72
4174 4221 194
4178 4192 274
4195 4241 96
4201 4226 275
4229 4250 26
4238 4268 72
4259 4289 118
4278 4291 153
4306 4308 26
4319 4336 26
4328 4351 55
4351 4401 69
4364 4380 42
4387 4399 34
4388 4396 287
4391 4408 48
4405 4414 166
4425 4457 93
4430 4478 271
4451 4489 43
4481 4499 246
4504 4521 51
4517 4552 90
4544 4560 167
4566 4573 42
4591 4635 171
4598 4643 281
4625 4642 291
4630 4666 249
4651 4657 182
4678 4709 128
4697 4717 104
4705 4707 127
4716 4721 145
4737 4778 63
4753 4773 172
4759 4768 107
4768 4791 56
4786 4810 54
4787 4798 83
4793 4802 264
4810 4814 272
4822 4824 95
4840 4865 172
4842 4868 239
4842 4873 18
4853 4888 196
4872 4917 62
4882 4930 37
4910 4950 198
4935 4985 287
4938 4963 212
4962 4981 224
4991 5007 60
5002 5049 100
5031 5059 162
5042 5055 254
5046 5076 203
5061 5069 66
5062 5071 267
5087 5128 173
5089 5125 294
5108 5131 10
5112 5131 124
5121 5131 182
5151 5196 16
5180 5210 297
5207 5245 62
5229 5270 222
5233 5264 161
5260 5301 36
5283 5323 193
5306 5314 1
5332 5358 163
5362 5392 43
5367 5373 41
5386 5424 208
5407 5415 73
5425 5454 151
5444 5471 82
5453 5484 175
5481 5494 99
5494 5528 121
5523 5566 53
5551 5590 134
5552 5575 224
5557 5596 54
5557 5600 116
5567 5579 3
5593 5623 133
5602 5639 71
5623 5657 190
5631 5667 131
5656 5671 156
5658 5681 70
5675 5701 154
5686 5710 211
5692 5741 30
5721 5728 80
5748 5782 64
5755 5802 285
5778 5824 293
5805 5813 149
5823 5825 165
5846 5862 105
5862 5904 253
5876 5920 68
5885 5928 2
5895 5943 16
5919 5925 199
5922 5946 12
5925 5937 205
5950 5962 124
5970 6011 287
5995 6017 75
6019 6050 225
6039 6089 296
6050 6082 286
6053 6055 171
6077 6100 37
6101 6144 98
6101 6147 42
6101 6113 86
6129 6142 200
6134 6159 57
6147 6148 59
6174 6185 50
6191 6239 15
6194 6226 216
6202 6216 240
6215 6258 133
6231 6265 169
6237 6262 137
6255 6265 27
6274 6304 82
6278 6283 162
6306 6331 81
6326 6359 227
6345 6391 237
6371 6392 252
6374 6411 80
6384 6433 52
6390 6393 215
6405 6455 44
6424 6448 212
6451 6493 72
6457 6491 149
6468 6509 285
6495 6536 252
6514 6560 299
6521 6566 175
6530 6555 283
6540 6571 272
6540 6590 100
6553 6582 8
6563 6568 257
6571 6601 213
6574 6580 105
6593 6607 29
6606 6620 188
6630 6656 84
6648 6650 267
6677 6700 200
6687 6735 191
6707 6713 68
6728 6775 137
6754 6783 229
6779 6795 111
6781 6795 154
6801 6811 74
6808 6824 200
6824 6857 146
6840 6861 276
6844 6863 55
6851 6867 279
6861 6906 92
6884 6922 188
6912 6945 151
6913 6934 158
6931 6957 264
6933 6941 234
6948 6964 130
6967 6992 269
6982 6983 256
7012 7059 208
7025 7071 62
7025 7042 113
7050 7054 190
7054 7067 159
7079 7087 207
7092 7139 29
7108 7109 203
7115 7119 251
7142 7161 269
7160 7168 295
7169 7189 14
7182 7194 96
7200 7236 216
7209 7234 180
7225 7233 269
7245 7288 242
7250 7272 292
7262 7283 150
7265 7299 24
7291 7294 290
7292 7326 174
7307 7335 273
7336 7379 95
7347 7355 66
7371 7393 247
7400 7408 20
7417 7462 23
7426 7444 118
7430 7458 162
7448 7470 200
7461 7478 239
7469 7471 88
