500
5 40 163
9 47 65
32 33 86
57 70 2
76 81 22
106 135 265
131 169 92
155 204 297
171 213 282
192 207 249
211 238 131
241 245 149
269 273 181
276 290 274
294 300 279
313 358 259
313 345 141
340 369 256
350 366 56
355 364 56
376 381 116
405 455 96
427 454 40
436 437 165
443 453 90
446 481 27
475 498 61
488 500 278
501 505 31
519 556 287
544 587 163
550 569 221
566 614 251
593 602 61
599 641 265
614 636 288
627 665 289
648 681 191
653 662 63
676 711 293
693 694 140
709 732 228
730 776 297
750 787 100
773 789 126
790 816 52
800 807 218
828 866 55
850 886 262
865 883 112
865 908 43
895 898 255
913 932 13
918 961 258
918 942 164
941 987 255
949 974 182
953 954 248
970 983 45
1000 1049 224
1025 1044 208
1043 1076 134
1054 1066 44
1066 1106 222
1092 1133 282
1113 1114 23
1138 1151 226
1155 1171 164
1183 1223 288
1183 1230 120
1188 1195 74
1217 1261 42
1242 1264 286
1260 1270 55
1280 1322 57
1300 1322 189
1310 1349 270
1321 1336 196
1321 1348 187
1329 1379 285
1334 1379 207
1345 1354 186
1349 1391 156
1370 1416 194
1392 1442 93
1421 1427 138
1451 1454 156
1454 1486 261
1474 1498 58
1487 1489 89
1502 1547 34
1515 1544 15
1525 1550 286
1534 1536 111
1545 1592 132
1563 1573 164
1577 1614 33
1605 1616 280
1615 1641 163
1644 1663 165
1667 1669 282
1674 1713 75
1675 1706 100
1679 1697 266
1687 1719 277
1702 1746 90
1705 1721 211
1707 1755 235
1709 1745 159
1724 1766 2
1736 1780 172
1758 1806 116
1778 1781 98
1783 1832 176
1794 1844 116
1796 1818 157
1800 1815 53
1811 1828 250
1812 1849 157
1840 1868 211
1857 1870 299
1861 1879 289
1863 1910 62
1886 1934 69
1889 1906 89
1913 1929 85
1927 1946 88
1948 1973 85
1950 1999 223
1979 1985 137
1981 1997 198
1990 2013 274
1995 2039 286
2021 2067 241
2033 2060 154
2055 2093 74
2061 2088 192
2082 2107 26
2109 2112 208
2112 2146 278
2118 2162 14
2123 2166 155
2133 2165 281
2140 2186 112
2167 2194 298
2189 2236 61
2211 2220 255
2229 2241 275
2247 2282 260
2248 2296 251
2257 2282 209
2273 2277 42
2291 2296 133
2302 2341 34
2317 2325 164
2334 2374 143
2337 2375 7
2341 2375 22
2370 2418 57
2390 2417 41
2409 2450 248
2415 2434 46
2444 2459 252
2445 2472 289
2475 2525 49
2485 2524 263
2497 2544 209
2527 2576 176
2553 2602 46
2580 2596 96
2583 2613 219
2585 2624 146
2593 2628 79
2618 2624 217
2618 2633 63
2634 2650 28
2637 2669 298
2650 2659 285
2660 2669 212
2676 2688 104
2679 2696 240
2696 2719 115
2719 2733 183
2719 2732 137
2720 2729 300
2729 2735 275
2732 2744 72
2739 2764 212
2766 2809 190
2768 2812 171
2768 2810 292
2791 2797 300
2796 2836 115
2801 2833 51
2822 2837 172
2845 2861 94
2846 2862 187
2847 2856 223
2870 2898 59
2870 2890 193
2891 2907 260
2904 2953 233
2911 2934 87
2922 2955 261
2950 2988 143
2973 3022 156
2976 2995 84
2990 2992 4
3018 3028 88
3044 3050 264
3049 3062 26
3074 3075 256
3083 3122 215
3094 3127 60
3120 3133 146
3134 3176 120
3140 3162 255
3169 3188 103
3183 3199 221
3194 3227 161
3211 3216 86
3222 3270 168
3225 3242 273
3231 3275 179
3250 3299 273
3257 3275 134
3273 3308 197
3284 3306 33
3302 3339 261
3328 3372 175
3332 3366 62
3351 3394 59
3375 3385 89
3403 3442 48
3414 3436 41
3427 3462 257
3437 3447 222
3459 3490 178
3478 3490 45
3508 3554 180
3529 3541 72
3552 3585 167
3578 3596 11
3584 3586 72
3601 3614 161
3619 3667 140
3643 3665 107
3667 3686 253
3676 3716 299
3692 3721 60
3700 3710 83
3713 3739 26
3738 3776 50
3749 3753 38
3761 3796 246
3767 3796 148
3796 3808 1
3811 3833 87
3828 3833 176
3857 3872 42
3862 3873 166
3886 3899 93
3893 3908 162
3893 3937 247
3899 3930 69
3920 3949 181
3946 3964 176
3972 4011 108
4000 4025 153
4005 4012 86
4006 4018 255
4032 4068 129
4049 4053 210
4059 4069 124
4085 4110 56
4099 4147 185
4116 4135 91
4129 4146 37
4134 4174 282
4154 4168 193
4173 4210 59
4194 4208 261
4205 4211 239
4230 4238 63
4232 4246 14
4256 4275 167
4278 4322 95
4279 4301 100
4287 4306 274
4307 4327 181
4325 4350 252
4334 4360 38
4359 4402 255
4388 4417 171
4418 4440 114
4446 4454 206
4461 4463 283
4487 4523 123
4516 4550 239
4541 4543 291
4552 4569 87
4566 4593 188
4575 4580 77
4604 4636 42
4622 4627 139
4643 4666 286
4649 4656 102
4678 4699 47
4700 4742 31
4720 4763 171
4742 4780 183
4758 4759 149
4760 4770 180
4783 4787 135
4792 4812 276
4799 4848 204
4825 4828 229
4848 4878 247
4857 4886 180
4870 4911 48
4887 4923 10
4887 4914 53
4889 4918 151
4889 4939 239
4913 4915 134
4918 4937 172
4933 4983 178
4962 4970 81
4966 4992 277
4980 4995 268
5003 5036 138
5026 5072 143
5031 5048 112
5037 5065 170
5063 5079 264
5086 5106 116
5102 5108 270
5113 5150 225
5133 5134 33
5156 5204 29
5176 5205 114
5183 5188 209
5188 5218 180
5206 5237 43
5233 5253 247
5251 5257 128
5255 5281 120
5269 5319 127
5298 5336 101
5302 5307 114
5325 5341 239
5342 5375 159
5363 5398 300
5390 5425 236
5403 5405 48
5426 5427 264
5450 5488 229
5464 5479 201
5485 5524 219
5485 5495 265
5505 5549 2
5519 5521 156
5519 5555 8
5536 5581 219
5566 5583 196
5593 5640 184
5599 5611 16
5629 5657 184
5639 5645 297
5647 5695 270
5664 5706 43
5685 5726 290
5713 5716 96
5713 5717 107
5726 5746 128
5742 5790 94
5757 5780 215
5763 5778 144
5774 5779 6
5799 5807 138
5818 5821 281
5842 5853 229
5864 5909 120
5872 5899 48
5894 5932 276
5921 5964 288
5948 5992 7
5972 5975 215
5986 6029 248
6004 6012 266
6017 6067 128
6040 6068 113
6056 6101 29
6085 6090 11
6114 6142 128
6119 6128 94
6135 6173 208
6142 6145 286
6156 6203 191
6177 6200 24
6207 6215 81
6210 6215 190
6224 6245 276
6238 6284 274
6268 6285 118
6281 6327 274
6282 6288 88
6282 6293 68
6288 6311 29
6288 6295 146
6308 6324 243
6322 6353 144
6338 6365 120
6365 6396 30
6376 6380 54
6396 6427 276
6422 6470 15
6452 6489 194
6464 6490 213
6494 6530 173
6516 6531 131
6523 6562 293
6526 6568 139
6543 6592 275
6565 6568 261
6576 6587 202
6595 6631 3
6599 6631 12
6606 6621 131
6633 6681 210
6644 6694 40
6651 6671 127
6678 6728 232
6692 6713 161
6702 6703 213
6703 6728 216
6725 6752 248
6744 6785 145
6764 6768 199
6767 6816 92
6791 6801 240
6819 6828 119
6849 6873 85
6877 6886 61
6885 6913 137
6890 6930 276
6898 6939 207
6914 6952 23
6917 6926 154
6947 6968 69
6972 6976 146
6985 7000 250
6999 7032 104
7011 7012 20
7019 7067 250
7032 7072 267
7061 7071 147
7086 7133 106
7087 7126 24
7103 7107 164
7132 7166 26
7140 7184 277
7154 7204 106
7180 7184 277
7195 7221 117
7218 7222 259
7229 7238 220
7241 7272 285
7250 7274 123
7267 7309 37
7267 7302 247
7294 7323 174
7310 7357 78
7339 7354 226
7357 7388 62
7363 7386 180
7382 7424 27
7398 7424 235
7398 7425 10
7422 7466 102
7452 7460 276
7473 7499 8
7474 7494 265
7480 7525 7
7498 7499 88
7505 7539 178
7507 7554 299
7507 7513 171
7533 7538 21
7559 7570 293
7559 7572 54
7574 7614 203
7598 7626 84
7604 7610 1
7612 7629 193
7615 7647 114
7639 7645 1
7641 7656 212
7664 7685 201
7676 7680 277
