500
18 33 75
35 83 1
65 102 65
67 75 58
86 111 289
112 151 271
128 162 293
132 151 212
142 156 296
163 195 158
168 189 52
174 209 183
182 183 280
207 248 38
209 256 197
236 239 22
264 307 71
276 317 222
297 339 141
311 314 244
327 370 134
342 348 281
366 408 251
368 391 243
385 396 293
391 399 66
399 419 93
427 435 31
438 449 98
458 479 297
461 503 288
469 508 253
484 486 265
513 534 35
530 547 267
559 569 284
565 592 113
568 609 236
587 614 252
603 619 144
604 639 122
620 661 82
625 642 113
653 671 143
664 700 147
671 719 46
681 685 211
703 705 272
713 715 230
730 766 99
739 748 215
747 774 142
756 792 27
773 798 131
801 802 84
807 845 192
830 873 2
858 899 281
878 925 285
887 900 90
915 960 74
933 956 287
952 981 86
974 978 106
995 996 124
1000 1016 66
1008 1054 45
1032 1082 172
1055 1063 228
1085 1125 201
1100 1138 285
1127 1143 179
1152 1192 122
1175 1225 17
1180 1202 67
1194 1207 14
1210 1235 81
1218 1253 240
1240 1272 102
1245 1258 76
1273 1313 36
1273 1318 14
1286 1312 258
1294 1322 60
1305 1353 249
1320 1368 196
1341 1367 102
1344 1384 281
1362 1373 276
1363 1403 213
1364 1387 88
1379 1390 31
1403 1445 155
1414 1418 190
1420 1422 216
1427 1441 126
1453 1469 133
1483 1517 157
1508 1547 107
1529 1579 184
1529 1564 30
1538 1553 288
1549 1589 258
1557 1594 153
1573 1602 29
1601 1636 164
1618 1626 43
1619 1624 158
1636 1642 130
1653 1689 195
1666 1694 227
1671 1674 176
1673 1699 38
1683 1687 183
1712 1724 155
1713 1716 113
1716 1736 122
1728 1776 135
1749 1775 11
1776 1818 300
1789 1810 163
1810 1858 136
1815 1842 280
1827 1831 47
1853 1903 291
1857 1868 52
1869 1884 240
1879 1911 189
1892 1904 179
1916 1940 237
1943 1959 151
1967 1968 170
1997 2025 201
2002 2036 150
2028 2043 248
2028 2070 253
2044 2079 298
2063 2072 139
2070 2090 236
2074 2088 99
2081 2117 164
2083 2133 300
2100 2124 143
2128 2166 24
2141 2163 231
2156 2192 165
2176 2225 220
2198 2206 215
2203 2216 102
2205 2208 77
2215 2251 242
2237 2267 80
2264 2294 173
2291 2320 30
2306 2327 28
2319 2332 212
2335 2356 202
2355 2383 113
2358 2387 257
2376 2391 14
2377 2396 293
2405 2451 204
2434 2451 25
2447 2483 42
2448 2449 39
2468 2501 30
2498 2520 289
2521 2529 278
2545 2548 268
2575 2588 239
2583 2622 18
2596 2619 143
2625 2630 35
2637 2666 253
2657 2684 256
2665 2683 244
2675 2722 73
2681 2711 262
2704 2730 284
2730 2761 73
2734 2780 263
2740 2748 299
2745 2785 298
2750 2792 23
2772 2819 17
2797 2805 230
2807 2846 147
2811 2844 48
2839 2851 280
2862 2894 202
2891 2933 84
2909 2922 247
2913 2914 115
2918 2949 111
2945 2970 196
2952 2978 140
2959 2969 197
2979 2990 156
2979 3013 294
2981 3015 20
3002 3003 142
3016 3057 70
3033 3069 116
3039 3073 291
3065 3112 176
3074 3106 5
3082 3125 61
3103 3138 151
3130 3174 237
3138 3140 84
3153 3195 83
3168 3205 40
3194 3230 244
3196 3222 128
3201 3234 135
3212 3228 41
3242 3285 274
3264 3272 220
3292 3305 30
3302 3326 114
3321 3332 162
3327 3331 8
3338 3376 48
3363 3410 139
3393 3426 228
3405 3455 228
3431 3442 133
3454 3500 22
3471 3482 252
3485 3510 208
3510 3527 240
3532 3551 27
3537 3574 38
3559 3605 24
3575 3610 186
3598 3648 150
3604 3648 155
3617 3662 288
3626 3643 154
3632 3661 7
3642 3649 262
3650 3681 197
3674 3683 38
3696 3727 30
3700 3739 215
3730 3757 115
3738 3772 171
3743 3748 223
3765 3807 93
3785 3822 150
3813 3831 74
3835 3867 225
3846 3848 217
3855 3878 54
3860 3872 148
3880 3908 17
3896 3935 193
3926 3965 5
3933 3981 186
3938 3961 163
3950 3988 251
3955 3971 89
3958 4008 244
3983 3986 56
3992 4027 200
4001 4007 238
4006 4007 214
4009 4014 111
4020 4033 105
4042 4083 294
4058 4091 91
4083 4115 273
4089 4095 38
4098 4148 173
4104 4141 175
4133 4169 51
4161 4177 182
4186 4190 273
4204 4211 261
4211 4254 188
4229 4248 25
4230 4251 46
4249 4283 115
4266 4280 266
4274 4310 266
4286 4305 253
4294 4324 17
4320 4322 197
4332 4359 273
4346 4386 300
4369 4378 218
4392 4412 285
4402 4422 16
4430 4463 77
4451 4470 118
4479 4495 245
4479 4494 298
4506 4531 104
4524 4546 283
4543 4546 182
4556 4591 158
4575 4591 60
4577 4602 29
4580 4625 29
4594 4612 180
4608 4645 139
4620 4664 269
4633 4653 8
4656 4676 291
4675 4692 10
4688 4701 280
4706 4723 34
4731 4773 5
4737 4782 253
4744 4788 247
4749 4752 231
4774 4816 259
4791 4824 195
4812 4853 209
4832 4845 191
4844 4886 164
4853 4857 295
4854 4879 16
4860 4862 176
4876 4881 50
4878 4908 227
4907 4929 17
4927 4967 33
4937 4954 271
4953 4979 289
4967 5015 196
4973 5004 26
4995 5012 284
5011 5032 18
5022 5064 241
5031 5062 18
5046 5091 171
5066 5090 202
5078 5106 284
5101 5121 98
5128 5141 140
5151 5174 11
5174 5202 96
5195 5219 85
5211 5216 17
5220 5240 146
5248 5279 167
5248 5261 11
5255 5283 130
5282 5308 136
5303 5332 154
5313 5332 235
5342 5364 254
5361 5393 173
5365 5374 63
5379 5404 97
5396 5404 63
5407 5454 104
5414 5458 110
5429 5445 115
5454 5470 168
5468 5499 151
5494 5503 290
5521 5532 72
5530 5575 282
5546 5578 203
5556 5577 75
5572 5604 79
5581 5585 57
5584 5598 113
5605 5625 221
5616 5666 292
5626 5653 179
5636 5671 121
5642 5643 251
5670 5709 218
5681 5697 83
5689 5707 267
5711 5754 77
5725 5734 245
5728 5755 233
5739 5740 299
5740 5741 179
5766 5807 62
5767 5796 150
5787 5836 56
5804 5814 10
5821 5836 94
5846 5866 78
5853 5883 299
5877 5891 101
5878 5892 2
5879 5881 139
5887 5916 9
5899 5937 230
5923 5933 245
5951 5980 234
5957 5961 260
5971 5976 229
5984 6009 135
5997 6023 12
6026 6056 265
6052 6100 271
6072 6107 247
6096 6123 263
6121 6134 264
6134 6168 212
6154 6176 29
6184 6218 5
6198 6248 174
6222 6242 253
6249 6295 299
6254 6299 201
6258 6262 81
6282 6295 147
6291 6297 105
6317 6363 276
6317 6365 80
6344 6375 69
6362 6383 18
6377 6407 42
6395 6433 271
6400 6416 137
6422 6472 26
6423 6467 284
6436 6437 3
6457 6505 3
6464 6500 52
6480 6507 131
6493 6506 201
6521 6551 268
6547 6549 195
6550 6591 84
6567 6584 297
6571 6576 156
6598 6616 136
6625 6642 245
6628 6651 106
6653 6677 104
6653 6676 50
6664 6688 13
6694 6707 242
6713 6753 23
6714 6739 87
6739 6754 222
6740 6780 34
6758 6792 42
6777 6823 118
6788 6820 3
6818 6863 152
6829 6859 177
6844 6847 204
6857 6878 129
6885 6914 283
6889 6914 108
6918 6966 80
6931 6975 185
6951 6998 118
6980 6984 194
7008 7010 266
7038 7055 105
7065 7092 287
7095 7145 268
7112 7156 119
7122 7154 260
7146 7189 272
7146 7155 272
7147 7159 97
7170 7190 201
7198 7220 215
7214 7215 84
7242 7251 216
7244 7268 278
7255 7293 109
7263 7278 136
7283 7326 135
7301 7350 62
7315 7344 12
7338 7363 187
7366 7401 201
7396 7421 266
7424 7465 144
7429 7464 34
7429 7432 298
7456 7467 79
7456 7469 215
7470 7475 32
7473 7516 250
7500 7537 76
7523 7546 265
7527 7575 153
7556 7590 140
7564 7604 85
7586 7625 118
7611 7628 103
7624 7652 121
7644 7656 199
7664 7713 191
7678 7691 300
7700 7743 19
