5000
1162 628
1101 21
1568 1640
1636 834
163 1003
1257 1943
1079 549
1683 1573
1740 839
298 525
335 782
1663 513
647 533
100 1543
412 283
849 103
66 999
97 1149
1577 1921
967 1406
1951 1266
1510 1535
1653 1770
881 1315
1544 1893
1227 1452
38 1479
1663 1882
46 1030
1630 1620
1926 335
1037 1308
56 200
183 911
245 1534
1470 892
1247 411
1522 588
686 1793
1847 732
1051 1343
413 1508
1300 1001
587 1852
690 1788
279 1501
830 312
723 1537
693 1228
391 1761
701 121
1091 269
1856 579
803 281
1872 1739
1743 1295
1115 1504
1698 138
872 368
1319 847
864 461
442 595
1575 1608
949 925
1448 1114
409 1004
1714 65
1073 134
1519 579
367 1126
1566 377
959 62
335 1927
974 694
852 649
649 1594
1324 1728
1478 1943
1585 463
418 613
966 1559
1148 608
1542 909
723 1558
434 186
1479 1788
1483 1899
1779 1391
221 769
531 1363
1879 1821
647 257
850 266
1667 693
1749 1973
1912 1931
862 595
983 1287
1454 1983
618 7
794 1649
1311 517
1355 822
1238 1525
1844 1084
1375 76
855 1373
952 1815
1270 1147
199 1364
123 1664
535 1706
1366 1591
266 1457
1233 1443
991 955
1898 1363
1960 104
558 310
1022 985
1470 739
1799 1723
1032 12
433 37
55 679
796 1527
866 345
1349 1484
1948 585
1917 755
1402 1783
728 835
172 271
609 1975
299 474
1744 1059
1868 1990
807 717
974 405
1805 201
280 1385
950 1262
1459 372
186 453
1782 1753
180 23
1104 785
335 1615
1767 1083
980 1427
1740 1071
1110 557
1923 1561
389 582
1462 75
968 855
1133 278
1314 1052
732 26
1742 896
336 891
1954 583
1698 1691
1818 1597
1700 356
1992 429
1699 1949
1725 577
1253 1062
851 1618
64 1007
1110 1710
1482 1731
1388 318
1122 26
1779 1417
1186 366
1351 1173
167 1881
747 88
984 1659
1744 1095
1552 1567
221 983
355 1969
59 760
1755 1066
441 1444
843 1865
1462 341
1867 868
1104 152
189 1722
1559 1288
849 1410
606 1844
1925 1534
857 441
739 236
1472 878
434 1657
295 1960
1678 1728
1084 1215
399 360
1673 246
307 1074
709 238
1295 1785
1735 1704
435 1151
894 1593
87 1202
1430 982
1985 1116
1700 1057
772 1661
1797 656
584 1310
374 1236
1787 114
622 1522
839 1361
87 413
1186 1419
11 1774
16 306
195 703
1792 84
347 1304
743 882
1229 881
1185 1354
1907 831
1716 706
357 623
936 567
1597 1329
1556 1454
133 1282
296 202
1150 1867
1094 1799
496 670
1703 1355
1430 896
1183 482
690 766
1546 918
311 782
567 790
852 377
1312 927
456 554
417 1073
234 7
1398 1145
1417 850
1532 926
666 213
1287 1383
1419 1677
636 1014
1460 219
769 1683
545 181
679 259
518 467
639 509
385 966
909 1858
1965 1285
1832 1655
150 85
1601 1229
1074 1888
1295 266
1228 334
1767 1971
1508 1758
145 245
63 569
1150 449
855 1976
1477 60
1407 768
1131 1520
1113 1244
814 1355
1299 1248
1345 1527
1760 1181
1581 479
1934 1137
1387 1875
1715 440
692 1902
183 1746
1676 1757
968 894
403 1968
527 160
1935 1797
58 747
1870 1500
1002 111
1870 1372
1624 1159
798 1374
735 1086
551 1662
1187 804
103 232
1521 40
434 1153
689 233
1691 1136
609 416
1315 750
457 1312
1737 73
971 1264
1395 155
1221 1589
308 1365
1038 274
1552 1028
1743 910
325 1659
701 647
873 733
1322 505
1377 1204
1861 1130
697 139
386 184
1954 884
489 1665
67 407
1224 692
1485 1737
1598 1459
1703 737
1701 509
8 1758
960 554
1601 1012
1871 1338
1668 74
624 1366
1849 191
1101 1314
501 1333
1249 369
1841 179
1951 1698
475 843
768 3
1048 83
1131 1712
1084 1748
1393 462
854 643
87 518
1029 1448
966 648
270 159
1173 462
186 184
806 363
80 1592
1610 1429
185 1753
1496 548
593 1490
656 530
241 1668
1587 1315
676 503
1847 1
1182 1373
997 1986
1413 1585
170 215
741 372
680 581
1992 1440
611 394
1558 1213
1916 786
639 1312
1851 912
1629 435
711 152
1310 1131
85 953
1162 732
107 536
1234 1948
49 1328
1636 1545
398 329
1809 1222
416 760
1971 1616
1463 827
1381 690
587 1171
967 974
934 1646
1579 288
584 1526
327 912
121 1445
1235 998
1634 1739
235 105
556 650
1704 510
1033 1011
935 1431
1788 1456
357 885
120 1637
1816 1312
1163 973
6 1409
1989 13
1298 65
1204 1192
409 1387
581 818
1453 725
1416 1464
764 73
1096 629
1283 959
214 1564
768 1553
286 752
326 60
442 326
857 1942
1317 837
1634 945
1487 268
1107 862
773 1551
706 683
553 1430
1012 1106
1550 512
213 815
426 881
71 708
555 149
68 73
566 221
1796 293
597 984
151 453
1133 242
848 170
465 275
1209 1537
808 897
1885 1288
1088 1985
378 1371
1062 1144
946 1910
77 1612
508 1333
1967 577
1293 1250
976 307
575 1552
862 1174
1933 579
1342 1789
1526 23
1107 1886
1463 826
392 1726
1950 1378
1454 1321
753 740
1581 267
1246 1
153 1599
1884 24
175 1839
1465 964
484 1796
409 1149
664 1556
409 1535
1645 1507
855 1047
1468 651
1081 485
1306 1276
773 1650
1291 558
1120 1445
214 893
368 1280
284 819
1439 1506
889 1604
890 156
1264 1654
1302 262
445 787
1749 1359
1009 1343
434 1298
1700 583
186 958
1169 0
1880 809
839 1036
1394 146
1349 449
1733 1347
238 1905
947 1313
1985 1185
1065 963
1031 632
1828 1085
1414 312
1782 645
389 1810
1500 253
1904 135
1053 380
1503 98
1884 16
1865 1060
1056 1457
405 1468
1867 211
1376 449
807 757
463 1435
726 1116
1909 10
448 1003
1813 1750
295 716
764 907
1630 1257
1557 935
1425 1378
1183 79
19 178
539 822
1366 193
426 376
1823 456
1078 1160
34 527
1817 705
1464 1452
331 1694
1552 1506
473 1912
528 1586
980 1499
83 395
655 1674
263 716
113 652
973 1860
789 1980
82 1812
1745 1918
82 1683
837 1255
567 649
628 1742
1942 157
1015 1412
878 970
1191 1935
108 1525
1595 146
808 963
92 1
1706 0
793 364
496 942
241 525
1260 337
1952 810
1218 166
1045 1796
849 785
1074 795
39 1657
451 1242
920 1357
463 1335
1388 241
1674 1066
752 1692
1095 997
1896 647
280 1458
1879 1630
1354 1969
1226 1886
1398 1838
1812 1762
1350 1614
1503 145
1636 1470
872 325
1680 978
1495 1587
1456 1783
563 1817
1873 854
956 1434
1121 234
178 1410
536 810
1694 727
853 1946
1164 799
933 537
794 1998
1146 944
1464 1507
1622 1813
1740 1920
1520 1449
1616 1079
319 1751
235 170
738 1678
1727 691
1122 1470
1834 996
96 17
422 357
1665 1984
296 907
1567 207
1927 1680
1154 327
676 340
221 1858
299 1330
1903 755
501 317
1084 1915
382 1890
752 1509
40 1230
1034 1039
107 1029
1698 776
30 935
1802 1837
1782 53
317 363
1909 1923
769 1379
265 1988
451 226
1352 1278
116 1895
262 553
721 1307
1592 1500
1168 984
531 584
1058 8
1468 751
1977 930
262 438
258 898
1184 821
123 913
636 742
1669 1444
1059 906
1176 309
584 1797
108 1995
579 1572
1005 736
335 122
887 378
1394 1961
14 1009
1419 1032
1173 1342
800 770
128 1353
810 110
1144 1424
493 1974
530 1429
290 1517
1996 895
1367 100
424 729
1009 726
462 1264
1018 1268
1434 749
1909 543
314 107
1466 744
1229 1479
1186 1342
1343 69
1012 700
449 1101
1793 621
1896 1807
740 485
1785 246
1550 1448
469 441
1013 500
663 995
1339 1974
2000 1893
1512 1987
1182 782
1112 1282
1705 842
175 1516
1282 393
1850 499
306 371
412 1716
1613 1980
1033 667
187 763
571 1779
1744 1481
1730 1102
1184 1524
852 476
267 801
207 1757
1972 847
809 1230
168 1907
782 1370
1304 74
645 1725
47 1039
800 1259
1650 1810
963 1972
1489 715
714 226
334 837
1134 1537
1577 614
549 1043
750 1463
470 1356
451 641
1688 653
1263 1635
813 1112
958 1701
172 1877
629 1329
1892 1440
1323 751
1779 1645
961 337
1060 759
1642 458
1877 1056
636 1005
885 1638
1181 383
591 1722
671 1143
1340 847
1083 1228
1828 138
1311 688
1554 1403
62 10
1897 385
1872 925
173 1727
1991 1115
1213 364
1213 1860
357 1239
430 147
644 1488
804 928
1296 584
1710 1281
611 700
1218 29
1158 564
637 1711
875 786
1327 1105
1867 976
1944 859
40 513
679 1155
1227 1453
334 271
563 1653
910 8
342 1532
1724 771
1094 1903
292 177
1833 613
384 1364
32 582
1221 672
505 454
618 1416
1750 1499
1273 149
1929 1540
1926 1212
1338 509
788 1569
1020 1727
397 521
1867 1932
1623 279
919 1562
1109 1875
323 1084
506 1184
18 13
489 1069
439 1875
1432 1671
665 1437
1277 674
434 354
1036 321
1011 1592
1895 1758
1204 1821
924 1821
1530 27
1548 868
1849 346
37 737
837 5
1547 1329
899 1913
1160 1915
96 484
1989 1865
1927 1259
26 1105
306 747
1916 1396
1520 667
323 392
1032 782
1378 552
1344 556
674 632
1712 602
1232 1433
1270 1047
1811 74
1979 1034
1633 324
1244 1264
1743 472
1557 1061
1183 1068
1255 967
717 1171
853 1201
468 1134
1850 150
1611 757
6 526
1600 207
1934 570
1010 1093
1969 1696
1749 679
1874 822
461 1882
846 113
1715 362
1645 810
1121 373
768 1608
338 740
344 173
1429 1905
845 662
1668 686
1304 823
1636 162
1438 700
1722 1798
1117 1330
593 76
1413 1938
183 1660
1289 1172
1579 1028
318 346
492 1530
1673 1744
1010 484
1365 37
1240 511
1390 1893
109 336
854 234
1337 1150
1761 285
1764 1265
687 538
766 813
987 1468
560 867
168 1057
1780 1670
1496 1621
1772 1455
377 1558
721 767
1812 480
302 1419
127 1924
571 688
900 1917
1387 1027
534 1482
1018 1659
36 1996
13 522
1264 1841
1170 1492
1753 1796
1310 1457
516 664
1096 1879
1931 390
1573 1099
1089 302
230 529
755 1038
914 583
730 1202
677 1259
241 1314
1320 483
227 1217
11 1217
856 296
1048 1551
43 440
31 1782
1600 822
624 822
1489 629
1751 875
848 1143
1954 998
303 1968
167 416
519 1849
27 330
1175 663
1797 725
34 1243
917 919
515 1084
1495 257
1486 1095
395 1122
1636 534
1631 1396
731 822
718 1548
1251 487
1353 1936
1360 1618
903 321
1332 599
338 219
992 468
1398 551
1999 541
465 820
1776 729
1233 650
1235 1107
182 1967
1452 571
1533 1389
1293 1565
247 1931
1005 1550
1808 304
1756 755
1578 956
1731 1774
369 1059
1838 1470
1265 647
1065 391
1643 1927
1430 267
682 1575
462 891
990 863
1855 641
949 1938
694 1898
1234 579
1689 271
1527 755
666 1275
1698 360
760 1220
1060 583
890 1755
512 1529
1922 57
492 1036
752 1619
1634 1269
990 144
1326 307
889 644
1814 598
244 1651
1882 770
972 1284
1682 1845
1177 292
1940 710
1315 1172
385 1456
1062 1371
29 1772
935 1063
1007 218
752 640
856 1360
1507 1190
1551 926
186 969
603 146
1746 718
864 749
309 900
886 237
590 1711
1533 684
1347 245
301 966
1388 1302
1800 598
1730 1116
216 671
854 1725
1852 161
970 120
1008 863
1905 1735
531 1574
80 175
968 1487
895 1852
412 1265
425 1525
1598 906
1881 624
824 417
1360 563
930 1020
327 546
653 579
1629 705
171 1497
1221 705
636 1026
1557 1128
405 848
268 29
1616 1135
86 695
635 942
1243 497
156 317
322 315
453 1472
1597 1159
1109 1361
1908 1651
499 939
1401 364
539 883
1423 745
740 592
1633 199
319 374
255 1500
746 707
1952 47
480 1705
1812 1577
659 579
10 1389
1855 1756
1452 485
1432 236
858 786
197 1003
375 1757
437 1733
1028 1992
1312 704
986 1693
919 1551
1280 100
1240 133
122 375
1984 1786
364 1916
1420 749
1070 570
182 1846
662 100
1476 325
1413 182
933 671
1178 1009
962 166
1212 827
121 843
612 1876
1433 87
744 831
285 736
687 339
1490 1297
893 598
1070 584
1270 1189
301 1467
684 497
990 947
330 1206
296 789
1501 1996
140 310
365 779
72 1112
424 282
71 1232
1888 1871
247 243
155 1461
1127 1874
984 566
1765 1419
1214 377
641 1533
518 421
1288 1875
1938 857
1636 329
204 1949
752 961
23 703
905 1733
743 58
1529 522
1509 213
857 1316
631 522
865 1656
1998 1301
504 1612
1524 1875
997 487
1968 1413
1229 533
961 800
1761 1113
1959 1990
1311 651
1581 1816
388 1415
1561 1365
1823 1566
1993 675
1348 1252
899 1420
1471 185
873 1911
944 42
621 1447
185 504
1536 291
1281 1657
1451 1279
1208 1261
300 618
311 442
605 1566
1714 1820
333 1297
737 1918
603 1459
1784 1337
1084 1902
349 545
1276 360
1864 1344
1700 100
623 46
554 328
73 518
1223 223
1299 1530
1695 273
1861 1651
1375 1802
142 1140
1132 1264
1493 478
878 1843
1279 1177
911 779
688 50
1453 1368
415 55
1410 1621
1843 247
225 1551
1502 465
1345 1632
393 1676
269 985
287 494
1751 45
984 1046
1208 1973
957 1057
345 90
1848 1378
298 969
1546 1381
235 555
1286 35
409 818
1460 153
1734 1188
1283 79
422 832
139 592
1737 1473
960 1474
438 1264
1511 1000
611 147
993 210
694 1713
149 178
1350 1704
1607 631
351 1686
541 1510
1704 1952
1121 23
419 1496
455 1719
1231 86
146 1148
815 1412
1341 1759
1518 456
405 1207
58 1970
713 1445
604 660
402 1413
189 1855
1456 205
395 1274
695 959
1191 293
1327 44
1321 897
1352 388
228 1292
197 1461
780 1914
1350 959
764 1550
1920 256
1912 180
184 1830
1098 63
1712 470
196 1580
653 1220
993 1962
26 543
1586 870
549 956
1213 764
522 1684
818 1340
19 513
1125 1755
324 1070
1042 1097
1028 1041
1018 1776
50 16
999 1168
494 507
1371 266
783 1058
194 1604
1330 329
1853 1280
1981 340
393 1593
913 1682
1933 1198
646 1027
364 490
1735 1715
730 1558
1723 724
1210 168
365 466
999 1471
863 508
1056 1429
1118 152
914 1605
1134 433
708 1368
889 1309
1940 1075
93 940
1106 1833
828 379
250 473
1151 1374
1486 1823
1484 1969
1629 790
37 1307
920 362
1024 208
397 1142
1500 1520
611 1743
1844 670
504 868
302 300
1293 587
1385 21
1624 1499
258 1753
318 919
164 1556
866 1025
1190 329
90 934
1253 672
1914 1644
426 1529
591 978
1948 1806
1403 65
781 1803
1786 1498
1998 1196
763 1003
555 109
1674 1571
1410 285
1804 271
1963 658
869 977
899 213
691 647
765 1387
62 203
497 1455
1060 666
1269 1562
1633 1972
1168 1375
1052 111
692 1499
1298 1630
604 1827
869 1031
94 341
289 1747
1434 753
1324 278
1545 1923
453 1061
1262 935
210 1775
13 359
1277 1852
36 933
1295 614
1621 988
838 408
552 1402
670 1540
11 1697
1117 692
1223 1367
631 1744
870 1492
793 1261
342 957
1762 738
1291 1317
1553 460
1019 906
977 901
176 323
1194 977
1965 551
384 798
144 575
455 1751
1863 695
1688 714
105 209
1221 1439
458 1654
188 20
1204 239
592 1866
1739 103
1239 297
1397 1130
279 876
1896 806
819 712
209 1886
2000 1
773 1784
1746 1767
60 654
1400 1352
945 1295
721 1372
897 1826
1224 846
1257 157
284 511
520 11
596 114
1494 1152
243 375
1350 882
581 1790
478 557
124 576
369 1632
922 732
388 200
178 1273
187 770
762 543
1758 344
520 367
1923 720
726 1386
847 1269
1231 1542
134 93
544 1866
721 1041
1782 1658
206 803
1688 1108
194 1192
944 1219
1534 1327
1576 1281
966 961
18 357
1024 1372
317 1156
1592 544
262 1987
1228 1644
48 160
1319 867
922 104
26 1349
718 1051
132 231
254 1973
1894 317
1315 880
1695 491
507 958
1248 1683
1698 1442
1038 1075
401 1153
812 773
1332 1079
1501 1711
346 1621
1114 1886
153 35
263 1846
472 1699
156 12
116 1029
1143 1809
1630 266
1520 115
1515 195
950 1585
1482 253
1408 1529
1384 897
466 157
888 1008
955 1593
689 1706
618 768
663 1564
1009 1761
1475 1959
18 1022
961 512
341 972
242 957
980 1223
535 1321
1830 1768
1250 469
1512 80
787 736
1878 300
106 534
345 245
8 1932
610 1633
778 981
1726 394
1427 800
1430 1663
175 1924
245 570
359 45
1480 547
1663 1313
327 1983
958 1135
390 1499
1315 1956
1359 1851
445 1777
1538 654
1916 1598
1551 1835
1489 350
1182 706
717 1762
342 864
5 1041
947 921
1595 783
562 1086
1981 130
1950 534
428 1700
848 1932
1601 415
703 279
1310 1042
1156 1546
1161 322
8 1691
83 787
546 788
615 766
12 1033
655 454
641 1333
1365 807
1124 970
1199 50
896 475
1130 1264
824 1573
1471 283
1191 116
891 1286
84 1099
1489 1399
1009 1295
990 35
824 526
1709 462
1446 1823
1636 257
32 1690
892 1156
1715 1467
1714 1572
1233 540
1634 1989
127 555
388 1493
1438 1610
1063 634
1887 1172
1981 458
146 1895
906 725
71 871
1034 596
1666 1975
1120 117
205 574
429 552
384 1011
1953 1840
865 1249
1106 1414
1684 364
1570 282
1884 896
801 357
187 62
532 914
50 1401
768 1612
426 432
178 1240
1482 947
1931 502
517 604
1655 1640
1670 427
1744 1460
675 1012
1312 1937
1512 1012
1819 1533
716 1527
1732 164
588 1104
1758 1424
1659 1821
1180 1029
1594 1207
1153 1403
1433 1913
1005 850
1408 82
749 196
369 1441
535 1490
1146 1971
1445 1553
1636 1569
1511 981
764 1851
1405 1512
1175 1839
1761 33
1787 1291
488 1238
839 859
1435 1701
1812 757
62 449
1359 1548
969 379
1576 719
1239 1000
1459 1070
1368 1115
1104 87
235 1527
407 1593
1439 38
834 956
659 1560
1769 708
869 668
111 1249
1026 882
1179 1458
773 21
1815 930
1393 1418
1660 746
336 842
1091 1682
182 1028
1443 1607
786 1411
444 1719
250 859
1897 96
1835 1046
357 487
692 939
1483 1258
129 1354
1008 1045
10 1570
968 448
2000 63
464 223
1412 615
1522 401
330 1899
669 1367
1800 1274
365 270
348 1795
1763 208
1823 6
1744 1395
228 570
446 1232
1879 1496
1802 1204
402 1126
922 365
1155 1729
469 1116
682 1833
822 1271
1705 1644
783 554
881 1105
700 1798
1972 403
1424 646
926 688
413 893
592 367
208 733
1185 1090
1615 1721
200 1234
544 1690
1517 689
1561 1378
1217 394
1849 803
257 1613
1744 1882
1535 1890
869 378
333 1112
1716 1805
1281 1171
1949 1731
1839 1789
1094 526
1158 79
1400 604
284 872
1919 1361
88 1690
65 737
1124 848
1281 652
1509 352
1408 1266
1604 206
1454 148
548 1616
1339 14
677 818
809 1386
12 933
1306 1511
1448 1996
1363 1559
678 646
1066 1445
297 375
1400 1015
1200 1054
726 852
286 532
816 1077
1882 852
555 929
711 1602
657 665
619 414
1571 1761
1424 819
1348 174
838 1733
1380 1627
1145 585
1860 1586
67 319
598 1730
1060 1784
665 1640
595 556
1548 285
142 472
488 246
445 1844
1203 729
1358 1790
1084 68
789 1691
1617 1918
585 1856
435 1250
1487 1825
389 1830
884 1250
801 1139
1925 1854
424 1430
362 735
1013 1497
334 913
131 1942
1687 1780
1337 1819
813 1090
1231 748
1233 514
1336 1774
438 1402
395 1936
1842 1310
490 90
773 425
1986 1006
1638 1409
1617 1877
1252 667
1930 243
1406 977
436 1502
230 807
1563 1402
1411 1734
50 859
308 1775
1690 380
1597 671
557 443
1729 1742
489 1273
1666 85
80 1605
452 1611
1019 1071
847 116
1339 1391
1225 446
1462 1156
357 1984
51 1905
853 676
1668 349
1897 1817
1309 1697
1119 1078
391 12
568 468
1498 1392
1825 418
1859 11
375 1508
836 410
912 1532
1644 421
1552 610
1198 709
928 442
1356 105
1326 753
476 788
1243 1905
1322 1062
590 1206
1599 1904
208 665
969 439
138 1724
1857 1904
887 784
7 1204
741 856
150 1427
167 1949
75 830
1886 295
505 1153
1392 1331
266 1938
723 1617
24 425
1945 840
1001 94
1884 1425
1271 255
792 1614
1574 1539
174 1683
1926 741
58 1984
238 1890
10 1284
1262 1774
401 727
971 1931
1282 1448
112 920
423 1358
1881 1430
1613 585
1255 1356
315 857
1088 1617
963 647
108 1885
1716 1085
865 929
67 1505
808 162
1196 426
1447 275
1280 26
1210 390
145 994
551 190
1959 1559
899 1894
1545 746
1492 250
1260 816
1459 471
1620 1346
1796 170
753 830
90 1073
497 1064
901 748
413 1162
1183 1056
916 37
1785 262
243 671
91 549
40 1894
135 117
296 1900
8 476
1081 1594
1061 531
716 599
334 1436
1144 1306
1799 758
1382 980
1619 566
1288 850
1001 559
173 421
732 787
876 320
1273 397
1339 1492
1209 898
727 1892
253 1845
430 378
731 1532
152 573
1841 1109
1997 693
1913 383
491 1473
360 1926
888 1366
232 1818
361 1140
669 492
1500 581
1042 1604
1084 678
156 1336
847 1399
1489 75
1821 1783
783 1893
607 1463
1117 888
1499 468
2 217
369 1503
213 1443
1820 783
865 509
68 1907
1630 1589
113 1292
547 480
110 956
952 1690
1661 331
426 1327
1886 1083
1551 1235
353 98
653 1123
951 433
726 610
426 900
1383 1080
1309 838
903 1469
612 344
1840 1361
1235 444
1655 1305
1418 973
1799 1216
1494 1884
1416 424
1474 1674
1450 1628
1024 1941
831 1559
210 1572
19 285
49 257
1198 543
422 147
1851 1711
767 1961
1887 184
1395 1843
573 936
1883 1445
1241 1147
1419 1161
877 1432
1793 37
1507 73
526 1356
1318 1512
348 226
1615 1154
1126 1992
1697 363
887 65
1965 944
1232 828
201 787
1543 1574
535 771
1870 346
1403 773
1828 1221
1944 608
284 1295
881 314
1362 1574
1137 535
1855 1795
1934 865
1349 609
1951 1173
1764 636
1284 479
410 718
1487 863
681 87
1503 82
552 249
479 306
1095 29
267 1169
1844 1844
1806 151
621 626
1528 403
1237 1272
1200 1933
204 1383
564 1670
840 631
1142 704
1691 437
482 1237
1206 1748
1933 1296
1517 126
661 1565
1480 1683
1452 1184
1216 967
684 1055
1478 1646
1361 333
403 1517
712 1500
380 921
370 867
1488 1922
1389 581
15 601
322 441
332 927
707 1870
1378 307
1009 200
1470 34
328 866
1502 1431
1430 1536
763 96
456 422
314 413
350 1755
874 1733
563 332
1976 1298
465 1345
1789 812
827 718
1643 40
1605 207
802 1764
260 1781
1952 542
856 810
992 1622
1962 533
313 531
57 66
909 1830
1828 905
617 1384
1216 1811
1738 626
1288 1546
1831 1459
342 688
427 931
788 447
1864 1159
465 850
1571 1624
2 34
1767 1389
1221 143
658 161
1154 1984
787 906
586 1639
860 740
351 609
1163 1842
1872 30
136 961
247 1522
1798 1313
52 1043
553 1241
1716 1610
1690 846
764 460
532 1703
1284 595
1315 180
394 1360
1942 763
906 1027
677 1142
1718 1711
792 1788
882 1812
462 799
1919 1536
1922 620
58 140
1125 1068
537 813
1725 901
550 669
1178 1515
1476 320
362 308
161 991
765 1280
1717 743
1450 1570
1045 638
132 749
1017 1072
1771 1811
1203 1660
1095 1801
1285 1646
1188 1868
1891 1987
492 732
430 130
167 1638
1792 1008
369 1279
1171 504
135 302
1424 1636
1946 10
305 1607
990 973
925 268
1027 1216
172 949
8 255
1267 806
1101 1510
686 803
310 1471
876 862
32 1165
1973 1354
769 803
1784 742
1594 1063
46 479
1831 1898
1224 1004
894 1309
571 272
1649 1484
1356 1492
1802 1687
1328 579
111 1665
1369 1049
1958 1399
1056 1003
1702 1074
434 1200
1926 1009
1428 86
608 359
101 142
1832 305
315 850
1810 457
795 1469
680 877
1427 361
1198 1762
33 1185
1828 728
1589 305
1541 1303
1961 1754
1022 1497
425 1461
319 311
1504 384
1399 1127
709 309
1765 1045
1148 640
1423 1436
1804 888
1157 397
1088 378
540 1329
1173 1661
683 21
1442 1803
1450 1191
1877 125
1807 572
1266 856
1449 1686
125 1838
1809 614
649 968
1536 215
1168 1201
480 226
1976 541
356 927
877 1066
1080 1929
639 1728
1812 816
1761 1869
444 1200
1335 1598
810 1324
410 123
123 1228
985 1220
348 1991
191 226
821 258
1608 865
1767 471
1823 1904
316 628
589 1903
1958 84
923 510
1256 1877
185 575
691 1445
907 763
166 1978
1639 685
148 1079
592 1358
1327 517
659 1193
1668 313
134 1898
285 1536
1644 1048
1907 1456
295 516
377 1358
257 663
1108 337
1769 1290
1222 958
368 1003
1492 1489
703 405
1967 1129
1014 949
504 391
1114 1104
659 9
1510 1274
1503 1671
1880 893
159 1793
1839 615
1257 1897
1046 223
910 1971
328 678
1814 541
1964 52
1469 1178
1741 750
404 260
140 924
1781 197
1553 1913
1943 385
805 1897
1385 603
773 537
1635 758
1783 1434
1308 1258
1629 363
1309 696
915 315
305 288
1154 263
986 1561
1533 1133
1424 765
109 428
1690 1933
1243 1347
1560 1642
616 1364
1898 160
314 1582
1060 1016
980 804
1580 218
831 645
1718 1495
1935 1461
938 180
739 845
137 750
197 1553
1940 123
604 1914
97 553
329 1459
1522 1736
433 1365
336 555
1691 862
821 1926
1247 237
418 1970
535 298
414 1161
1907 320
1905 1193
1145 77
777 1854
209 1975
636 1167
986 756
753 1099
1724 137
1548 1565
16 604
1770 124
551 936
971 503
173 1986
1545 450
1096 1960
1672 79
328 1379
362 266
1346 1737
1754 961
1173 304
990 307
219 1645
938 8
819 1523
617 824
584 167
499 167
606 1246
777 1362
1057 1363
1921 1648
987 1739
1545 1804
214 95
691 556
968 843
52 1716
616 58
1018 869
1070 1083
583 23
46 373
101 1565
1997 1638
1569 511
1491 836
1244 302
565 962
1543 1757
262 173
1046 354
1106 847
316 993
1964 817
1139 742
534 959
1698 1164
1277 892
1786 22
213 1703
1685 1782
1432 47
1791 616
1345 23
186 1040
77 42
1661 1351
1781 167
1094 281
1769 121
1894 274
1081 638
574 1187
1430 915
1168 12
1113 1226
1513 662
1426 1714
1511 784
510 726
1793 802
906 1802
1580 843
1371 1209
925 955
1889 1347
536 268
1292 1889
308 311
857 400
540 1042
1926 1087
1089 616
1635 63
1979 1256
1079 1905
1742 977
32 1915
231 1800
1713 230
749 866
778 1312
1735 1161
497 1365
1379 855
367 355
1027 613
33 425
317 1402
951 133
1699 558
525 321
1391 1203
1222 1568
306 565
295 549
1088 1699
1028 1145
1179 1057
1721 160
1497 1976
1713 729
10 910
1840 495
951 1148
808 792
332 1708
2 961
1094 1481
786 357
618 1594
1173 1497
1363 1663
261 674
85 1682
1863 827
1766 1905
1913 135
1930 1731
376 928
724 1908
547 182
1872 1014
540 1847
606 1991
4 1390
1320 627
772 1740
1043 665
545 1118
562 364
1323 1959
1984 789
319 1816
708 1852
421 963
33 1658
1839 427
1426 1646
1130 455
1032 66
403 1240
100 152
274 1895
1942 1116
1354 255
1688 263
697 1335
274 148
889 737
821 617
416 619
391 1
931 1396
1450 1774
1679 725
1976 1056
1949 550
852 1308
220 548
1329 501
844 1489
167 518
1141 876
927 1718
897 1066
728 579
358 1774
703 806
1464 532
197 430
557 256
1325 1722
574 286
596 712
1979 1478
1082 1149
1478 96
757 1838
236 1317
1771 1604
102 1995
116 1433
304 1594
481 1881
1280 1876
1490 1220
76 194
1566 298
1277 521
1916 1808
117 1971
1075 170
1855 1814
1583 560
369 1579
1488 1184
1241 1254
238 798
1977 109
103 1923
1895 1427
1908 1639
1969 1495
1618 203
161 1442
1898 765
464 1000
1553 1380
1059 1368
1945 1992
770 292
249 740
1260 177
1282 700
460 1076
1929 1977
153 591
392 915
1038 22
1087 1728
1618 1071
1193 375
1166 713
1890 1547
517 1195
187 1695
1689 999
1267 686
1177 147
196 808
1220 327
789 348
888 1317
910 1450
1051 1310
1646 1227
772 787
942 493
1584 1769
1575 1034
405 687
1780 418
164 1066
1158 1340
1379 1175
1584 691
1822 997
712 1424
1338 502
160 117
1710 1080
1815 448
257 1410
617 84
572 993
1199 1802
937 980
1684 1021
461 1216
1190 680
1565 1944
1645 1213
1498 687
195 1613
172 691
1560 1162
1840 1038
742 1836
1702 1809
408 989
145 110
1283 267
1053 1258
1379 643
678 1114
553 1247
506 1982
1201 1141
570 373
1750 663
1652 312
1091 431
1796 748
1762 219
1447 1217
1198 1498
404 1463
164 976
783 592
820 1479
519 1910
1456 141
421 771
229 1674
1670 780
1564 767
932 1790
1688 168
1776 375
176 1545
321 1707
1953 1687
762 161
866 1761
857 886
1463 1078
154 1459
1880 211
1332 1973
1056 1401
1713 736
781 392
69 194
1124 1118
225 928
153 249
1599 1239
1504 1553
1817 356
1571 1994
1566 382
999 1531
883 1487
1697 692
1621 1678
1419 397
1177 1857
1752 1522
1906 1178
1037 1121
1787 369
1310 1356
968 1520
169 218
1490 1466
1849 887
1415 1573
428 561
1385 37
207 1002
1348 181
894 747
1036 1833
959 1508
1199 305
1542 1814
848 503
1320 314
412 943
355 1863
1121 919
1699 490
171 1092
1543 1197
1936 1515
1071 1834
116 40
1507 1087
50 1237
1825 1551
1476 886
1268 1528
589 932
1121 1463
1971 846
180 1361
693 1284
329 826
1481 7
235 1871
1386 717
1957 1861
1376 488
365 211
1450 567
743 850
1286 210
125 1534
292 1280
1162 817
589 1628
751 34
258 892
1826 351
318 1253
346 1680
1562 479
849 1595
512 1553
345 478
553 318
189 1341
1273 810
1473 1235
1555 630
602 307
1447 1867
1138 679
1147 706
824 1719
1167 617
1145 161
1762 494
135 157
227 768
1303 1795
77 1566
990 869
1552 1466
318 433
258 514
1290 1902
1198 115
1248 138
370 1874
1373 749
91 928
512 1594
186 522
519 115
237 1719
1928 893
630 1074
1976 957
196 1686
393 1897
1414 354
1674 269
73 1310
262 1161
181 1627
1598 1542
1685 1020
1364 1773
1467 1295
838 1277
428 6
1343 350
135 377
762 103
418 1366
1895 362
158 198
471 1515
1714 1912
693 178
695 1193
1791 186
605 1979
159 391
290 1243
1952 649
725 1323
621 302
213 428
1310 958
949 1587
663 1043
589 1064
875 1546
683 185
1819 1309
1477 1257
310 839
1221 47
500 621
209 619
881 1280
1878 630
1352 1028
1341 361
314 150
1687 1168
577 351
1399 891
1157 1634
626 1750
1597 194
780 236
1102 1151
1516 381
1566 247
1033 546
292 1411
1268 326
246 582
1482 436
182 1247
664 1641
638 1670
437 461
140 1623
1411 568
1183 1262
1282 865
1808 1725
983 40
327 813
807 1645
1042 1788
1715 1442
1021 572
453 1447
1324 1747
1223 1140
1009 1865
1817 1798
180 238
1936 1537
927 694
930 590
246 380
719 1941
338 275
656 403
1171 1065
345 1746
432 1261
1464 1978
1102 293
619 915
840 1355
570 349
1606 788
290 346
584 1916
344 511
93 1327
1829 831
1255 1863
1087 1069
680 1703
1665 1049
1775 242
1457 1132
1172 1546
1671 1971
792 1376
1733 1104
500 424
1164 520
751 1704
1603 276
1083 1562
625 1011
1544 1875
1172 748
483 1140
953 1683
1475 1152
908 114
1932 1622
1590 1079
784 3
1819 78
496 1789
373 1770
1593 1340
1619 939
1791 1839
649 1603
906 617
1246 422
798 735
1922 239
84 246
1450 1815
1970 372
1186 1785
499 1087
1258 1694
1524 511
938 988
1281 173
1042 313
849 35
853 1865
1911 736
1516 458
1964 745
805 989
583 1181
1957 95
1879 709
1544 1294
1935 925
630 1855
939 1700
1145 1098
1926 1952
431 706
575 1436
67 1731
752 944
219 899
855 366
784 1044
722 514
1819 639
1667 1301
498 1413
1921 688
1006 202
1220 1121
1557 655
416 1980
1359 157
990 1938
389 870
971 1924
1166 1132
1953 1483
89 40
1499 1424
874 866
429 1064
966 1564
497 1153
1477 1342
1363 1782
499 1806
1932 710
655 1944
1898 603
256 1042
865 1136
1945 1252
1815 760
839 1991
942 1906
408 124
1418 1186
1077 1774
749 1879
1718 1731
798 1809
644 198
1484 1799
524 1158
112 969
872 335
1891 92
1747 1446
1230 413
1767 624
1122 1648
601 595
359 220
1473 763
1123 1966
1080 1170
1368 1515
336 258
436 523
663 937
1791 641
1489 1727
1227 1691
698 1492
235 163
815 432
668 1071
1471 1547
1457 3
665 99
852 360
883 878
1204 163
705 1993
1512 679
1995 436
388 721
814 1518
476 628
599 1706
992 1962
1100 944
713 883
45 251
970 559
525 1283
303 451
722 859
1667 252
934 1633
1667 718
286 1378
716 250
254 1724
238 1746
1103 659
1658 901
85 685
724 1175
669 1719
281 1975
1124 937
1072 1004
827 1702
837 1633
1629 1472
822 1900
206 904
569 972
936 1733
130 449
1527 443
91 1091
776 1212
1087 792
1705 383
1983 1445
1305 1443
1273 955
573 413
1555 186
988 1318
531 1459
1943 657
1468 486
855 1041
1490 1763
1589 1852
1652 1827
1419 1214
196 430
1190 1466
1879 1087
1865 1359
34 458
389 697
1204 1412
750 427
1157 234
421 154
1298 1629
1059 697
1109 1323
1313 516
1482 853
640 600
1389 1227
323 1567
822 891
45 152
1040 1877
760 1952
639 1497
419 935
789 1144
900 61
428 61
46 220
1176 1525
1678 1245
1700 320
1063 273
482 1025
672 1569
367 40
1338 20
1289 1188
593 1915
573 290
125 966
1278 826
141 1678
548 705
571 422
1986 177
1430 419
716 1525
1177 1452
1913 598
24 31
1778 1182
1241 1656
1470 1468
270 633
320 109
1960 1121
216 1520
1492 849
1900 766
442 1132
171 1839
965 898
395 1233
596 1710
1603 753
770 1196
125 1282
1857 1927
293 1686
1974 1139
354 437
1593 485
1408 145
1443 1835
355 1921
1422 396
1839 106
501 1672
65 1986
1823 24
815 1586
1816 396
1191 316
1739 1012
922 868
628 734
1133 460
186 896
181 1436
875 1155
1845 780
1711 602
222 1601
978 1867
1000 131
1306 1865
184 1235
1860 637
935 1761
24 1635
1095 1548
280 1474
1091 1834
117 756
1067 1496
1678 1469
864 1999
284 684
575 1010
1793 351
701 830
1660 586
637 829
1433 783
654 1714
1683 1247
477 283
1693 186
1637 1391
972 1526
508 268
1339 927
1565 96
1857 1557
339 1995
1589 1569
360 1883
1139 1898
1211 1006
1068 628
614 1875
1190 858
35 1864
1932 1778
1825 928
1508 505
913 180
836 298
261 1094
1877 765
780 58
1518 1036
1405 800
417 1453
325 154
902 1516
1357 96
1052 1015
1684 1494
931 1498
662 1929
1033 648
1623 1764
1533 515
373 1708
1116 85
1839 1859
624 713
1855 694
437 785
873 649
1836 199
1707 1419
1571 690
1340 684
1879 1459
603 1329
773 1680
1113 1856
1456 1731
1431 377
1447 227
1958 11
436 639
181 1059
130 949
1434 307
1632 887
1052 677
939 11
914 512
1853 643
1507 1813
1484 1154
1802 290
1021 1290
1126 688
797 534
1089 710
110 1202
1080 1682
1681 1168
1706 1877
62 717
605 934
1175 1940
1459 1127
1407 51
1941 861
443 1231
1631 1040
305 1932
1323 853
61 358
1364 1933
172 431
1427 51
1439 1344
1614 451
965 1962
1575 387
1631 958
1013 897
517 1394
1880 1782
849 1928
1874 1518
1569 773
1555 613
921 699
1038 308
1220 554
251 900
1931 700
1895 732
1775 792
420 549
1442 556
180 878
1877 767
365 243
770 1874
548 386
994 577
1 1993
522 600
633 546
395 354
896 738
1877 256
1222 11
1542 1657
1075 1790
1489 1332
353 424
150 1091
61 384
386 974
1114 1642
997 1987
1709 1412
754 803
2000 474
1724 1981
1172 426
1799 0
210 1519
585 1829
1286 271
296 1298
982 1827
1482 913
1715 1125
1441 659
144 1796
848 585
79 411
1552 796
713 1074
21 1809
1395 1508
580 757
1954 574
384 1200
1115 1417
1160 994
955 301
978 1568
948 720
400 1868
1291 1159
1893 1903
604 1365
994 166
58 466
94 701
1019 152
173 832
1047 1641
856 772
855 1878
1270 824
1308 1198
1104 459
1779 1751
1121 1919
1511 785
304 1672
1159 194
770 1507
1955 53
432 1095
505 1533
1709 122
1941 1826
1204 1566
468 1444
704 9
1004 1621
1660 969
5 891
523 97
1702 1858
538 1376
133 179
1610 41
259 1633
930 1943
1551 878
969 968
98 1514
457 1682
1916 644
1906 553
1696 228
401 1344
194 253
1314 1057
1856 1505
1931 251
1963 120
385 82
952 917
521 801
1529 1526
1530 1231
179 1173
1412 1372
1536 34
915 722
1598 680
1047 1337
632 25
1289 895
1388 191
269 943
1000 1224
1344 539
1868 979
141 906
1098 321
1739 1580
564 190
1256 906
1729 1151
1975 86
159 874
966 670
367 1026
419 1913
715 1521
388 246
596 1069
321 599
1633 1498
942 468
1156 12
865 1103
431 1774
1225 1862
1600 243
171 483
1903 719
50 1088
1451 189
595 1175
200 1052
185 1551
1969 1353
1123 1022
584 1264
1434 279
733 1198
1774 1526
688 648
545 47
200 718
703 1471
116 1792
700 323
1488 357
1645 518
1710 272
1136 1772
373 543
1218 1749
1933 1946
1211 310
1217 1208
255 1454
909 1652
937 874
261 773
589 434
1744 1812
949 1865
1472 1749
1693 1151
964 1359
1306 1916
1033 887
1894 913
1061 30
105 1426
1943 1257
842 1492
833 340
999 1426
681 1951
410 1443
299 987
930 358
800 640
360 233
467 1342
398 970
1406 543
1502 710
1550 829
678 386
570 1019
1294 649
386 1663
504 1065
711 364
1014 306
1501 138
1741 1884
1319 1976
1032 1202
948 1959
230 9
754 1367
341 1356
1007 80
1125 928
996 251
1347 57
1637 1951
1551 1827
1973 1715
1289 1736
43 556
183 1917
625 1007
1365 1103
993 377
1202 1155
287 1778
1132 786
358 1711
1832 1003
324 842
103 1213
1361 190
421 1755
59 1163
1834 907
603 1638
658 326
1746 334
1189 1217
1650 1758
1062 1459
1906 13
1683 875
1891 1647
1565 1474
1422 892
742 426
948 316
253 1640
523 297
1749 1779
1204 1727
265 1673
1369 896
1623 1422
1073 1102
1591 268
1217 1827
1801 1674
273 7
21 1132
807 1533
869 1618
1072 299
345 1286
543 785
464 559
1235 885
979 678
1599 628
368 1024
1306 380
1108 636
746 253
472 230
39 1048
1032 1288
603 947
231 247
1829 1444
1096 1182
647 465
750 399
1183 98
827 1033
184 1736
139 591
1839 1609
1306 333
732 680
808 1982
186 5
821 1524
755 1845
978 1267
749 227
1703 1916
168 633
516 828
1950 786
195 359
484 1808
716 126
933 1954
1452 702
1196 1151
157 802
323 59
1903 1943
1440 580
1809 1742
661 307
1434 546
1727 888
1411 71
1311 195
652 1245
1033 1836
762 1999
1506 704
1397 141
109 66
1390 1604
1896 1361
478 600
1085 1137
1136 317
1884 689
1865 275
1876 385
1985 1241
727 1340
1142 972
520 492
507 1519
586 1954
29 873
118 1686
615 402
1447 918
198 604
695 1339
964 1747
1577 1564
1640 1301
411 883
1622 1190
1439 1586
999 1354
609 1164
43 1666
1189 351
211 573
607 1086
456 464
580 1043
966 1498
1446 1518
936 2000
1314 924
85 1387
942 694
1380 1006
306 930
1042 257
1359 1797
326 1711
1114 849
1859 476
1408 400
1508 838
1682 366
1060 855
305 722
4 264
1304 1769
581 457
913 1747
1625 542
1461 348
978 534
730 1343
1574 1015
140 1294
1875 1348
875 1690
1572 402
470 1967
891 1391
356 472
1256 1202
1526 1126
1283 649
958 1336
1005 1481
667 21
1626 1383
1824 1014
1322 1426
1215 384
1571 569
1007 1876
1215 1079
1324 373
1376 615
1594 698
1573 1883
301 1561
439 826
1144 332
1323 1566
789 1942
94 1620
1036 1187
604 924
547 511
237 946
1551 1165
1007 1323
1048 801
1237 1590
1730 1776
1874 50
1950 1829
881 713
35 326
1760 530
76 975
1966 299
1386 547
1016 1107
1296 665
498 1345
263 1311
481 1629
1853 1317
1748 1832
1068 1033
518 763
559 1163
1967 775
1125 1769
231 172
721 1607
1620 1719
1567 1781
1517 1429
1290 582
1256 243
1502 220
1601 419
2000 696
1137 1281
1955 1855
181 1206
1912 33
869 115
49 1083
624 1272
102 624
1257 1314
1718 1217
1724 1900
1628 402
185 240
1787 303
439 432
460 275
449 147
942 1980
1541 374
1981 694
1938 427
610 378
450 1719
1374 250
428 1920
1672 664
672 1827
1532 1468
1416 732
1037 714
1608 1545
466 316
1125 1717
18 483
470 564
358 1939
1754 1669
869 1355
1455 1929
1980 1675
1413 1270
1763 443
1888 1927
5 506
1304 1577
1824 746
1104 1677
1577 129
569 224
834 1274
612 1820
358 1963
41 1367
1550 1389
483 634
1819 1394
137 799
1557 526
616 1324
1007 1918
1112 360
1589 502
1488 647
1438 1597
1648 1702
1877 987
96 21
1412 759
10 222
382 609
199 1581
1395 1824
591 319
908 1229
1437 1865
135 1887
819 1945
485 711
1764 576
587 625
1463 1280
579 434
1639 656
1290 664
538 1435
670 1481
1197 1178
1797 171
1629 967
1474 844
1159 439
1009 148
1736 821
756 1279
422 1687
1334 1149
1082 820
399 207
136 477
1561 1456
1426 1394
398 692
1491 363
534 1535
1274 553
1331 1874
327 717
1900 479
1321 487
740 1993
1202 1473
173 1891
1002 239
870 70
613 1228
1318 616
516 675
519 119
1227 777
397 165
1436 1237
497 1771
1505 1547
1103 1840
1173 550
148 1105
1066 616
1199 1539
1187 883
119 1858
58 684
157 913
1022 861
1360 255
1560 815
1810 1135
230 729
557 1967
1928 1549
746 1155
1843 560
223 1713
12 1733
1838 248
492 1157
763 1392
1127 1563
946 606
1679 986
1886 1081
1168 1796
776 1018
1660 1387
1626 1454
1221 1931
916 809
957 403
1231 1779
1586 746
928 333
154 903
255 245
821 1474
296 1859
1978 170
395 1053
1882 193
396 1767
481 1844
545 1589
1783 252
1961 1356
1656 762
1281 1293
1381 1944
8 1876
1731 651
614 799
728 1040
946 1608
1331 1050
1729 745
911 32
1493 1932
1773 179
132 667
52 1437
1348 401
215 282
376 1506
1570 1637
1194 537
1555 1641
667 1387
1760 304
647 295
461 1957
1388 1383
450 1057
569 1860
1734 1488
1517 415
911 1630
1696 984
61 210
428 1809
1598 1942
1831 854
1562 1456
580 733
475 624
532 1388
1059 272
1883 669
509 1628
1638 1562
31 414
319 847
434 246
192 1419
718 1916
649 982
406 732
1849 1179
1238 1035
1717 1598
57 1959
1022 316
245 335
812 1487
1388 898
1362 1139
170 1546
174 411
1274 1354
1179 145
299 245
1236 850
402 1143
1389 1041
920 1624
313 327
1797 492
1503 1094
1197 943
13 330
318 85
781 742
1421 145
1563 180
1884 410
1716 1002
289 158
760 1048
541 709
377 1103
1 1147
1441 1155
22 1147
1853 1499
410 904
755 1592
67 94
2 279
1752 273
1768 1734
1047 1594
1599 21
1566 1740
1388 471
894 534
360 781
1354 1744
933 384
611 1673
658 865
1967 1307
880 788
563 1482
1815 1557
1375 458
884 234
1184 1185
1696 1773
65 1853
549 1138
1566 146
395 1341
492 1381
1478 1357
934 1545
50 654
226 1792
1264 448
287 1116
814 1284
504 1689
1889 896
703 411
1948 1941
199 1820
1292 953
1731 696
1332 664
1178 755
751 1003
881 14
657 618
287 1031
691 1506
1297 316
1516 496
1296 1584
1117 1065
19 70
664 224
1774 1690
672 933
1047 1400
47 1344
344 1790
1995 787
1934 961
1477 1063
1542 325
1330 277
1845 1200
194 1448
929 1070
399 1367
300 694
1192 1905
1077 1502
799 451
1046 347
468 448
429 346
817 1772
1241 737
1059 34
419 1030
1035 1475
214 151
542 663
519 710
1103 1599
734 1965
31 1611
62 247
1601 1955
424 880
87 403
1021 1006
722 1740
425 1784
958 77
387 941
66 1403
393 1091
1899 1954
1797 1939
292 381
338 1243
1696 26
846 602
482 1950
1526 1024
1289 487
92 300
1536 1201
192 421
615 695
443 25
1299 742
590 181
1684 413
742 1522
1804 524
1016 1951
1854 1174
1694 1848
1745 1205
1634 1274
1844 878
1072 317
891 619
1487 318
1478 1098
519 564
269 1598
1457 1556
687 1760
1467 1904
1327 860
1137 1781
1401 636
361 37
896 449
708 1007
802 920
915 785
1062 1584
802 1418
908 675
234 81
735 755
1645 1439
557 424
1542 1023
1262 612
696 423
431 18
509 1976
1155 1210
866 339
1835 415
135 1883
1075 774
901 353
1478 381
917 994
400 1116
483 1762
858 398
1219 949
244 937
1108 184
1043 1173
866 386
949 528
1417 99
447 273
610 1480
305 801
0 1460
1730 1284
261 1639
1822 131
219 1634
1769 1349
658 633
1047 1092
920 1192
1480 1213
1983 722
873 1737
1725 898
388 955
684 1843
1565 432
1356 257
1121 1221
1400 454
1125 940
253 1890
72 36
1528 1294
1050 1562
164 1158
197 1925
456 264
1836 322
1722 370
706 688
1051 472
1682 1638
1259 826
359 826
1310 581
598 1433
675 357
1561 1986
202 463
22 160
930 1126
1089 1518
1150 609
605 1500
151 1047
505 1377
1547 311
1969 588
1577 297
581 1481
997 1678
1907 1262
708 4
424 894
88 616
1825 121
1675 393
512 980
1729 91
898 973
590 1181
1080 1177
241 1114
1020 799
1316 1439
7 1672
1669 1111
1649 1061
500 1510
1705 325
882 347
158 1645
979 727
950 1352
1278 1942
1132 499
1837 314
161 373
607 1564
116 281
132 1442
992 925
1927 1985
157 1275
460 1943
391 987
1464 971
1547 1281
2 976
1531 111
851 815
583 863
551 1959
1981 1844
829 1152
1112 1708
516 134
786 553
1224 261
1579 1357
468 1106
556 1101
1324 1205
675 503
160 1594
56 1419
1981 1798
1494 877
1602 678
247 468
535 215
317 399
631 1303
636 1795
1760 1481
343 1758
828 763
1437 1418
790 623
1208 542
460 1214
682 751
1442 1267
54 504
152 458
515 1862
1110 731
1518 792
869 1160
1975 569
155 650
1750 955
1695 614
946 726
296 1725
623 1725
680 547
1707 1604
993 318
769 838
280 1334
1428 844
1194 1067
923 187
1502 1077
1476 1683
1199 0
128 1194
734 1406
767 884
372 511
1196 891
1453 305
1468 1660
1385 1379
1410 1459
740 1196
683 511
1724 238
1067 960
465 1505
1899 1613
1288 820
671 74
49 1512
1510 113
693 1854
450 844
1588 1657
563 278
691 1094
856 1751
1583 618
534 472
1703 1236
930 1434
823 1099
621 1213
1860 205
1453 455
1596 756
1922 366
54 333
1670 1375
1499 1661
1446 1133
773 1461
583 361
488 628
140 559
1575 1898
1597 1703
1238 913
307 666
1989 150
978 111
1814 1918
646 446
1229 210
257 362
1267 885
133 240
399 991
334 1171
1312 1297
755 927
949 1739
1424 271
1537 1564
1424 1309
719 1102
440 367
1851 1327
1257 526
1287 904
1772 355
1929 405
336 185
755 199
338 909
1094 219
1744 685
1726 923
858 128
1716 1910
414 1087
1746 1396
1465 1012
954 443
425 1072
1729 1971
1765 1126
985 559
606 822
927 647
968 1231
1134 1715
658 1007
746 524
1543 763
1707 183
1407 1345
873 420
1910 1450
140 866
1840 361
234 1792
1486 1621
1620 733
1633 174
607 1583
628 1903
958 1233
891 1295
814 281
667 1352
597 1103
1246 506
907 1471
74 403
86 208
408 684
1267 128
1 663
1236 1724
1135 770
1053 1235
254 1795
624 85
76 1047
1506 910
856 770
233 53
1984 701
760 251
1419 1874
340 695
1024 1691
1871 453
1374 421
1834 1967
1295 1551
1847 667
653 1509
1712 1744
747 1424
1951 461
191 1898
1730 316
514 245
128 1152
1001 930
1714 300
414 984
1801 1352
1257 127
322 1272
187 1719
1692 206
340 1553
1952 1895
137 1233
878 22
1809 11
466 1600
0 752
1813 1229
770 236
803 941
1091 1816
524 646
764 1905
395 1567
1439 1846
1541 893
1462 1798
1746 646
1975 672
433 1695
1125 1579
1513 971
340 1552
89 629
233 756
68 369
248 117
1894 421
51 434
1255 750
1869 40
1534 932
512 375
455 229
4 1887
1258 478
373 509
1347 884
340 123
1030 357
1769 1651
1103 221
1156 1656
555 691
714 1492
1283 69
1149 18
1146 1019
246 1129
316 266
459 827
318 1982
702 1197
458 1365
1176 1331
397 997
1869 1851
929 1291
1580 1025
1866 922
344 83
947 418
659 1120
987 1893
1623 940
1202 1609
873 922
1347 618
1137 654
924 479
1307 507
6 747
1086 1939
642 1751
176 519
1436 706
493 752
409 1239
64 939
1066 1730
1059 914
1945 1177
562 143
664 1386
859 777
1871 958
1920 592
484 203
1806 236
602 1154
1613 1858
610 404
270 1147
352 1338
883 672
972 1721
66 1680
1462 1393
1729 1817
1061 1853
1348 1139
1143 1965
1470 504
203 1302
23 709
1235 451
579 347
739 977
214 1686
1906 545
1620 1356
603 1724
1936 1261
1215 1759
1183 966
863 1633
1555 459
1691 1057
94 1293
927 1046
1773 837
986 25
1799 1906
1681 493
1080 650
1084 1597
551 1271
1585 159
1249 384
989 22
368 1704
1782 1023
407 1578
1688 1209
126 88
1946 1242
1003 443
1045 903
1596 1368
581 1999
756 735
1777 1713
123 1863
844 1234
526 168
502 368
190 177
1355 685
74 257
1579 1346
8 696
69 946
114 1947
759 834
799 19
218 113
292 134
592 575
942 1226
1989 1005
152 1066
1 1904
1203 1311
1863 711
699 1913
613 1143
424 189
1613 364
1098 1222
336 1382
948 494
218 606
1353 1245
1465 1965
1324 1123
635 1759
1540 1304
591 1052
727 337
1187 678
955 1183
610 1819
175 1639
1932 33
565 156
1283 841
607 1703
1066 680
778 1329
1819 1867
563 537
549 456
1134 426
222 822
1267 1648
1011 1055
531 118
1041 1375
1861 1671
33 1041
463 295
262 83
284 1234
835 947
1493 428
1145 128
982 358
897 519
1011 1572
1014 1032
98 525
39 220
1454 1777
609 663
76 1738
407 897
1786 1000
287 698
1829 108
110 1440
822 1559
1806 214
310 139
1336 609
1886 1365
1459 488
1444 248
1847 1247
257 355
1471 1885
1359 754
1977 1023
936 288
1018 689
1767 830
1408 1259
377 387
1194 669
1150 350
1279 1932
293 1997
832 98
1827 664
24 504
1559 427
1599 1486
1426 1910
212 494
205 447
322 427
982 1894
1572 578
1509 723
634 76
762 64
157 1784
830 948
1549 183
1957 87
238 1085
212 813
1905 1515
1686 1949
1352 197
538 780
1622 293
1070 702
1317 1489
988 1602
1763 895
1892 1201
923 1394
1648 1750
807 1356
1696 117
321 1157
1474 1519
1503 791
1392 1061
955 907
28 1428
988 997
1830 1388
1112 524
373 211
1573 30
239 308
504 980
1334 521
1308 1625
864 1008
1117 903
1603 118
851 786
1633 1662
822 1274
128 1446
1233 721
725 1317
144 674
1027 33
1779 680
19 656
0 685
1280 506
1928 1505
814 1840
1979 1575
1744 1037
1070 1545
593 1172
1673 1958
1658 1765
542 139
1159 831
621 871
480 1210
322 899
1628 829
704 563
911 514
488 1276
836 1564
1079 266
1355 664
1555 1236
1947 850
916 1807
322 1903
1486 1601
1107 1162
505 517
1210 1128
483 373
168 1764
1706 855
957 1319
113 637
1418 436
1753 548
1626 1433
1004 1900
175 619
1345 831
360 697
1413 1297
842 978
110 59
1749 1710
372 1911
371 98
1348 1177
766 936
1911 819
917 638
117 1382
1026 1144
1450 1022
1107 70
424 1158
182 1187
492 486
1554 1924
977 1315
1403 50
606 786
1527 1012
470 199
215 1490
1032 1328
444 1282
1319 226
1074 1379
1793 856
1487 977
521 939
1817 1119
1191 1765
1716 1568
1984 1802
819 1205
1522 1402
1593 1504
1376 1378
374 1571
1323 1109
818 1450
421 1163
1495 444
613 1495
1997 113
1206 1902
516 1135
1358 1015
1074 311
1101 1199
