5000
366 1819
1698 25
1748 526
1295 1137
1631 1046
118 629
938 719
913 1310
1372 1114
1645 1477
945 1016
304 1794
389 302
1148 1751
896 488
1588 1526
1277 33
1396 951
1099 1639
784 77
1751 163
1633 69
209 1477
962 1710
1463 1870
656 614
332 1097
854 758
219 1308
214 971
33 1231
1459 1730
1524 1716
1511 259
185 1242
902 1424
1540 242
197 1682
887 1297
1529 1638
1561 213
146 597
439 300
201 1528
1440 1687
1722 80
776 1395
1098 1365
1377 1015
911 1952
1502 228
1619 1540
333 1632
157 644
285 274
290 1965
1123 1462
1053 1090
261 858
272 1240
1732 359
29 1530
1372 1454
1574 1546
618 334
1619 1161
621 1323
1989 1826
1218 1551
808 233
965 211
437 372
362 1313
698 207
1597 1504
259 985
497 330
599 496
473 1010
552 273
1800 1318
855 1750
536 1780
299 1795
1383 1825
298 549
1285 1606
1862 629
288 960
1657 769
55 1820
1716 66
1356 1287
1338 154
1321 1860
1973 819
397 252
420 543
1936 631
1089 28
937 28
200 1627
1681 1018
164 1800
179 916
1502 743
125 1200
1524 1820
296 1806
696 1761
1356 1741
835 250
139 591
1840 1489
647 365
1577 1101
1841 1213
154 1064
1931 1180
1299 532
667 449
1436 1418
1389 429
1797 1957
872 1234
824 583
616 404
915 558
1934 1323
728 744
121 1971
1429 265
1985 579
337 1212
504 558
941 1811
676 761
1437 1427
1087 86
1439 7
1396 1656
1790 854
908 1390
639 986
1785 1021
870 754
1666 628
1028 1551
1256 210
340 1641
88 5
1563 1709
996 1268
1108 261
779 567
1765 1757
157 1368
599 1241
803 223
667 331
1359 1156
451 722
67 798
1781 633
1098 1335
551 123
1228 1447
746 1139
668 868
605 123
983 786
1315 1
862 572
1763 1835
1678 425
224 427
1486 725
1754 1190
422 364
1269 408
1867 1861
100 1716
1336 1336
1312 34
1833 1832
21 924
1863 1306
1742 1365
1516 930
1423 29
1141 1814
1984 702
387 1748
348 923
1867 1439
1855 1556
1218 1708
1992 1817
772 1036
65 1787
1958 1078
709 444
20 1773
452 790
543 165
587 1470
919 578
1656 1763
1622 1156
366 84
533 365
1824 1866
1389 1686
1136 326
921 1332
71 1391
1936 1594
1699 1083
1489 970
1894 1807
451 1679
1892 759
826 1567
1983 114
1166 674
1197 207
260 779
13 1651
784 404
598 1660
583 557
1259 1425
957 468
1860 1646
148 1728
1427 1862
745 35
1307 982
1233 763
995 1679
1197 737
537 1945
515 892
1905 1207
445 1288
420 297
623 584
1731 1949
81 645
1176 371
609 559
1230 287
414 445
1881 1648
1793 1435
1974 1668
2000 1945
449 1120
604 1424
1228 727
77 1170
343 188
1121 1226
1094 1756
30 1906
459 227
1075 596
1862 399
329 1390
387 210
1840 245
199 1025
885 1784
1201 1420
1132 1036
1638 260
23 1024
786 701
1418 1356
817 261
324 1682
1849 1231
1073 862
249 1392
232 1972
1077 1481
1943 1672
106 163
1100 116
1803 1578
457 1525
1336 1794
1297 1431
1166 1450
226 855
296 1952
433 1472
394 1508
113 129
933 971
175 1950
195 1916
1527 681
1966 642
992 1887
1261 1514
1614 605
522 285
84 995
1069 1092
1405 1778
866 307
1576 1169
866 597
1293 588
1535 884
1699 1645
549 1854
1463 1092
1955 345
1921 643
188 434
875 428
655 503
1868 380
1239 1178
336 390
1181 1946
957 568
206 41
1449 1537
1882 1689
675 26
964 456
1545 654
1203 260
281 1552
1802 1980
333 919
1444 6
1943 357
96 1804
1803 1034
176 1144
1766 5
553 1503
1404 345
1650 199
3 242
1065 193
1208 145
1967 1687
1351 519
883 773
861 386
662 1046
1680 1697
14 872
1420 852
1351 1263
153 1261
68 1170
1316 868
161 1041
380 430
1966 1189
90 1698
159 1531
255 211
1811 1403
762 262
1370 1519
891 1378
575 1094
1515 288
1682 542
1250 975
747 779
438 1935
493 1645
1479 1466
1510 1616
1618 1301
1492 704
1073 706
946 1994
1685 1412
1274 136
707 1335
43 1067
1565 1048
1066 316
1927 1066
568 625
822 1700
21 448
1795 511
539 1611
714 790
334 584
834 74
767 534
1771 208
245 175
458 815
1385 1055
1879 929
1767 841
432 512
1695 1970
1345 1368
797 88
173 949
496 1903
796 823
521 1225
1903 455
1837 272
101 491
809 693
1729 1758
371 460
30 257
894 360
119 1038
429 638
863 271
461 184
1413 848
1052 574
289 834
684 296
1050 696
780 1327
1132 147
609 523
973 926
946 678
644 251
767 557
1490 244
1798 1788
131 1065
1028 904
3 128
1193 639
761 980
847 492
587 1611
534 1304
1125 1193
1122 1687
266 1816
505 60
180 104
137 1125
40 3
1150 7
462 166
346 515
426 1824
1302 1226
520 427
1439 659
912 932
1795 1906
1695 216
1395 1356
590 1235
953 1985
1937 1657
808 953
856 921
704 369
1188 598
771 684
250 1580
95 1749
1126 1810
760 1173
354 1739
615 1564
1287 529
1496 292
1766 1639
965 720
1277 1072
1414 603
1512 1108
1104 1303
228 958
1531 1465
125 1767
1203 981
712 1502
1371 169
1245 857
182 1696
400 1959
642 1790
740 452
566 107
914 1519
581 408
241 1065
860 1877
522 561
54 901
1429 1088
639 1938
818 1231
1180 603
703 611
494 1061
1337 435
838 211
468 1785
1732 1895
1877 617
1061 211
1459 633
11 478
786 23
120 652
582 1574
92 348
1871 114
1179 1578
480 1883
1670 1507
874 599
1408 1741
999 1100
1604 274
396 1544
1274 1645
1284 1976
248 778
1151 255
1008 744
1821 1895
1999 523
865 281
981 661
1020 754
1453 685
494 272
520 10
1627 807
406 1174
1614 133
315 859
445 783
274 1147
1011 1213
757 1371
415 1516
1195 513
655 809
207 261
1241 1759
1166 559
1119 1461
1246 738
183 892
325 324
34 1356
121 883
749 1304
1772 24
263 209
347 688
775 260
277 19
1534 443
991 901
802 318
1498 1807
726 1315
1773 1264
1588 829
1134 1803
590 613
1967 1713
561 1513
468 294
1702 226
1709 121
480 1602
156 1828
234 1052
484 1148
1067 1412
531 1114
170 676
856 1390
403 1628
1825 886
647 1333
1864 807
196 565
909 1516
615 62
1276 744
1579 1481
58 1788
954 1760
1145 365
776 1840
480 577
1514 683
131 1407
181 626
889 1763
908 1010
152 1684
618 1598
1587 594
1667 664
1168 1429
219 891
1784 1555
1093 613
1061 1846
1697 1594
1401 1733
1234 329
1331 355
214 359
607 1049
583 1882
1733 1910
1375 503
183 1559
1429 1236
1940 387
1702 1565
816 266
1136 355
1572 528
562 606
453 1322
379 635
1257 234
641 150
1364 1275
1179 1824
390 1485
1524 566
1807 981
991 181
128 1036
1966 1877
1605 1061
177 1083
1038 1460
1347 1462
247 1434
684 944
1075 292
1219 1186
153 1523
800 1658
61 1948
978 365
231 150
634 1322
704 553
240 1633
1438 1064
849 1230
508 1675
167 1701
1224 1422
824 1239
1338 1722
998 1603
1448 491
361 1972
607 627
1545 635
1956 164
16 1389
1891 1373
1058 1428
1792 256
1571 1889
1150 1219
299 445
190 270
1512 943
907 704
73 1678
901 291
465 451
1196 1607
1214 883
127 236
1186 1402
1183 1034
237 1339
1038 1377
1537 1123
140 1918
730 422
116 373
170 1297
373 236
1754 436
11 905
605 384
1273 797
303 1915
1884 302
841 1734
24 1323
162 1206
1040 892
743 1665
609 1233
942 1240
286 1900
1942 1988
1402 503
1103 963
1108 111
1420 696
1872 376
772 1400
90 1736
367 1403
1224 310
1731 450
80 65
1546 437
89 1861
35 1176
1210 411
777 1219
1528 416
1877 291
377 1110
1582 1379
326 1544
970 622
1649 871
1879 1691
1620 1360
1970 518
10 1236
49 1360
678 1239
671 249
1467 1885
1041 628
769 462
659 366
1466 433
463 1898
340 1383
237 383
1511 1484
1149 1821
202 1816
195 457
1031 1509
318 1658
434 1419
1242 1516
1757 562
1636 1743
199 252
487 1985
1545 818
1830 1169
1489 1833
1165 43
1285 1328
148 759
355 841
709 299
1851 41
1828 1591
1975 1631
16 1153
885 12
811 96
927 1956
1149 1544
1845 1573
1745 1838
317 1782
694 1414
1295 1345
250 903
363 280
1259 302
998 1066
1441 291
1491 102
1150 1539
1509 1078
816 1936
676 556
1527 1357
121 1828
1023 317
1228 706
271 1889
1196 1442
82 248
1260 165
1949 1215
448 807
1026 1055
793 1477
1004 984
842 1879
1400 1234
435 844
89 507
548 163
692 606
1076 454
1797 207
588 691
465 1093
1146 1834
1105 149
728 1395
314 1073
1930 1308
355 1486
463 788
486 876
92 681
147 1846
1899 1351
1250 1258
42 878
1752 36
1160 1718
275 303
191 366
86 1998
1393 1892
1196 1733
461 737
447 901
153 258
844 735
732 1260
76 767
831 905
1635 1744
0 1415
1436 299
452 1321
32 1158
1908 1707
1896 102
813 1419
659 1828
1834 1439
1945 934
1770 376
996 339
1770 407
1303 373
1328 1226
1741 652
1013 1787
988 813
1654 647
614 642
571 1113
1560 138
635 213
748 1435
463 946
296 1641
1084 381
1439 133
1238 511
996 1490
1077 1926
1153 150
357 642
752 1819
156 382
1625 1225
245 307
1455 1246
330 1238
1791 1995
1407 1604
1944 877
1872 1848
1899 224
1893 1006
1649 622
1290 350
533 1086
1172 1276
526 159
415 1517
181 2000
544 1166
943 144
1118 1085
20 935
1513 42
1001 1013
1371 717
1515 1441
680 1739
1970 1313
331 813
58 999
1658 16
1016 1374
1150 1483
1724 1277
598 1316
919 645
175 1715
1865 1908
165 948
1982 598
1612 1018
568 1362
1202 1090
1572 1469
548 1907
1321 158
1049 1218
157 805
1826 939
1957 1312
1377 54
489 65
1622 1657
632 1183
1217 914
519 3
1339 1533
465 531
1900 602
1537 168
56 1433
1299 1062
509 1372
1859 1370
1646 1614
1867 455
1333 1600
1679 857
372 1190
1355 1042
770 879
370 445
1472 1472
1151 182
1548 679
612 1698
514 1925
1596 272
791 1277
963 670
1381 1741
454 705
1524 1281
950 874
1932 1150
1259 113
898 1481
789 1943
1521 982
491 1150
584 1643
1649 1867
1592 1016
1260 1308
882 1324
449 1034
582 1510
1651 1848
1604 1177
290 645
710 1563
745 958
681 1934
1278 1644
1211 1909
1034 705
975 147
1405 1325
842 1319
1066 1785
1072 1061
531 1412
109 1703
821 419
307 476
1629 1482
294 125
1398 1952
1474 285
948 741
432 1687
1139 1214
689 723
1808 1836
229 1253
918 1260
752 1045
1821 33
1500 1717
154 1014
104 1398
2000 968
888 104
1654 1424
1759 332
729 909
428 261
1513 180
1336 740
1689 427
1403 1158
942 946
651 1373
443 1522
1868 294
1817 883
1297 1571
1146 20
1242 1853
1997 806
634 707
1151 1981
1418 472
344 829
1899 1424
1955 1355
1210 1632
1052 1099
839 1721
403 1658
1825 163
1250 1914
579 1844
918 1263
179 1992
668 1496
1738 1666
819 1601
1651 1746
1130 1697
388 406
1676 1431
1059 292
124 95
1523 152
1179 1131
219 161
1598 276
858 435
902 1091
1630 950
968 7
995 902
49 1574
187 1229
1039 636
1962 364
137 1167
1971 1457
1165 650
841 451
175 390
1018 506
128 482
649 1475
917 405
120 1232
785 889
1362 1832
913 542
1256 1066
465 1937
922 1541
1264 1807
384 467
820 828
218 1134
606 715
683 1285
1460 1339
1957 1267
1909 427
709 1607
355 980
1902 233
836 567
1100 1676
127 1595
1302 745
920 70
1915 690
790 1646
492 1777
350 1665
262 1613
824 815
655 821
1280 1119
769 786
66 213
98 1410
216 572
372 713
433 1652
515 793
1646 1761
85 463
306 234
756 1963
922 1124
1088 134
396 1301
1947 805
232 670
1662 470
1285 1147
1020 656
971 1778
639 1530
1489 841
38 463
1459 184
1744 7
407 1502
1410 201
977 1591
1804 1458
1900 1492
395 396
44 14
1142 672
1107 1332
1149 125
1200 597
28 186
1323 1364
1012 875
277 1000
873 1275
1839 432
676 1822
1187 146
1697 322
303 855
349 1561
147 1755
1535 1236
661 1825
1939 1007
637 462
1821 1675
361 459
1935 353
1037 127
796 470
33 133
868 913
1117 220
1142 515
324 1799
1143 949
1287 359
1660 576
33 1680
502 1707
522 1575
1188 1584
452 1845
219 551
711 882
400 307
454 396
1504 484
1171 706
1226 700
342 1037
1810 1417
804 1415
836 1127
1351 662
1992 378
1457 384
1889 751
378 127
985 1844
1648 1647
1928 1838
1836 1779
135 246
1723 259
1564 747
1811 1345
1619 1173
524 1996
1950 427
734 1890
1162 314
1884 865
353 312
971 1409
545 1246
1611 838
715 1646
1971 1501
223 198
1662 389
244 1592
1571 1353
954 288
1108 908
254 214
1235 1600
39 1643
391 1396
743 1078
1291 770
686 1497
1414 1606
1107 449
223 787
101 121
336 846
1393 1543
802 1757
490 622
1953 316
155 713
1062 411
1642 664
54 543
1208 742
1373 1494
277 467
1132 45
308 1252
1782 8
718 1353
1137 1340
1983 1739
976 235
1640 1204
254 77
1511 118
869 1513
1346 1968
1443 560
803 546
1015 563
274 211
1630 365
1876 462
849 1735
134 404
1905 514
1095 155
506 70
1318 112
225 196
1242 1804
1594 1940
925 930
1185 1834
693 499
1418 359
1026 1449
726 71
1840 1051
1396 714
1930 1804
1370 640
286 50
518 1195
1715 1165
1060 1806
1625 108
32 300
946 912
1253 970
0 485
333 603
1466 286
1704 991
719 1619
562 1783
1659 1034
1096 1474
1896 1375
1274 1187
1235 1667
249 1522
763 967
71 705
1944 797
824 473
1748 1205
311 470
590 1376
869 1836
266 157
1704 914
482 1119
1532 567
958 1504
360 572
152 1073
1296 392
15 477
646 1845
1078 1791
153 108
1434 765
63 1856
754 303
427 1821
214 1534
1816 1625
1718 1785
1089 1223
1485 822
649 741
895 517
40 575
1059 461
1224 32
97 1792
1290 1630
1945 18
1932 673
979 714
1492 625
1362 496
662 620
39 198
1977 1733
421 443
960 1178
177 1055
211 554
878 599
276 1036
1810 987
545 1405
742 1161
1457 605
60 1337
1482 151
94 101
104 1915
864 608
111 1572
66 16
1655 693
762 1252
417 146
1916 479
617 498
1119 766
1609 1261
811 1617
1113 695
863 127
1149 1402
145 997
1984 180
892 418
92 238
996 1469
1436 584
304 1572
1981 1368
504 987
547 106
371 697
322 1429
564 894
1601 1288
983 450
1987 109
868 1271
1215 456
1499 652
5 1732
1947 1541
132 750
1295 1164
1133 1787
1869 1839
350 1997
1776 772
1981 798
342 1439
340 1153
18 766
1413 720
783 1037
1100 413
1093 866
509 1873
1100 117
819 1659
1106 995
1448 1512
362 270
1653 1258
1370 1528
1075 612
1904 1695
1695 1026
1347 115
1096 1646
623 1194
955 605
1531 739
103 1096
226 819
620 1144
964 1665
873 273
1607 1590
574 486
1 1581
180 155
1967 1678
78 487
766 1623
317 1283
784 1550
1576 794
1245 90
1402 1701
355 497
1009 769
55 91
742 59
1752 445
1045 1836
592 607
1273 720
1272 266
833 276
933 77
703 1836
1237 1075
14 64
1947 1084
1371 1036
377 1028
1411 779
681 1635
580 812
1279 836
1402 1271
1091 1441
156 1729
1415 1008
284 1083
1673 1744
714 1254
184 1693
788 1462
789 1490
898 300
1483 1962
387 360
1029 258
1416 269
1611 744
1603 1354
820 849
1856 139
538 1287
1114 1428
1632 1257
1015 334
1787 597
1439 1619
200 718
870 250
44 237
1309 1714
490 1592
1723 142
1123 225
524 1629
1639 482
1743 1336
941 167
879 1913
1674 1099
354 266
1647 955
1893 192
229 835
1672 1774
1638 177
1294 457
790 1544
1487 358
897 1009
1540 913
803 221
1393 1218
1684 1370
1229 1693
248 867
972 23
1237 1410
1522 704
624 1461
204 1693
6 657
134 1728
787 1641
444 1553
459 1628
1775 927
677 1275
876 1751
1477 726
498 1778
581 959
423 479
1385 1934
1160 1253
1976 249
1335 1214
1687 1412
1064 1348
305 1538
707 918
1035 25
902 1008
664 352
544 498
410 881
1953 1928
660 40
518 1216
409 1089
950 201
1043 1337
1120 1912
1999 101
1941 1018
308 252
1990 545
1592 895
1995 562
193 1763
440 744
614 1444
1501 552
1984 781
1874 300
1650 1145
1844 275
1534 684
665 275
398 1912
606 608
927 969
352 393
1614 487
1246 1570
1536 1621
629 885
222 1469
1339 1861
48 295
638 1048
1413 992
803 1494
1709 155
561 1413
505 369
1163 1548
535 356
391 1897
1076 445
1128 1792
1338 1089
665 1457
1581 1700
1381 850
1431 379
418 1231
803 402
1713 665
1033 974
784 1472
801 1420
882 1539
1355 148
1052 1087
205 1043
370 1610
1327 1951
1600 261
1146 1051
1155 1936
438 1251
1159 47
1721 1904
1430 1817
1426 1423
409 1082
1710 863
666 1087
862 1791
87 1973
728 1344
1249 1383
382 188
712 254
441 1271
835 1745
496 174
720 759
1310 1948
1671 342
711 1181
1632 266
1420 1968
837 1807
1937 251
932 984
217 563
1496 387
1500 1335
28 1820
1270 817
320 1387
1199 1976
944 601
1550 1704
1944 872
153 1905
86 1539
744 1807
478 870
1236 1842
658 1281
14 1713
719 1394
322 1033
216 1629
1805 1150
290 1959
951 1558
538 180
110 1435
31 857
82 1429
966 927
5 1466
1764 1671
1797 146
672 1875
1104 1732
89 1130
1854 39
211 1661
511 1959
1309 1157
506 1777
1568 1783
476 1481
912 1888
1965 1273
990 569
1272 1253
43 1947
1603 1550
1448 1807
1726 1765
1441 1491
1293 1202
487 920
1545 1197
373 382
670 376
686 1440
561 1717
553 208
1624 57
678 39
442 93
31 213
1220 1495
1089 1535
804 215
925 927
2000 483
900 862
1336 1342
1696 48
1964 424
1852 288
909 168
1897 382
77 1821
150 1356
921 956
1738 1911
197 1004
34 415
407 515
179 1429
226 773
1923 1142
1173 762
256 844
1595 822
787 1307
1714 1655
667 897
77 1570
258 163
1627 1665
671 335
524 1965
387 1851
918 212
1230 1414
748 1403
1614 659
262 1421
475 1936
983 1689
1060 1609
642 1186
414 518
750 1830
1839 1102
957 464
788 1794
20 588
1431 364
1199 50
415 1837
457 360
1992 459
1884 1681
1890 316
1806 281
1313 947
1155 658
1075 240
497 1684
254 221
1941 1165
251 1423
1289 1189
1420 849
1650 1333
839 1766
951 59
642 1250
429 1657
1041 1211
996 237
1753 1279
596 1453
1432 413
1004 1518
1283 937
1401 1841
1238 1002
1870 276
59 1283
490 353
858 1270
1183 741
1905 500
1077 1187
735 1591
459 893
664 1727
1238 241
1726 547
668 1992
363 146
531 304
1567 682
1620 1072
1171 1676
1542 1707
1611 1881
1548 205
1805 1530
510 1800
326 1997
358 1488
561 1960
847 495
510 397
299 1543
1942 500
992 742
341 738
215 1902
245 812
326 1768
387 1249
434 1398
1807 250
218 1922
563 695
905 845
207 1278
772 1185
1455 388
1319 895
1668 1788
200 1746
436 1311
53 333
1293 390
1794 1462
636 293
555 936
195 359
1020 1092
1542 801
1409 1886
1818 1525
169 880
1661 480
174 1875
789 450
492 850
1880 498
1629 1499
1990 600
1722 187
1126 409
307 1818
910 132
458 202
1771 1992
1902 636
1002 1185
292 303
1687 1429
1958 33
1871 1756
390 1853
838 1833
180 232
1086 335
1544 618
785 1462
467 971
1020 506
352 1401
400 1241
924 1470
135 1210
955 1980
1979 444
564 1262
913 184
1254 664
124 1894
1438 990
834 125
230 1912
134 1421
642 351
1282 1606
406 1274
1995 1694
689 1435
762 1566
1392 896
1953 1255
1219 971
1686 35
854 1613
258 629
1684 1011
1714 624
1525 163
1226 1726
1650 58
1761 1971
1707 614
822 1711
1503 1761
1160 748
1162 887
1889 1468
586 361
71 443
1248 754
255 564
321 1701
982 683
428 1806
1834 947
1367 1975
764 1177
1664 1792
1624 777
283 393
112 1151
1104 1986
1871 887
925 65
189 496
1442 1824
243 1536
337 999
872 1726
12 1523
1039 536
1760 1218
1376 341
844 1466
167 1295
1950 10
1418 1937
873 1009
403 90
1965 604
657 1197
1371 461
200 99
1290 605
302 407
1163 1027
1705 483
214 1067
1407 45
1180 1325
1376 1222
542 662
1074 898
593 888
1927 1953
1196 138
269 1097
717 1034
1803 1611
62 1736
1623 1580
1872 1295
1631 870
642 830
28 1674
1276 1606
1479 1874
295 2
1735 1808
512 288
1091 1788
1511 731
642 252
347 549
765 748
1209 373
1009 1415
1565 1629
486 1080
1698 187
1862 217
1674 1556
1293 1261
195 938
1999 146
824 1448
996 1849
1213 1349
1643 522
1523 224
1637 1476
976 473
1894 901
984 1401
935 1648
667 116
841 452
1835 64
1319 1933
648 1807
339 1726
1989 1864
512 873
1835 1732
1905 77
689 1858
679 1922
718 1406
582 1186
1661 872
1634 1168
1655 273
447 1601
214 904
1317 410
99 1373
286 398
478 1657
485 803
1436 974
1489 1384
1577 831
4 1336
619 819
1773 1502
1967 1681
70 1234
1041 1808
1635 608
1720 1364
999 1034
113 1131
1107 1026
838 1177
1383 126
560 855
1825 565
1109 890
29 227
502 768
1695 439
1571 1315
597 1953
80 898
431 1072
1772 1149
1208 639
607 25
806 1317
1386 1222
1850 195
1893 127
561 1981
773 1458
1300 557
1844 1028
1818 1995
679 1477
620 1457
1434 1113
293 896
61 400
241 1935
1251 1093
1697 1617
505 1545
1497 634
391 400
1903 1835
559 1426
1790 98
1864 1648
1339 1779
302 1705
201 39
62 246
754 982
1924 975
308 1171
1322 289
212 937
673 1743
1547 611
795 590
261 266
1577 1296
1622 1966
1828 1202
1206 426
266 376
657 1594
108 1716
928 208
1274 656
1239 1757
1509 243
1410 322
715 1199
672 1828
1102 853
1372 1222
1933 1237
1832 1920
470 758
1299 978
1610 1044
1814 1522
314 1715
367 1170
1319 1079
972 1204
1268 1851
1392 1655
1058 437
797 136
258 532
1592 1382
500 202
7 275
1713 1925
1723 1625
486 114
1121 1613
416 1624
1792 643
489 149
1841 526
1921 425
1774 1319
1141 1879
756 1578
1918 934
918 1679
793 1386
577 1432
1177 1068
11 977
1728 1393
859 1736
1638 855
1898 1824
1063 1100
1268 1012
529 343
1803 1921
500 364
1312 1579
1975 634
985 194
719 1723
1558 863
715 507
534 604
1746 272
146 1370
961 1366
240 978
1867 187
1038 679
1158 265
1349 1353
1787 5
1763 1602
1686 21
750 502
1458 656
1554 89
1679 936
328 1828
11 1582
1750 873
1678 1433
1546 1183
1691 69
1980 624
1106 155
362 862
1050 1098
552 304
1741 705
635 1626
928 215
712 1630
1624 469
958 1034
192 831
854 751
1809 875
197 807
554 876
1834 1782
1080 575
1400 565
362 1867
3 1853
1848 1883
612 1754
1733 907
1324 1442
243 274
1436 727
1216 1064
1785 665
1319 1364
1190 655
151 1939
1872 281
1212 69
767 1114
1044 1620
370 1516
369 15
786 681
1480 1032
54 213
100 1672
771 568
1967 219
227 1647
1721 977
1703 1651
1063 1155
1671 361
215 1112
1185 1784
1511 245
524 493
410 823
1013 1035
1234 1011
1369 1672
1286 488
617 790
1673 1662
206 1920
1301 754
11 1864
387 641
1553 1593
1412 1432
0 1648
960 32
1530 408
1230 994
713 592
1508 913
882 1778
1393 685
1154 1360
699 1513
683 1584
369 945
964 1121
1484 1705
665 411
84 903
466 1943
1109 1372
1757 910
1307 1670
1915 1118
1357 1642
1320 307
1448 1182
584 1323
126 1033
1233 1725
1658 1802
1780 887
1454 1274
708 1581
298 127
1751 1044
837 37
1046 103
984 147
1216 492
1479 788
1297 432
1902 990
745 993
1948 172
501 587
310 596
1214 1299
22 1141
1373 1872
1476 1773
224 490
324 1318
903 586
773 1021
1260 1479
1091 511
1369 1079
354 1609
1418 1734
455 692
881 1081
305 1247
406 57
415 1076
1111 1688
531 481
106 580
1913 1308
61 1191
867 1686
461 624
1644 1407
1824 1154
971 1976
162 1055
670 1971
1048 996
295 48
29 598
1943 1898
406 801
66 1413
1666 1145
613 887
1370 234
150 1217
1737 15
761 1412
185 1111
212 1374
911 1819
1141 1431
1639 895
863 505
1706 1132
261 681
1279 1329
336 392
831 854
948 1678
1794 957
793 1944
609 1701
229 419
381 309
1235 613
1868 1662
779 1179
841 1329
1009 17
1802 1467
762 118
1835 482
1883 1415
1418 1409
641 549
1138 1771
1666 1704
1084 719
805 180
1714 132
1798 830
1195 1775
1637 1436
387 1938
864 1604
467 1890
144 1086
1997 1301
1185 674
1096 1594
1086 1754
388 1326
1727 1865
238 419
327 1454
1147 708
1985 781
282 907
710 1230
1285 617
385 89
1863 1078
152 475
1700 145
1869 835
1363 1011
1268 1580
1704 1923
1197 1589
421 356
201 557
738 784
596 582
904 902
158 1882
435 1863
1185 22
1742 989
1928 899
1676 1510
735 1417
1193 41
491 842
1433 933
1288 889
941 553
83 185
861 1680
1047 1214
1054 160
679 283
1691 250
470 434
1718 1862
1762 1506
66 1349
1087 1102
1435 995
1173 752
1478 629
1555 1583
956 1988
425 1279
484 661
1007 294
602 1861
1407 1520
271 1597
103 1621
1995 731
1377 1873
363 1755
1466 1820
1504 169
1994 1625
1444 1678
1462 942
1613 1249
508 835
594 1615
1762 547
747 1819
1502 1425
666 1119
256 421
189 1901
1036 1972
242 1716
1765 779
418 1557
1170 1007
735 1257
1291 975
1901 831
1934 389
1532 952
475 1358
840 35
573 1187
225 1469
1182 452
1406 558
1974 427
1637 1741
1515 490
840 1027
881 743
1074 683
1218 227
1573 1705
1698 1216
377 940
1780 453
501 950
1980 731
964 1465
436 310
1688 594
663 1593
258 376
1485 1797
1821 206
1908 72
1942 1382
463 1160
1609 445
1867 587
233 307
1731 1897
1409 1470
1224 1975
1312 1688
1479 370
1133 691
1572 1439
1939 906
1599 858
1485 83
1408 1289
386 1815
120 1040
1470 1868
959 475
8 1265
716 999
1463 1529
448 167
1426 1084
1325 1738
1026 172
1018 428
1839 379
1423 1252
1798 1433
1455 40
1591 1399
265 420
1074 1994
289 17
1279 214
178 1220
1170 1837
1290 343
264 1016
1730 757
971 1182
1183 182
267 1436
1325 158
435 1651
615 910
1353 1636
1231 1276
978 1656
1561 903
95 1024
23 1643
1272 968
1890 748
726 89
1336 200
1823 581
1248 118
1394 1981
1083 1627
1526 1976
487 697
846 1774
682 1840
239 547
740 1647
1072 368
1927 1747
1537 1609
884 1802
1737 705
1666 1288
476 314
316 721
958 1488
1419 1357
1493 728
887 1661
273 1185
134 1713
1529 148
788 1741
1131 1468
223 1351
1893 92
573 988
124 468
1690 1088
615 1666
1173 138
1110 1792
1576 853
801 1617
887 540
1739 1079
1178 445
1459 625
1856 240
272 148
476 1290
1848 1421
867 1144
1643 1633
1356 478
187 1916
1768 1949
1102 1585
1364 1607
526 832
148 1803
1234 141
1406 1805
522 372
652 599
366 8
88 115
1748 219
47 378
1909 864
1684 1694
565 209
1279 1305
1842 1645
1379 233
1167 842
707 273
138 5
42 1729
848 1456
149 544
351 786
1240 426
1768 52
636 616
268 511
553 923
55 1653
941 1085
1056 1982
1154 1639
911 1463
134 1823
1677 1062
1161 1632
226 1655
1667 1796
1873 742
1009 74
756 1267
1707 1413
1178 417
1994 1297
1822 926
494 1249
1891 1282
907 463
817 191
1034 951
83 604
27 739
1125 1040
400 1339
221 748
585 159
860 1712
1864 959
1450 722
1220 894
958 27
377 116
309 1643
415 643
785 743
562 1212
85 1458
1257 138
148 514
1333 624
1285 1423
300 1851
1682 583
817 1610
1038 658
1500 965
1598 1740
1694 1093
1540 1015
846 1468
1289 1861
1057 127
1202 822
1806 1883
513 293
40 543
975 1042
345 1199
1018 997
1326 1540
1789 1092
650 1200
1333 848
960 801
68 1060
941 1713
410 889
1969 1901
1700 1697
990 1183
1077 1882
541 1050
1052 1796
1654 1509
631 1978
1470 424
461 675
341 149
1487 674
820 1961
150 847
667 728
33 1640
884 231
1889 278
369 1349
1549 843
1755 413
399 1399
1707 1027
85 356
660 1246
784 1396
1720 1960
1425 395
1325 338
18 1747
1384 357
364 411
1877 1999
1470 289
613 797
1310 792
1204 1223
1847 1073
1530 636
556 1139
650 568
1196 1601
1879 1167
1119 1430
605 1289
1102 1415
812 1832
411 557
689 1813
505 733
301 1159
1595 956
222 1675
187 1655
1834 1551
1923 364
1487 1030
1915 745
7 29
1510 244
1494 1393
926 1494
1423 345
1044 482
1021 1566
1905 1764
1596 977
1589 523
63 1232
931 1320
885 1525
845 425
1543 395
1494 1418
1752 1186
1181 1642
540 1071
831 1609
588 1891
338 890
1953 528
1523 261
1970 1508
439 1801
1327 389
982 111
1800 424
1369 1058
542 528
1452 686
630 1607
876 788
974 870
1542 1694
1747 1931
1671 761
1890 989
1483 1332
860 688
896 1654
37 487
1562 1224
706 1458
978 408
306 1868
1009 1286
753 922
405 367
475 294
1747 706
1890 1310
751 1905
761 521
1358 985
254 847
1807 507
1065 224
385 135
1792 1829
1953 314
1764 1116
1748 298
1748 1351
861 45
514 511
1143 64
445 40
1519 232
1019 33
1673 254
1294 1376
1251 672
23 720
218 1946
1594 1700
206 667
59 409
1786 792
1307 1197
1351 1738
1743 234
179 1252
744 1322
1003 1098
1185 1045
1691 1074
1590 1616
1651 1183
705 633
48 93
53 90
1384 798
569 1378
288 1830
1334 1497
899 1588
1907 1421
895 406
1864 522
1279 1294
1802 1506
625 897
999 1492
705 748
142 1978
1405 1324
851 1168
978 1902
751 1160
1312 1570
375 1988
1284 1650
477 1775
1490 673
1123 66
1436 660
1602 220
1788 669
10 1822
1072 1572
497 849
1574 1122
1395 1853
828 1019
772 1173
403 150
278 375
241 1570
22 1274
689 599
246 58
164 3
1873 294
1559 276
1130 1396
748 1062
634 1423
1571 1336
504 822
1269 381
1125 1789
1483 700
131 1788
224 1214
747 1751
278 270
261 274
1784 112
637 224
517 597
637 846
220 1032
564 1104
144 1636
531 147
1551 1427
567 1225
1936 1165
541 1259
1902 409
692 168
1130 1647
1360 1489
1101 1674
409 907
1997 139
91 202
643 908
767 517
823 1748
1210 1901
709 450
417 1991
743 1089
1318 943
632 251
1833 321
523 1011
994 1308
551 1245
253 1170
987 1729
356 1729
989 754
1445 171
1719 760
571 1352
1126 603
314 1298
1988 1535
1115 1591
1435 645
676 1450
105 623
466 1511
333 154
67 893
1392 702
885 1812
1679 1817
525 1617
328 1368
1918 718
1727 1620
671 307
1852 1404
736 418
1405 1332
99 1986
765 599
1690 1500
1495 17
274 1231
1429 1021
1867 999
1369 176
1387 1857
306 754
891 587
959 12
288 58
1609 1736
716 1487
131 1100
90 685
885 897
806 640
941 1206
283 224
1824 1996
1208 1684
1920 1265
709 189
1788 667
573 749
435 1163
461 1838
1190 1743
341 1108
1281 1259
1939 769
3 1015
1376 1362
347 1111
256 1830
567 1105
1848 614
1565 1154
558 100
1834 1331
1068 1213
219 1554
663 622
1836 314
1538 222
3 1936
374 618
737 1555
73 194
967 863
1494 1630
983 1772
1429 56
600 259
603 452
47 1636
852 1141
1692 742
167 880
557 697
579 1036
1724 1982
276 843
1021 482
450 521
525 1917
1409 1625
796 1298
339 3
1730 2000
1684 888
723 1018
280 1977
1320 1397
1856 539
462 1676
1898 268
1333 658
1681 1274
1560 1692
750 1216
1601 1200
1951 762
1736 533
1258 1787
1480 567
673 955
291 279
148 255
1962 571
418 1444
1474 1224
1685 323
999 1007
350 613
1597 837
1471 431
417 1164
1875 703
1374 1571
1743 1953
12 1182
1483 752
843 333
981 1762
557 980
356 1494
393 1580
1595 147
850 1491
792 1439
1090 595
312 628
1842 29
1459 275
1887 868
1847 746
69 1913
1143 1056
1574 638
745 371
47 100
789 455
1857 866
1736 1390
107 922
8 1757
1323 1483
366 645
1126 1117
59 3
1187 267
32 1930
143 1263
1942 1697
390 1655
1795 605
1473 979
545 1897
1016 1626
171 146
953 324
991 500
271 1570
412 1818
608 894
781 1625
1515 1512
1713 836
102 1376
419 301
462 1775
940 508
863 1724
1247 1601
311 597
1998 585
400 1103
727 1729
1587 87
357 1920
369 979
107 1736
169 979
1772 1294
84 775
749 310
409 1875
1261 546
1371 1475
75 1882
1105 1466
471 1011
295 317
1369 1993
1220 1880
982 1506
307 1483
1875 1757
888 599
319 363
542 1366
148 1359
1543 1524
601 1862
1077 1045
1583 23
163 415
1076 326
1463 300
1683 768
136 13
1381 1996
559 967
1 117
1969 668
1173 1653
1784 1689
1232 1736
1016 1499
1079 1025
895 1558
1440 236
1509 731
1479 413
1704 624
1908 643
1062 1596
987 692
690 1843
1796 1565
858 1732
607 1884
1495 430
1019 399
1379 19
1703 1190
520 1997
1660 603
193 1479
1126 1281
1440 665
562 652
78 41
1745 1852
1213 1378
1952 980
1308 1809
1458 60
1422 1270
1007 173
1391 175
1486 1708
1099 1470
125 745
699 1308
1125 776
730 1476
307 1504
1360 1497
1544 1189
1804 821
1159 1127
311 1079
1957 298
684 569
1194 753
770 507
572 101
1251 537
1160 10
485 565
751 1527
1145 844
150 1534
1879 1328
659 1345
1946 1074
1520 483
33 842
994 688
620 1412
1531 506
479 424
747 149
489 1441
467 1976
298 166
1072 1041
1221 1916
991 1982
1592 53
1277 626
1249 464
1922 1402
79 1666
596 930
1627 162
1463 597
1085 17
1370 1109
822 1174
890 1432
1845 1856
678 1731
1076 663
639 1659
1073 792
988 1207
107 30
680 570
461 1488
2000 1854
740 1310
639 137
749 1988
1764 1118
1354 1466
529 575
703 326
723 516
999 987
1183 841
764 1760
1412 1623
188 1306
1382 8
64 1938
1433 410
212 1251
1952 1712
1417 714
731 179
1129 956
1494 495
467 982
1727 1176
1203 1567
191 1326
686 779
885 953
972 1085
322 1064
1047 1908
765 535
807 1541
43 1245
306 1627
173 500
1406 715
1742 1761
692 1550
124 388
1805 973
107 1404
929 599
68 1531
1401 392
371 1533
704 1967
886 310
213 1125
409 1063
440 675
1463 446
1865 351
352 1822
1332 1437
299 754
128 1931
560 255
1788 539
1649 1630
667 298
1168 942
763 1071
1483 1807
220 1721
478 500
253 233
1656 1147
1443 73
527 1586
273 594
955 583
36 597
1430 26
1345 1687
1613 1983
1331 1734
1308 1527
93 525
688 1207
815 1751
1888 338
1777 72
975 592
510 811
355 820
419 1443
545 312
1523 145
1021 1916
834 1798
701 1106
1814 1997
1550 1054
1202 1492
62 1360
1731 200
1199 1481
1138 337
347 238
1034 717
462 1934
1901 1562
767 1680
60 1329
1332 147
1878 237
1077 21
555 892
412 1071
1492 540
1593 1623
1963 440
165 1875
818 414
95 1600
1834 391
1012 634
800 973
1457 1724
903 1731
1778 955
562 1797
1354 551
580 1029
1233 208
1657 1882
1329 1298
943 433
1586 1286
1245 1834
1036 1079
1929 1688
454 1065
1422 615
571 688
700 635
478 480
211 675
248 640
1824 912
131 1628
199 1203
868 1969
256 423
1339 1037
1152 366
1896 1333
980 646
1123 1906
282 1990
1591 1201
733 280
837 1472
337 1765
1402 534
1930 594
461 713
1499 522
633 37
827 321
896 877
1390 827
1939 853
881 1222
225 293
969 878
1008 248
279 434
916 587
741 1149
414 1802
1656 1762
876 1963
337 466
239 697
1174 564
1796 472
775 606
651 362
1591 1841
1855 1362
1550 1092
1294 1218
974 770
926 772
373 1461
147 1887
571 998
1433 634
987 1458
1950 691
34 64
1486 1652
131 1867
1039 1065
978 1256
8 1833
126 1576
884 1001
664 423
1199 516
473 1114
605 807
1371 1301
1884 1339
722 910
969 1411
696 235
1405 56
99 1717
1374 690
799 982
1028 1609
375 1591
1078 501
278 1740
602 1398
165 177
61 818
1813 1379
1870 1400
1199 533
565 389
1764 1609
1203 441
715 1556
225 691
1840 1619
1854 983
725 413
304 1648
659 1001
1795 1127
1761 786
473 433
847 1187
1519 685
235 844
1566 543
774 458
774 617
777 1054
1172 1550
692 1215
812 602
1339 315
1528 25
150 78
1199 1938
1908 1118
371 975
693 1678
1520 926
841 1441
794 1132
1544 110
992 1848
1477 840
1969 1439
1076 1011
1236 454
619 1673
1688 1785
439 1844
398 70
1577 627
302 1791
1183 1796
871 768
1375 677
339 781
1732 937
1140 1020
83 1753
1646 1224
1426 1382
1246 938
1006 662
583 1217
1435 616
712 1857
252 1170
755 429
1248 973
1290 1419
961 155
150 1021
319 1405
506 1939
1791 1832
1907 421
1606 1338
810 712
771 355
250 1904
1 1209
185 897
785 191
1054 335
1659 755
1164 1885
1771 404
1194 1657
1421 212
521 204
1486 1178
1909 109
514 723
440 1533
1495 409
1590 1165
822 1461
128 467
798 1967
1964 271
1352 1502
871 1600
795 1999
974 713
369 1468
1799 87
81 535
1386 603
1319 419
1585 883
359 1050
1887 1421
223 1312
903 550
1171 453
963 1552
1273 1169
1663 359
524 345
396 483
274 237
1766 791
813 339
1129 1453
1718 1329
75 1840
406 1420
364 1389
1201 142
114 1638
521 781
192 294
381 148
1068 1921
1658 964
1389 116
435 1485
1873 1529
557 1748
1850 1881
1770 1168
908 1293
54 529
1364 385
88 77
623 722
102 639
799 1320
321 950
1775 235
144 419
1484 1968
1883 1263
1753 97
1332 1785
1849 1368
1653 1566
296 1899
479 1630
190 1816
298 1333
1538 1595
1680 1463
1493 1943
385 1486
423 119
463 1226
1555 1601
730 709
641 171
840 1260
1639 0
1506 1322
1743 741
479 1357
89 1930
410 604
1674 1063
1538 69
1345 154
1528 21
273 339
1435 514
1076 1159
1353 1163
651 323
488 1502
1448 887
654 1564
1282 23
1844 1416
445 231
267 1146
1743 208
1855 1552
1290 80
445 813
251 927
1672 640
1393 548
780 1760
51 1104
1848 565
1100 463
1721 1163
395 1552
1354 393
1599 166
649 1148
491 1357
377 1873
1963 553
464 1136
1174 1147
397 761
632 76
981 712
755 1523
991 1183
1784 162
1288 1635
1036 902
747 692
1814 1247
1615 1008
1229 673
927 125
705 659
568 744
1595 1111
218 1255
627 1274
1572 1776
725 846
1264 320
1222 1269
1118 33
1788 1235
1895 1988
1138 1416
748 1100
1232 1903
707 915
1109 704
455 419
576 1251
629 312
324 1174
278 53
178 651
1533 916
1429 292
476 1142
1352 29
733 1282
1274 1532
335 1058
987 1803
331 1018
1127 1116
1162 1349
566 159
1537 1559
308 576
185 497
1460 917
1404 1184
1873 903
544 742
552 1369
79 857
712 448
1889 1388
1900 1936
1327 1098
1989 908
1550 407
1370 578
268 1550
1406 1626
1578 1715
1550 298
1308 368
1255 584
1918 1146
1199 462
1171 1121
1992 1554
1394 586
594 889
1160 953
561 1082
1672 1414
326 236
1766 1363
1038 1947
830 32
1430 1786
601 723
1457 1971
1868 1884
1443 1248
998 1433
1313 1086
1983 266
787 22
472 1377
711 1432
207 985
31 659
1138 1605
775 401
162 196
915 8
1531 850
1733 1087
868 1434
831 515
1523 498
1178 1786
416 284
267 480
1656 1036
1276 1383
1636 1240
1495 1822
1401 948
970 1231
1594 1544
973 1526
1923 1023
1726 1034
1686 1447
661 864
875 1727
1819 103
1751 129
141 1113
674 171
304 1084
597 288
663 703
1532 134
277 1496
1667 776
1732 130
1805 43
1223 1616
709 842
1059 1984
1509 1611
1151 812
56 758
881 1967
1165 536
1882 1191
223 273
1558 1185
387 1559
1775 1841
15 539
640 326
1050 126
1226 1623
1363 1758
348 1958
881 1605
548 66
65 930
126 527
273 1807
1505 581
183 1423
1661 819
1662 924
40 72
1660 954
513 825
565 1730
1300 530
1636 37
1397 354
1129 156
1803 382
125 1653
344 5
427 1982
1652 664
940 1323
66 299
51 385
1956 1307
617 175
519 390
1878 1223
886 1378
844 1829
399 1833
347 1295
1222 730
623 1457
1812 1623
1410 268
129 1649
1151 30
44 499
293 613
353 1199
1335 1122
1614 97
1125 1066
1211 1
388 1645
723 1998
1998 619
302 1677
1112 1355
1880 1569
667 1858
1967 971
1978 670
516 1075
252 491
579 1268
1572 979
1872 589
1631 856
939 1710
875 185
1484 1154
373 122
1131 453
522 589
1784 1698
602 381
356 543
228 569
1551 53
248 1701
1739 424
16 460
1992 716
774 290
1754 1144
1492 1397
792 603
1584 703
1927 733
838 1544
1956 964
239 1441
399 1142
1211 1097
315 419
571 617
755 1302
595 872
1957 1145
1385 152
1749 582
1372 1872
164 788
356 1108
1979 1698
140 821
739 718
407 1722
342 1097
1575 104
1571 1216
284 101
1842 865
760 490
655 78
1645 1606
495 754
1555 1928
375 1090
312 1567
952 54
1456 1511
1447 359
290 1132
1789 294
887 477
322 1562
763 0
1250 1826
37 194
145 505
1037 476
363 159
1788 339
1335 1256
1710 1864
1078 24
1372 763
1013 241
159 871
663 1432
1747 1428
1668 1365
417 298
517 442
557 451
580 1574
1407 416
1356 1998
800 227
1312 1959
416 1667
1540 1117
1244 682
1571 334
1378 930
1047 1952
1130 762
40 131
1954 1377
332 1426
1969 1506
894 991
428 1755
760 1632
1481 1867
1592 166
1252 564
1880 1710
1631 1105
1953 380
1004 1099
1495 1654
2000 1820
723 1205
416 1181
543 256
1910 1532
1021 1149
257 1861
1823 1319
1788 618
1375 800
405 76
1896 65
1733 624
308 1577
1285 1335
277 1587
1456 1734
570 191
378 405
1477 1878
1006 552
1544 660
264 71
1877 1514
1957 1229
647 381
883 1334
1011 1393
1584 72
1552 1132
108 1851
1386 229
622 1916
1447 352
295 823
1671 591
974 314
517 388
1019 1223
351 1698
1012 781
1838 641
695 427
1265 209
98 119
1352 1277
290 1787
1331 913
1820 1372
408 1715
543 157
647 450
198 1677
116 605
677 708
1554 1873
1202 1981
762 1624
1835 1911
456 20
1867 160
1987 676
1664 895
1767 1716
176 1841
546 1059
280 868
400 902
1349 630
577 63
14 1428
454 201
1928 1546
1650 1663
1236 1762
451 968
90 911
269 1091
703 1993
1144 1134
311 1361
634 695
965 1059
1123 277
114 293
1908 1467
1987 619
326 69
714 1462
1081 344
41 1748
140 59
659 1592
1320 851
419 242
1674 1091
1463 620
1851 119
1851 1217
451 355
836 1863
172 1614
58 1738
70 1066
1906 629
599 1233
1766 924
482 1167
470 211
478 924
421 1138
530 593
1769 595
1729 14
234 1623
659 1748
1973 447
111 1948
1143 1030
1303 1698
851 370
1619 1449
1829 1250
675 943
1687 1832
339 1301
915 1243
1840 326
1511 411
1757 17
1876 1285
983 1396
1510 1919
435 1642
1495 769
693 371
953 776
1428 668
1060 797
307 497
671 1236
1531 1573
1726 1043
496 1475
1203 258
1996 1801
1663 1339
376 1550
1204 92
868 1592
596 685
1408 1279
1441 923
988 685
1908 534
611 1481
1925 739
1391 1083
1081 1448
662 701
534 664
1385 1774
905 1789
1504 194
464 1926
1786 1822
1710 1029
1173 1728
1972 656
126 291
1670 836
1493 1290
22 169
1722 154
1913 295
565 1256
227 897
1046 1
280 1854
942 1774
1147 1984
966 1805
66 1146
662 1060
425 97
173 1374
420 745
1215 728
916 414
1179 1673
739 269
912 1588
874 932
1274 390
618 235
291 238
961 959
195 654
27 1385
223 666
1562 1137
93 1903
1988 1271
494 433
1447 498
56 1022
919 9
1154 1129
934 1532
1535 1865
1732 1441
1095 1473
1098 675
723 1325
564 1946
1113 1219
1570 542
965 1997
1831 556
321 1525
1529 343
267 1622
988 1932
1375 257
407 272
397 1323
1950 972
1041 1137
214 555
1232 900
1829 1076
1836 14
235 603
951 22
1580 414
1370 1435
815 256
288 1510
21 1554
377 156
1441 1842
928 1146
952 641
292 923
292 267
1879 1728
1281 280
844 325
1740 1030
1177 396
1683 406
400 830
759 854
473 209
559 1018
809 813
584 751
205 674
982 1137
1030 1561
89 593
1141 705
1006 166
254 1610
3 1739
1475 80
1803 807
1923 71
704 1051
763 1728
1562 461
1481 350
1229 1623
250 589
1780 1766
1319 497
1665 721
733 1407
1270 350
243 1612
1271 751
1684 1229
1067 1438
559 1098
1996 227
1234 714
1188 1250
479 1417
1229 1348
430 128
1575 398
266 947
281 121
269 1704
455 1313
1328 278
1497 398
1872 1115
1585 280
644 358
844 1885
1510 372
508 932
737 507
1961 1412
1417 1351
1046 814
1366 1779
1562 185
324 1509
1082 1470
1478 761
1091 747
1669 729
184 770
312 1534
789 373
1136 370
1517 707
1235 843
1785 777
625 474
138 1312
695 895
1340 1584
1587 741
23 1204
219 1901
305 1947
1350 1228
1701 73
856 1361
372 1515
1918 104
510 410
1087 1660
898 874
637 1077
225 1793
1191 1042
813 421
413 1775
761 1718
843 495
1962 456
1776 1855
1324 1174
1355 1794
264 348
1599 1402
1831 1324
1050 886
492 1735
1680 1082
606 1277
1339 280
142 103
804 1060
782 775
351 309
1551 1715
1213 238
1233 1301
908 1220
882 1726
903 484
276 975
81 1812
697 1033
1268 1714
1322 1656
1403 1797
958 696
1389 1317
2000 294
183 748
1913 1849
1214 103
806 1456
521 162
1347 510
328 1174
443 1878
1798 1216
318 1401
1213 1515
14 1861
1157 1809
1026 1024
968 1414
1842 1157
545 942
1304 222
1370 392
616 1108
346 30
1968 891
1221 591
723 373
1909 1370
509 1922
1829 1520
1603 1922
1357 303
394 1845
634 1065
1833 424
1231 1676
678 190
981 600
1508 926
444 522
1900 420
24 946
1402 1551
164 410
740 1830
734 456
1745 1285
1790 1480
1920 388
1444 761
1153 1975
573 1853
1008 451
319 1462
889 1349
1111 1404
400 287
1339 1456
1602 1981
851 932
996 1463
1121 752
466 874
683 678
1400 1899
1843 1593
736 255
310 1162
1712 1554
133 734
582 1412
1182 1517
493 1073
1707 1949
1246 139
1515 1152
1431 1316
1777 1974
625 303
1601 1094
219 677
1429 164
1479 1613
1254 215
580 649
460 622
908 336
624 615
749 638
745 1902
788 327
831 940
612 922
901 758
441 674
521 248
9 772
88 701
1113 1435
303 1510
245 1130
425 1869
1723 962
1485 429
1818 1750
1177 1609
318 646
1064 909
1692 1386
1679 1206
104 796
1268 241
994 1260
622 422
301 1463
37 1839
693 1729
1656 962
149 1855
1884 545
1748 1257
752 691
1716 1012
102 327
1041 1037
516 262
1062 1566
1996 1151
1432 922
921 1718
1458 187
1193 1582
547 1558
855 1756
462 1043
1109 331
1050 1454
1127 1688
332 513
526 438
1746 1612
1772 812
660 913
1923 505
972 1272
1025 826
1591 1490
456 703
1783 81
490 1028
323 722
165 411
1638 1010
1890 1492
3 378
1527 226
1810 888
1168 196
1828 1352
967 1511
790 709
1311 154
1307 1478
1430 1367
1992 500
1412 535
1003 1161
1343 267
1901 823
316 175
618 1167
1973 1257
914 676
1373 643
826 1124
145 44
200 1529
1426 507
439 1550
1237 1050
1425 1822
1868 1257
871 1634
388 492
35 1
38 1159
1797 1770
399 751
1807 210
1534 82
239 529
915 1292
1766 962
562 491
381 103
1359 946
560 867
1447 811
1111 1301
335 781
636 71
1734 386
1590 1819
1505 379
145 371
839 1391
460 660
1850 762
1880 1736
1295 1950
1792 482
1670 674
141 104
1787 1364
1477 272
1731 313
1367 1745
338 1643
936 1982
380 345
1127 1229
1175 1930
387 1915
1921 1578
1563 1369
116 1735
1586 684
528 1469
1977 596
1612 35
221 336
10 1190
307 217
497 276
1097 981
940 448
24 1162
119 1641
1124 413
1078 825
1618 1458
382 494
127 1931
1472 1143
1107 850
1755 199
1387 997
1652 1830
844 4
717 1209
819 1662
335 196
547 509
158 1703
366 947
1038 1002
548 209
439 678
665 942
18 762
1522 885
420 128
679 868
390 51
703 43
61 1920
471 269
19 1744
209 387
83 57
154 1601
1895 1639
1341 255
1122 599
1014 962
504 23
795 1443
993 1297
938 344
901 1855
1769 187
643 608
1364 1559
30 1123
512 675
183 1077
1917 1931
1053 360
872 1126
837 524
427 756
966 1631
842 1031
1588 974
1395 1820
259 1912
103 1883
1183 1792
856 1984
798 944
708 242
665 1853
1957 1347
1797 1889
594 1205
467 760
1129 1892
770 1312
693 1879
871 1247
79 1941
956 374
1880 397
887 1051
1118 560
1003 358
241 830
75 1958
357 1370
535 1396
1988 469
1841 1411
175 122
1612 854
1308 995
1740 1017
845 1005
1011 1933
1086 381
514 1636
791 917
41 1486
505 1599
1419 487
1629 1356
1363 470
328 1233
626 227
1725 1626
1123 305
359 814
796 1885
1371 1747
1068 923
846 609
41 1117
1930 16
1434 978
1406 149
293 227
1825 1179
699 1097
1922 668
263 1748
1834 635
768 212
622 1713
789 214
1472 816
188 1951
643 32
704 221
1417 1596
1174 301
105 1305
539 835
878 1358
1133 443
588 678
582 712
315 1565
1625 1052
945 172
239 67
1470 1438
459 1049
1289 1944
693 194
500 274
1105 1827
1691 1312
768 445
820 1975
579 1215
1367 1584
268 182
746 950
258 1962
1927 1907
1022 1707
787 1427
1294 1751
839 368
180 1819
1530 900
401 1630
515 1001
1236 1138
1610 1327
1996 1577
344 50
756 1498
138 1445
142 1753
244 267
1957 544
649 270
1292 1271
557 1855
82 647
1858 1645
227 1906
1468 527
645 1338
656 824
1652 989
323 701
1129 25
1699 1944
248 1080
1104 1346
1144 1423
85 1142
705 1405
524 1561
1654 1107
118 893
1970 1544
1566 1829
813 1253
1873 249
1278 892
462 1002
1562 1621
817 1355
1842 1853
216 981
1952 172
968 1057
10 78
1400 948
735 1270
607 1442
1981 964
966 1365
370 320
846 1404
1517 887
681 1458
1469 121
1233 124
1870 1840
493 1966
1365 1553
1042 1452
991 1617
6 1631
1364 724
355 1259
1581 1711
1433 1655
1970 1770
946 497
1496 517
1344 342
1227 1803
1602 1585
696 214
1583 904
1146 1950
872 496
1052 969
370 864
1893 1426
1206 867
1002 1141
779 83
1228 1060
1548 237
318 791
914 574
1711 1784
1420 1366
1501 1419
1596 708
1419 1669
1864 1805
1166 568
1285 534
1778 976
169 1272
1633 1873
586 1599
1034 1633
1447 511
1945 825
1218 1535
473 377
296 109
191 846
1499 1558
1207 421
413 1190
30 1114
228 1295
1049 378
1324 736
720 870
1962 997
1890 1058
970 1796
1056 36
1294 412
1585 1486
1127 234
1088 9
1848 704
1453 175
1307 1787
1035 704
1184 857
1452 369
996 1129
1320 282
114 1852
871 142
1130 1564
1148 1796
894 1694
1880 1255
1932 1587
538 179
1463 1893
1351 126
66 643
368 1360
1892 1070
769 413
278 213
1408 1527
432 466
1732 501
1025 1095
1701 1661
1636 364
982 820
879 1136
1644 1035
1385 23
1018 1862
284 1567
76 320
119 28
1904 893
15 392
1584 1169
1545 1679
300 1432
491 28
725 1182
1003 354
1672 911
1368 1739
1737 949
1174 991
15 1966
47 1914
1387 1635
860 194
1550 289
955 1882
799 1009
188 1685
28 1429
1728 1446
960 1916
1785 1813
792 739
455 1773
1211 1300
718 631
1875 1241
207 894
1643 1479
558 790
988 231
1730 1443
1995 1064
1485 209
362 627
1146 903
633 1980
1903 1891
1296 873
54 1731
1011 282
1466 1150
985 1680
733 1044
1262 1280
994 1370
1644 1501
1102 869
308 238
1379 676
123 1151
519 99
508 994
452 5
24 1488
1156 1278
224 1132
1326 1577
338 1495
576 23
536 564
1208 406
617 152
1659 1285
558 459
1266 1248
266 970
1355 877
1135 1636
