50
10 29 168
40 82 61
54 88 206
73 111 10
78 99 261
105 106 239
133 146 82
137 152 14
159 173 56
170 216 279
194 196 112
207 220 3
225 228 269
248 271 176
275 316 297
291 301 236
301 341 1
313 339 74
314 324 247
332 361 287
336 341 221
341 365 289
368 417 7
393 411 245
404 408 23
434 446 195
451 461 168
478 528 278
499 538 279
524 534 215
538 562 259
567 617 93
591 632 86
607 657 254
629 661 277
659 683 59
683 713 146
697 740 194
714 756 98
720 741 108
740 785 139
754 797 248
782 804 149
784 817 134
808 851 36
817 831 297
822 826 111
824 842 53
844 886 30
852 856 11
