50
8 57 60
33 77 124
58 97 279
87 93 284
94 134 44
99 127 73
114 132 24
116 142 205
145 171 46
153 184 230
181 214 107
188 208 56
204 241 263
219 237 156
222 239 250
233 241 97
263 304 200
282 301 220
285 297 39
292 339 76
301 350 297
311 344 217
312 329 233
328 338 69
346 352 132
347 390 243
355 391 61
371 414 128
387 422 88
415 449 195
442 469 117
447 481 105
461 505 111
472 480 163
501 507 208
510 530 105
515 552 166
541 578 272
557 578 144
565 604 152
568 588 81
592 600 229
603 630 57
622 635 97
622 638 100
633 676 189
652 655 187
677 727 216
685 719 93
687 711 53
