50
27 50 151
56 60 266
63 97 188
77 120 143
79 95 295
88 100 284
97 110 95
106 120 277
133 174 252
163 190 160
188 215 210
211 235 92
232 259 291
245 248 94
262 270 147
271 278 108
297 327 84
313 319 50
331 332 279
341 360 192
352 367 156
378 383 64
385 387 231
400 417 141
412 461 205
435 473 12
441 488 238
455 497 251
469 499 136
480 481 249
509 545 203
532 571 244
538 559 61
550 580 256
567 596 67
578 592 145
597 611 127
620 665 89
648 660 273
670 675 60
697 723 264
727 743 102
746 765 74
756 777 76
777 780 155
803 812 29
823 825 107
853 856 250
861 885 298
876 894 126
