50
17 29 226
42 76 156
58 107 116
81 95 188
100 146 41
121 151 203
125 164 113
155 189 205
155 166 194
163 171 230
184 230 22
184 191 96
205 228 34
210 227 279
233 257 162
246 282 33
257 277 130
278 309 174
296 320 249
320 324 60
324 341 191
343 345 132
355 382 2
370 399 278
391 418 105
417 427 138
433 479 51
462 493 176
466 508 249
473 480 211
474 476 220
498 499 210
517 559 15
525 531 232
547 580 53
555 566 189
555 563 27
566 582 141
587 598 52
611 655 111
620 650 63
650 698 228
676 723 23
687 731 167
716 744 118
743 754 289
768 782 220
784 797 213
797 835 141
805 846 205
