50
30 51 281
52 71 77
73 104 261
79 95 287
105 119 3
113 131 215
140 153 272
146 151 249
161 192 73
188 189 44
193 226 133
217 223 173
234 236 55
257 299 23
265 314 15
289 323 299
292 305 130
297 326 257
305 318 18
318 346 121
324 350 19
350 376 250
354 367 183
364 376 94
387 421 179
404 418 9
433 456 120
443 464 279
472 503 9
475 521 243
479 528 70
484 486 266
487 519 113
512 545 132
524 530 158
545 582 213
572 612 210
581 629 278
600 642 87
630 670 88
660 688 119
684 688 201
701 751 259
713 739 288
722 752 205
746 757 237
750 752 42
751 790 190
752 757 23
772 806 8
