50
12 15 58
39 52 256
48 75 291
57 67 230
62 111 204
85 114 110
85 121 62
102 109 192
104 106 272
108 156 40
127 168 231
156 158 52
179 201 39
203 218 35
206 226 52
223 269 95
250 263 206
250 279 82
259 261 286
273 315 91
292 295 258
297 332 241
312 315 121
328 370 187
358 365 148
388 423 11
394 427 139
407 431 81
411 414 239
432 470 140
433 453 299
440 472 157
442 446 250
447 475 69
461 492 30
488 527 183
509 556 191
516 563 285
530 539 12
556 600 203
580 627 171
601 637 76
623 670 187
647 687 111
663 706 141
686 721 213
710 752 155
715 738 297
726 731 127
749 764 166
