50
14 15 88
17 24 210
34 42 244
49 71 50
77 105 189
86 105 228
95 130 193
104 121 20
115 135 287
128 148 62
157 167 247
170 188 178
186 187 234
207 236 12
237 272 64
264 300 199
279 306 21
295 309 142
296 297 188
296 302 15
303 313 39
317 358 196
335 347 233
354 366 74
383 400 12
404 414 264
406 411 45
426 458 82
453 458 84
479 513 115
487 506 134
510 527 289
510 517 202
523 553 195
531 538 174
546 559 271
552 591 225
562 590 19
579 609 129
600 634 39
622 634 42
640 671 249
655 702 103
657 685 83
680 701 293
706 722 119
733 764 191
738 787 153
741 772 256
753 788 142
