50
9 12 130
32 41 71
34 44 190
40 60 233
40 66 287
57 102 99
57 65 70
67 110 258
70 97 192
80 114 152
88 125 151
110 133 142
112 143 59
113 145 104
133 154 279
135 141 147
157 160 179
166 198 5
170 180 256
200 238 96
224 263 108
253 300 70
256 283 125
269 303 57
288 300 224
313 332 87
327 363 56
331 373 223
347 394 109
374 390 195
399 449 236
426 441 291
436 455 53
455 502 119
480 509 200
507 533 91
511 519 143
516 547 164
538 562 228
550 571 120
571 621 238
572 619 25
580 588 40
582 594 254
608 643 261
628 665 27
629 676 148
638 651 131
666 705 68
669 719 181
