50
0 8 125
12 28 194
30 46 164
55 59 292
62 91 183
81 101 84
90 109 72
115 143 124
123 138 252
146 181 257
168 192 268
176 208 11
205 235 55
226 256 224
234 243 231
240 264 148
265 288 241
265 266 276
277 317 254
301 325 243
310 351 288
312 361 64
335 364 141
357 407 239
381 382 74
409 438 52
435 444 196
439 443 139
449 499 47
454 503 293
475 493 241
492 512 235
501 539 169
503 545 250
510 523 132
538 572 253
557 603 270
570 588 269
594 636 67
608 623 126
620 657 148
631 646 76
645 662 155
664 673 83
682 686 64
682 686 274
700 705 114
704 729 185
723 725 132
730 774 46
