50
17 29 48
22 43 22
24 36 11
42 61 63
69 93 31
76 102 258
94 142 101
121 167 149
129 179 145
135 143 161
152 185 50
178 214 54
186 201 134
205 223 51
219 233 120
223 227 249
251 269 38
267 310 282
297 331 76
313 356 279
325 332 167
334 336 74
354 398 220
375 393 27
387 406 103
394 423 13
403 415 258
430 448 7
439 473 77
462 503 55
474 485 2
490 491 204
490 491 207
507 522 85
519 551 85
544 547 185
567 594 20
567 615 184
590 621 134
594 602 120
617 631 246
647 686 214
672 720 25
672 679 138
695 730 12
716 718 215
725 748 108
755 799 57
770 791 256
781 808 37
