5000
7 11 40
27 60 34
46 65 13
55 88 255
75 101 136
78 127 72
101 105 33
104 132 178
104 134 35
128 159 208
143 193 107
170 172 44
182 205 43
195 229 153
210 231 104
214 235 61
236 269 144
243 267 118
249 292 28
273 302 163
303 334 284
309 356 56
318 344 234
342 349 204
362 412 297
367 388 7
375 425 212
381 396 58
397 413 226
408 415 263
424 449 16
430 434 201
433 459 185
460 494 294
464 483 84
482 498 43
482 490 190
501 544 236
526 572 280
549 575 179
549 589 17
556 596 195
558 579 94
568 603 127
587 605 283
616 644 242
636 661 272
648 691 171
653 657 178
668 688 22
686 691 73
691 712 219
720 725 59
725 769 115
746 787 242
749 789 166
776 791 20
799 833 30
824 833 200
827 839 18
845 868 25
874 889 150
895 916 159
913 929 268
914 933 133
923 941 124
935 952 167
936 956 67
961 997 274
962 963 109
968 1003 140
996 1017 187
1022 1036 147
1022 1027 155
1033 1048 153
1063 1091 300
1087 1133 123
1092 1137 272
1096 1115 19
1099 1125 279
1114 1137 193
1135 1169 162
1143 1193 151
1159 1176 189
1185 1227 93
1191 1216 47
1197 1208 215
1206 1240 185
1227 1271 207
1246 1266 115
1258 1300 273
1288 1326 291
1293 1337 249
1317 1362 130
1323 1331 15
1335 1365 75
1339 1384 145
1350 1392 34
1365 1366 21
1387 1410 68
1415 1446 174
1435 1451 144
1451 1500 53
1454 1478 161
1459 1481 199
1489 1511 80
1500 1517 235
1501 1515 137
1521 1535 34
1526 1552 157
1549 1559 20
1557 1578 232
1579 1621 246
1583 1619 44
1584 1612 28
1612 1648 117
1642 1644 186
1655 1657 150
1673 1705 121
1682 1731 22
1683 1703 178
1700 1718 223
1714 1736 146
1728 1758 258
1732 1780 128
1732 1761 287
1755 1771 238
1770 1783 229
1792 1837 208
1815 1827 197
1828 1866 79
1831 1859 137
1853 1891 200
1870 1887 221
1886 1925 124
1896 1916 234
1903 1942 220
1932 1945 155
1942 1961 204
1964 2000 16
1969 1973 83
1975 2011 235
1980 1989 14
1995 1996 86
1998 2041 263
2015 2044 271
2016 2017 7
2024 2072 59
2053 2103 288
2060 2107 51
2077 2125 85
2081 2091 161
2083 2111 199
2095 2128 69
2102 2124 87
2132 2150 59
2132 2140 172
2156 2169 108
2173 2201 249
2176 2214 186
2179 2207 205
2191 2240 193
2218 2237 296
2234 2246 220
2255 2261 201
2277 2290 27
2279 2312 99
2297 2327 130
2311 2360 75
2325 2343 235
2351 2387 294
2381 2386 180
2386 2412 187
2393 2395 278
2412 2452 26
2417 2421 221
2436 2449 229
2437 2471 212
2441 2458 200
2461 2494 166
2478 2491 101
2484 2531 206
2496 2498 146
2502 2537 220
2518 2557 6
2536 2555 100
2561 2600 286
2564 2599 208
2579 2591 62
2589 2604 286
2600 2624 103
2629 2641 199
2635 2671 136
2635 2645 266
2657 2679 47
2673 2718 282
2678 2696 237
2706 2711 74
2725 2775 283
2735 2744 35
2756 2785 167
2775 2788 127
2778 2796 138
2784 2806 85
2793 2810 34
2799 2801 245
2799 2824 114
2819 2821 109
2833 2880 294
2841 2858 4
2855 2862 232
2884 2886 166
2889 2939 89
2909 2912 189
2928 2969 146
2954 2958 297
2980 2992 271
3008 3014 174
3023 3046 271
3038 3079 182
3050 3099 86
3067 3071 81
3070 3086 73
3087 3112 57
3116 3128 278
3121 3169 57
3124 3169 146
3150 3166 245
3151 3177 154
3154 3193 165
3170 3196 155
3181 3230 238
3201 3217 35
3217 3240 246
3237 3285 185
3254 3298 47
3271 3310 146
3294 3311 178
3299 3336 259
3324 3338 232
3325 3351 252
3338 3372 250
3353 3395 150
3363 3392 232
3378 3390 184
3383 3386 206
3413 3418 126
3429 3464 4
3441 3471 164
3457 3486 173
3460 3485 34
3475 3485 252
3484 3503 55
3488 3521 12
3496 3539 267
3525 3547 230
3525 3554 257
3543 3579 211
3552 3581 203
3579 3603 127
3593 3595 242
3602 3651 68
3632 3662 118
3646 3677 272
3664 3687 231
3675 3709 219
3686 3687 268
3701 3717 154
3731 3757 143
3735 3746 79
3738 3786 184
3753 3783 233
3772 3790 221
3801 3848 189
3831 3846 231
3834 3841 159
3839 3868 79
3843 3862 38
3845 3867 2
3852 3880 241
3868 3876 203
3877 3915 37
3877 3926 118
3905 3918 52
3921 3938 96
3924 3958 168
3950 3997 119
3974 4017 237
3977 3996 79
3993 4004 86
3995 4023 86
3997 3998 108
4019 4031 106
4025 4073 74
4034 4046 114
4047 4089 291
4060 4073 92
4060 4107 218
4064 4086 294
4083 4126 123
4097 4128 205
4108 4127 245
4136 4183 239
4139 4174 76
4164 4202 52
4173 4187 170
4190 4231 238
4210 4225 228
4219 4244 227
4228 4276 214
4251 4261 48
4273 4300 189
4277 4289 24
4304 4318 290
4328 4342 194
4346 4395 279
4350 4391 78
4379 4427 189
4393 4396 205
4412 4430 232
4419 4426 111
4426 4453 294
4455 4471 273
4472 4485 154
4473 4485 202
4473 4491 245
4479 4498 253
4507 4549 284
4514 4530 55
4537 4559 46
4564 4584 90
4570 4618 22
4579 4586 250
4590 4639 284
4601 4621 15
4629 4647 64
4630 4656 142
4650 4677 71
4658 4686 222
4680 4719 61
4705 4719 9
4717 4729 180
4738 4739 132
4766 4793 212
4775 4822 162
4787 4829 35
4807 4837 68
4810 4844 135
4822 4847 32
4843 4846 87
4854 4900 191
4864 4902 52
4870 4912 214
4900 4909 181
4906 4927 181
4922 4954 104
4937 4972 187
4950 4980 189
4951 4990 13
4974 4985 225
4987 5005 62
5008 5057 94
5016 5030 174
5035 5083 14
5057 5078 160
5065 5098 217
5089 5106 279
5112 5140 279
5128 5131 27
5132 5155 29
5141 5146 93
5158 5181 172
5188 5228 291
5211 5227 244
5217 5265 194
5220 5251 94
5223 5239 222
5223 5233 163
5228 5272 263
5254 5291 155
5256 5280 293
5266 5280 46
5282 5330 189
5292 5319 173
5293 5296 64
5307 5356 10
5328 5333 93
5347 5354 77
5366 5389 44
5373 5420 279
5380 5394 198
5390 5433 98
5403 5450 136
5423 5450 174
5444 5474 100
5463 5497 167
5483 5492 66
5500 5531 60
5507 5512 92
5537 5581 271
5538 5575 19
5564 5604 69
5568 5595 159
5588 5612 56
5592 5605 274
5599 5616 279
5623 5650 101
5644 5665 20
5667 5678 280
5681 5718 202
5694 5712 211
5720 5766 57
5738 5753 82
5739 5740 27
5763 5808 173
5764 5812 145
5768 5813 200
5776 5787 1
5806 5807 254
5827 5865 160
5855 5868 112
5884 5901 35
5914 5931 90
5926 5970 276
5931 5979 109
5933 5956 190
5943 5981 254
5970 5977 120
5971 5983 32
5988 6036 71
5989 6009 293
6004 6041 136
6029 6046 145
6053 6064 97
6065 6088 28
6065 6115 224
6083 6094 171
6091 6124 240
6118 6152 254
6120 6137 47
6143 6145 278
6159 6206 106
6178 6217 139
6199 6201 186
6217 6223 298
6225 6264 153
6232 6280 47
6251 6260 294
6273 6282 22
6282 6286 134
6292 6330 292
6321 6370 3
6348 6370 12
6369 6405 77
6379 6396 55
6399 6440 9
6403 6412 142
6429 6440 187
6431 6465 165
6458 6506 12
6479 6513 165
6503 6514 262
6518 6524 287
6538 6540 107
6546 6552 254
6556 6595 227
6566 6571 195
6577 6618 11
6595 6599 278
6624 6641 111
6636 6665 174
6665 6678 200
6676 6716 94
6685 6686 106
6710 6747 72
6711 6731 204
6713 6721 268
6726 6769 73
6740 6774 165
6765 6785 166
6771 6789 142
6786 6802 18
6788 6818 42
6790 6798 291
6804 6853 118
6808 6840 151
6828 6862 33
6834 6871 129
6857 6870 105
6874 6921 254
6894 6936 266
6910 6939 178
6910 6918 222
6914 6952 196
6931 6971 90
6933 6959 123
6940 6990 74
6941 6944 40
6955 6977 79
6971 6991 88
6971 7006 296
6999 7024 49
7016 7040 196
7044 7084 119
7063 7073 171
7087 7106 255
7098 7136 207
7126 7131 63
7139 7185 150
7153 7162 133
7183 7184 5
7197 7198 141
7218 7232 250
7223 7236 268
7226 7242 128
7252 7277 221
7271 7277 168
7300 7307 72
7310 7311 22
7330 7379 38
7337 7368 234
7361 7363 204
7388 7404 98
7399 7440 36
7429 7473 86
7457 7468 10
7473 7474 285
7488 7511 146
7504 7553 5
7525 7549 126
7553 7559 131
7569 7595 295
7594 7631 69
7621 7622 103
7637 7647 83
7643 7672 108
7655 7691 150
7673 7698 58
7697 7707 18
7709 7739 73
7719 7723 194
7749 7750 233
7750 7756 144
7774 7781 286
7798 7815 23
7806 7842 269
7828 7842 1
7832 7854 5
7841 7865 139
7861 7866 276
7889 7900 254
7919 7960 46
7943 7951 296
7946 7966 236
7966 7993 210
7981 7982 288
8002 8013 53
8015 8057 116
8040 8086 271
8041 8056 185
8071 8098 23
8074 8107 225
8083 8126 224
8087 8124 33
8092 8108 28
8121 8135 209
8145 8166 138
8150 8172 26
8167 8170 288
8186 8235 267
8197 8204 3
8227 8266 224
8256 8292 211
8274 8295 272
8283 8310 109
8288 8292 233
8292 8323 274
8295 8312 246
8312 8321 59
8322 8350 235
8344 8380 149
8365 8386 171
8374 8424 66
8394 8425 125
8419 8448 244
8447 8457 221
8448 8453 280
8462 8476 234
8462 8463 44
8483 8486 260
8495 8541 28
8517 8557 225
8529 8554 249
8543 8575 50
8543 8577 186
8573 8585 181
8592 8637 148
8604 8645 119
8622 8663 45
8641 8657 169
8667 8696 92
8680 8699 251
8708 8717 199
8722 8725 258
8740 8753 177
8752 8787 220
8779 8808 185
8786 8822 167
8786 8802 65
8789 8799 58
8809 8818 203
8835 8854 202
8848 8865 34
8868 8895 127
8868 8892 179
8893 8897 13
8904 8927 200
8904 8936 205
8931 8961 170
8961 8966 177
8978 9007 50
9004 9015 58
9024 9036 29
9047 9069 269
9076 9096 226
9092 9120 266
9115 9138 288
9144 9150 136
9162 9163 171
9172 9183 228
9182 9216 21
9208 9213 22
9233 9280 119
9240 9252 101
9255 9281 129
9283 9327 226
9293 9323 10
9310 9356 127
9314 9333 279
9333 9363 57
9361 9371 286
9386 9394 254
9399 9423 287
9416 9435 99
9435 9438 199
9443 9472 176
9450 9477 198
9450 9477 295
9468 9481 197
9497 9522 127
9524 9526 253
9537 9563 244
9559 9580 181
9566 9583 37
9588 9624 218
9618 9666 256
9645 9651 221
9675 9703 260
9680 9693 276
9700 9747 113
9727 9742 29
9732 9757 214
9762 9781 234
9792 9799 31
9801 9827 111
9825 9867 81
9853 9872 114
9872 9875 50
9874 9912 71
9902 9911 138
9923 9932 200
9948 9961 18
9954 9995 84
9972 10021 179
9994 10007 138
9999 10029 284
10000 10044 16
10015 10026 192
10017 10038 133
10033 10075 289
10047 10061 174
10054 10062 295
10079 10099 296
10105 10120 102
10112 10152 115
10122 10131 99
10130 10179 197
10158 10203 166
10169 10187 72
10199 10227 173
10221 10244 6
10235 10263 101
10245 10279 32
10251 10271 104
10279 10305 161
10279 10294 235
10293 10297 161
10298 10307 192
10318 10319 72
10346 10379 150
10352 10372 228
10375 10376 190
10381 10382 159
10382 10405 95
10395 10399 96
10406 10448 115
10428 10432 83
10440 10482 48
10441 10460 216
10461 10498 277
10483 10518 137
10507 10509 298
10524 10563 296
10553 10586 217
10572 10617 164
10596 10599 222
10621 10636 150
10621 10640 37
10630 10657 292
10647 10696 21
10665 10685 205
10677 10691 62
10685 10704 192
10706 10732 207
10729 10748 46
10733 10743 91
10752 10800 282
10756 10779 211
10777 10779 10
10807 10828 174
10810 10832 43
10823 10846 122
10831 10837 19
10852 10879 143
10853 10856 36
10859 10888 216
10875 10876 120
10878 10920 15
10888 10889 286
10901 10933 234
10918 10927 74
10936 10971 251
10954 10995 41
10962 10985 255
10970 10985 168
10993 11007 17
11000 11006 97
11006 11054 89
11033 11036 57
11042 11090 264
11068 11104 105
11071 11089 66
11073 11107 246
11078 11119 272
11096 11122 258
11107 11151 175
11119 11158 218
11140 11159 191
11155 11167 7
11161 11175 55
11168 11217 71
11185 11227 99
11193 11243 43
11223 11241 67
11235 11251 93
11240 11261 107
11258 11276 92
11261 11299 159
11284 11326 80
11298 11335 63
11299 11344 29
11311 11347 131
11330 11350 64
11337 11369 213
11367 11411 209
11390 11420 90
11390 11396 163
11405 11426 227
11433 11475 95
11443 11473 79
11458 11483 288
11479 11509 11
11498 11515 147
11519 11528 243
11542 11589 188
11563 11591 217
11578 11609 199
11591 11637 165
11594 11595 206
11600 11620 131
11613 11649 61
11636 11664 256
11638 11657 300
11639 11655 122
11656 11667 160
11669 11691 105
11678 11712 19
11693 11695 110
11720 11731 133
11722 11754 30
11741 11776 3
11763 11795 265
11771 11820 53
11779 11798 252
11786 11799 278
11809 11856 221
11824 11861 184
11831 11854 45
11841 11879 23
11868 11883 174
11897 11898 62
11906 11918 241
11919 11932 197
11919 11943 228
11938 11957 251
11952 12002 294
11955 11998 183
11978 12016 79
12001 12002 198
12011 12058 108
12031 12080 162
12032 12035 23
12041 12043 130
12045 12055 13
12075 12101 51
12098 12119 187
12101 12146 32
12130 12167 151
12150 12179 194
12167 12212 281
12177 12212 81
12205 12237 91
12233 12252 283
12257 12275 113
12266 12289 225
12290 12307 83
12314 12362 275
12336 12361 252
12340 12361 6
12355 12402 3
12381 12397 266
12400 12444 106
12429 12474 172
12431 12442 219
12451 12463 32
12462 12488 287
12475 12495 64
12490 12494 67
12491 12520 210
12511 12546 39
12515 12539 24
12531 12556 196
12557 12602 110
12559 12565 255
12568 12579 271
12596 12629 72
12606 12653 219
12616 12625 33
12645 12653 187
12661 12678 22
12666 12706 193
12675 12708 190
12695 12719 295
12725 12735 19
12743 12760 217
12767 12778 216
12786 12818 211
12810 12827 272
12835 12840 209
12850 12891 64
12862 12864 258
12874 12883 15
12875 12906 151
12901 12947 206
12928 12932 140
12957 12972 4
12977 13005 164
13006 13021 38
13015 13031 262
13037 13045 272
13050 13063 68
13065 13088 282
13065 13096 270
13088 13126 98
13092 13141 111
13116 13140 275
13123 13137 61
13129 13156 169
13138 13140 214
13151 13178 57
13177 13194 300
13204 13209 4
13222 13245 181
13227 13235 218
13253 13299 52
13265 13311 79
13290 13306 3
13300 13320 158
13316 13365 118
13322 13340 199
13327 13334 286
13331 13337 30
13347 13372 156
13355 13378 192
13367 13390 194
13392 13410 222
13396 13438 4
13419 13462 22
13421 13450 184
13425 13450 92
13425 13427 212
13431 13450 243
13454 13459 177
13460 13470 178
13479 13482 101
13483 13518 296
13486 13522 202
13516 13539 274
13537 13545 241
13539 13545 124
13550 13595 176
13551 13598 30
13573 13589 82
13583 13592 149
13593 13628 87
13603 13609 229
13613 13643 148
13625 13642 248
13641 13675 216
13646 13677 267
13648 13673 33
13661 13685 120
13667 13691 182
13685 13714 195
13693 13732 145
13705 13750 160
13728 13755 231
13751 13789 62
13776 13808 188
13799 13829 174
13821 13831 43
13847 13868 160
13854 13878 157
13870 13874 187
13894 13899 7
13899 13941 169
13910 13921 245
13923 13970 8
13944 13981 42
13944 13962 195
13949 13993 287
13961 13966 295
13967 13999 256
13979 13981 144
14003 14033 122
14006 14024 168
14010 14060 191
14023 14049 200
14037 14064 9
14054 14065 83
14081 14106 151
14091 14101 260
14114 14138 232
14127 14145 6
14148 14198 13
14160 14171 216
14188 14212 294
14209 14227 130
14237 14287 88
14250 14296 66
14273 14311 291
14294 14328 174
14316 14342 19
14334 14357 289
14340 14358 101
14368 14392 176
14375 14424 268
14380 14392 170
14399 14417 204
14405 14408 173
14429 14469 142
14452 14498 186
14455 14460 60
14478 14500 64
14482 14489 158
14482 14520 35
14505 14543 75
14509 14515 194
14518 14527 214
14537 14543 207
14559 14602 284
14573 14578 154
14602 14618 292
14608 14614 151
14616 14625 69
14622 14659 279
14644 14655 234
14672 14693 77
14701 14731 77
14720 14767 88
14742 14749 82
14756 14763 256
14756 14791 273
14758 14801 300
14769 14803 72
14770 14779 114
14791 14835 215
14805 14824 134
14805 14849 81
14818 14831 201
14819 14865 146
14844 14848 226
14874 14896 57
14892 14895 250
14904 14914 30
14905 14924 98
14928 14935 81
14934 14940 64
14935 14981 284
14960 15010 262
14967 15008 81
14967 15017 276
14990 14994 263
14996 15008 230
14996 15015 96
15006 15023 208
15016 15039 75
15032 15051 225
15059 15080 266
15076 15121 263
15100 15141 168
15101 15124 10
15112 15130 147
15122 15159 174
15133 15163 98
15157 15184 231
15174 15192 156
15179 15222 59
15185 15201 186
15194 15223 180
15224 15237 92
15228 15275 257
15234 15257 207
15250 15278 273
15274 15316 18
15278 15304 32
15288 15338 127
15309 15355 20
15319 15327 263
15334 15380 238
15349 15377 6
15357 15367 267
15363 15377 179
15392 15408 160
15395 15409 129
15424 15450 60
15434 15474 276
15451 15487 230
15467 15513 115
15483 15502 297
15498 15547 153
15518 15544 268
15536 15569 81
15537 15543 98
15554 15584 95
15572 15615 240
15576 15607 225
15588 15611 84
15600 15641 6
15607 15654 279
15609 15647 119
15627 15670 151
15653 15702 211
15666 15677 247
15695 15731 269
15712 15745 28
15739 15787 118
15764 15775 86
15794 15796 227
15824 15844 18
15827 15857 243
15853 15866 51
15878 15903 160
15891 15924 91
15891 15908 231
15908 15944 163
15937 15956 204
15951 15995 111
15975 15998 36
15976 16001 113
16002 16023 238
16030 16053 200
16035 16051 128
16037 16042 202
16039 16082 145
16043 16083 101
16055 16065 244
16073 16118 191
16090 16092 255
16098 16124 287
16124 16167 125
16124 16174 46
16150 16152 57
16151 16159 229
16172 16207 243
16174 16188 246
16204 16242 65
16209 16259 18
16214 16217 130
16218 16223 24
16220 16228 20
16239 16264 190
16243 16292 64
16257 16287 246
16281 16292 25
16296 16298 140
16322 16362 72
16346 16359 263
16355 16368 216
16379 16402 170
16389 16438 73
16417 16427 200
16436 16477 113
16456 16490 257
16464 16483 230
16485 16496 159
16488 16520 158
16504 16520 235
16524 16536 16
16554 16559 231
16563 16565 73
16566 16589 72
16578 16599 95
16596 16611 163
16622 16637 280
16623 16629 298
16634 16665 55
16654 16655 222
16679 16708 158
16685 16710 20
16708 16738 205
16724 16770 159
16752 16785 39
16759 16788 73
16786 16836 268
16799 16840 269
16799 16820 152
16821 16853 287
16834 16868 27
16845 16870 260
16846 16854 300
16862 16912 18
16873 16893 59
16874 16918 169
16877 16899 35
16907 16928 233
16908 16946 296
16915 16948 180
16915 16957 38
16934 16981 118
16952 16960 66
16956 16968 168
16985 17027 170
16990 17005 28
17020 17053 65
17020 17037 249
17030 17036 231
17040 17046 112
17067 17112 229
17089 17124 106
17097 17120 52
17118 17155 250
17143 17157 43
17156 17174 174
17177 17214 70
17204 17253 279
17223 17235 77
17246 17278 98
17269 17286 240
17278 17287 22
17300 17339 286
17315 17345 102
17322 17336 216
17339 17373 128
17346 17371 279
17375 17407 164
17398 17429 114
17409 17429 121
17433 17456 98
17453 17469 240
17469 17485 159
17472 17482 199
17478 17514 20
17495 17518 243
17524 17563 56
17545 17556 192
17546 17580 286
17568 17592 208
17580 17617 97
17594 17642 258
17604 17624 56
17623 17661 161
17642 17651 6
17667 17695 69
17686 17709 272
17689 17711 246
17702 17725 101
17717 17721 115
17741 17786 77
17748 17758 25
17751 17763 207
17761 17779 87
17778 17828 150
17807 17840 102
17814 17819 92
17841 17889 290
17863 17871 273
17893 17937 80
17922 17948 281
17942 17979 262
17948 17963 7
17968 17986 83
17992 18031 287
18001 18048 30
18024 18038 139
18052 18059 200
18071 18111 21
18073 18091 111
18081 18098 195
18104 18129 20
18126 18149 231
18146 18191 263
18171 18189 253
18188 18220 249
18206 18225 284
18228 18256 210
18250 18284 178
18269 18284 211
18286 18329 156
18296 18304 105
18297 18343 151
18297 18341 178
18304 18354 292
18311 18315 180
18317 18319 235
18339 18357 282
18350 18385 76
18368 18413 112
18371 18384 29
18400 18423 183
18426 18447 180
18449 18465 85
18468 18496 6
18476 18514 137
18493 18537 254
18494 18505 109
18495 18536 92
18521 18529 51
18526 18548 9
18555 18583 83
18584 18629 88
18593 18602 148
18620 18653 46
18624 18646 131
18624 18673 109
18648 18669 106
18655 18693 243
18683 18689 28
18706 18743 206
18714 18716 95
18722 18728 58
18743 18789 132
18767 18795 96
18783 18796 57
18794 18811 286
18795 18807 47
18812 18860 271
18838 18863 117
18863 18879 211
18873 18893 33
18896 18911 68
18899 18900 171
18913 18963 60
18927 18944 93
18942 18991 127
18949 18962 166
18977 19026 200
18985 18992 102
18998 19048 249
19006 19044 9
19012 19016 243
19028 19038 16
19035 19054 271
19057 19090 274
19081 19092 68
19087 19095 30
19099 19105 11
19110 19137 294
19116 19164 5
19127 19140 101
19153 19202 172
19160 19186 201
19166 19173 222
19180 19220 74
19190 19224 210
19207 19214 90
19230 19231 266
19236 19265 263
19245 19278 25
19265 19288 97
19266 19284 33
19281 19317 76
19307 19309 96
19336 19344 43
19336 19346 256
19366 19405 189
19396 19405 124
19422 19460 73
19438 19486 104
19447 19478 296
19468 19508 29
19489 19494 196
19495 19536 112
19523 19541 3
19524 19547 105
19546 19583 87
19563 19572 143
19573 19588 162
19587 19611 12
19613 19656 39
19618 19657 80
19633 19646 59
19663 19711 161
19688 19689 107
19696 19729 100
19699 19747 168
19725 19751 205
19731 19776 206
19742 19762 175
19744 19755 105
19764 19767 252
19783 19799 147
19788 19814 125
19810 19846 130
19830 19831 154
19860 19861 152
19868 19875 123
19872 19882 110
19885 19904 155
19891 19917 233
19899 19911 43
19912 19934 179
19942 19992 275
19946 19968 221
19949 19996 217
19975 19996 164
19996 20035 239
20010 20016 242
20036 20076 123
20064 20111 105
20094 20142 110
20120 20124 255
20149 20156 54
20161 20193 42
20165 20185 187
20183 20185 57
20187 20203 127
20191 20214 126
20200 20225 71
20202 20219 208
20230 20256 139
20238 20242 218
20249 20294 177
20257 20287 134
20275 20281 93
20286 20304 206
20290 20314 101
20316 20360 300
20345 20347 54
20358 20361 12
20382 20420 14
20383 20385 112
20407 20411 94
20426 20427 150
20453 20494 221
20456 20473 22
20456 20474 289
20458 20485 250
20465 20501 16
20467 20514 158
20486 20526 157
20486 20493 262
20499 20535 256
20527 20556 204
20554 20568 280
20568 20605 298
20569 20592 41
20594 20605 248
20610 20647 201
20622 20670 64
20637 20662 73
20667 20715 25
20669 20679 88
20693 20711 256
20721 20735 11
20728 20746 238
20749 20793 238
20770 20789 216
20779 20795 25
20798 20842 242
20819 20845 53
20843 20879 130
20857 20883 250
20882 20898 149
20892 20899 92
20904 20951 297
20912 20926 275
20916 20943 91
20936 20979 219
20943 20992 19
20970 21019 50
20971 20998 91
20984 21033 238
20986 21019 60
21003 21018 114
21016 21040 212
21045 21056 89
21066 21078 206
21067 21096 236
21072 21076 38
21073 21111 91
21077 21106 151
21078 21098 216
21086 21135 126
21090 21100 152
21107 21141 277
21112 21138 86
21135 21151 68
21151 21155 96
21177 21211 98
21184 21201 117
21198 21201 13
21219 21261 199
21219 21261 180
21244 21280 261
21273 21295 96
21274 21279 187
21299 21333 183
21311 21323 147
21323 21362 183
21337 21380 218
21343 21363 35
21357 21378 191
21370 21386 263
21388 21420 170
21406 21416 27
21412 21451 176
21414 21439 214
21418 21425 12
21439 21476 286
21442 21446 116
21467 21502 266
21495 21541 144
21523 21563 28
21539 21571 290
21567 21604 248
21575 21579 81
21581 21590 145
21584 21611 103
21603 21611 34
21629 21661 18
21650 21673 272
21677 21690 225
21683 21731 211
21704 21729 159
21728 21761 202
21732 21747 282
21759 21802 184
21762 21792 53
21791 21802 291
21799 21814 16
21801 21816 243
21803 21805 2
21804 21847 224
21819 21859 242
21836 21873 74
21837 21852 47
21839 21846 45
21843 21870 257
21864 21877 175
21870 21902 224
21886 21931 71
21899 21948 108
21900 21938 278
21929 21952 269
21934 21982 16
21943 21979 56
21943 21978 56
21958 21970 166
21973 22006 135
21974 21976 291
21981 22006 22
22000 22011 154
22017 22061 55
22019 22031 168
22043 22046 36
22052 22067 228
22078 22089 221
22097 22146 26
22121 22145 128
22122 22146 264
22140 22162 232
22150 22154 87
22160 22196 25
22179 22213 244
22204 22215 33
22220 22230 166
22248 22281 300
22260 22279 151
22289 22305 188
22318 22323 99
22319 22365 105
22319 22366 238
22348 22367 43
22378 22428 36
22406 22450 129
22414 22450 92
22424 22462 194
22454 22480 164
22454 22502 110
22464 22492 138
22475 22487 276
22494 22542 204
22502 22520 230
22515 22523 73
22525 22555 121
22535 22549 201
22555 22584 12
22565 22566 197
22580 22583 94
22585 22590 35
22610 22626 154
22620 22649 40
22640 22667 131
22653 22670 282
22659 22680 159
22661 22664 128
22674 22712 69
22680 22687 227
22703 22719 85
22732 22776 263
22751 22774 86
22772 22807 101
22792 22799 223
22818 22866 183
22824 22864 16
22835 22848 92
22835 22849 61
22864 22910 280
22878 22921 109
22889 22922 92
22907 22920 108
22933 22949 201
22937 22963 207
22959 22984 146
22981 23030 186
23000 23047 56
23003 23015 292
23029 23070 69
23055 23086 135
23075 23077 198
23080 23098 288
23097 23105 238
23104 23105 210
23115 23152 267
23122 23131 160
23140 23181 260
23143 23163 248
23148 23196 74
23160 23203 247
23180 23205 187
23181 23184 135
23182 23220 200
23201 23241 254
23210 23252 225
23233 23261 16
23259 23281 28
23289 23290 255
23298 23311 244
23313 23326 252
23333 23343 188
23362 23384 62
23372 23396 62
23387 23418 297
23407 23420 158
23415 23439 266
23417 23418 127
23438 23451 233
23451 23456 210
23477 23523 249
23506 23556 88
23512 23561 126
23514 23534 34
23520 23549 10
23528 23569 161
23532 23572 17
23547 23574 70
23559 23564 155
23576 23589 233
23603 23653 158
23632 23650 147
23656 23662 9
23679 23698 5
23684 23691 28
23714 23752 88
23744 23762 11
23755 23787 238
23755 23798 54
23759 23790 47
23787 23789 85
23795 23798 124
23807 23846 160
23823 23871 217
23842 23875 116
23867 23912 194
23876 23925 179
23894 23931 202
23922 23952 195
23948 23985 246
23950 23970 210
23958 23998 35
23986 24006 125
24000 24009 11
24022 24025 91
24028 24037 279
24057 24082 172
24084 24102 29
24113 24143 75
24114 24120 19
24137 24142 16
24138 24188 109
24154 24184 286
24154 24185 106
24168 24183 289
24176 24193 14
24204 24224 257
24231 24255 249
24233 24236 204
24250 24276 270
24274 24314 285
24293 24307 72
24295 24345 125
24325 24329 186
24343 24387 224
24354 24360 187
24381 24416 46
24407 24423 144
24430 24433 126
24450 24489 43
24466 24493 170
24485 24527 241
24497 24503 26
24524 24550 171
24535 24552 186
24535 24575 219
24556 24589 211
24579 24615 263
24606 24623 146
24622 24668 93
24651 24676 164
24668 24695 287
24672 24715 187
24672 24720 182
24681 24684 4
24692 24728 163
24712 24756 241
24712 24738 286
24728 24771 243
24742 24744 75
24750 24792 151
24750 24779 139
24769 24797 290
24783 24820 46
24790 24793 52
24798 24815 300
24820 24836 158
24841 24879 167
24863 24870 104
24866 24891 185
24885 24908 154
24894 24913 280
24909 24912 194
24933 24963 113
24956 24976 246
24978 25007 184
25000 25035 178
25007 25026 26
25027 25036 191
25028 25037 277
25057 25087 141
25062 25063 176
25072 25104 149
25086 25087 143
25104 25111 74
25123 25159 90
25139 25156 171
25169 25188 275
25174 25190 238
25192 25202 263
25195 25240 14
25210 25235 184
25214 25232 127
25222 25247 158
25222 25255 59
25234 25273 22
25242 25277 136
25258 25282 182
25280 25313 291
25306 25356 268
25320 25347 218
25335 25382 58
25347 25375 104
25368 25383 111
25368 25379 26
25373 25416 130
25390 25407 103
25419 25455 112
25434 25452 81
25437 25440 227
25464 25477 80
25489 25490 247
25505 25531 155
25507 25508 50
25530 25551 75
25557 25598 3
25559 25606 268
25578 25617 95
25578 25579 270
25606 25610 55
25636 25647 234
25664 25677 265
25690 25714 95
25711 25748 269
25741 25749 156
25761 25771 19
25772 25804 204
25783 25801 38
25783 25809 54
25796 25815 215
25821 25840 241
25839 25851 212
25859 25884 224
25862 25912 206
25870 25886 260
25896 25921 271
25912 25935 168
25934 25977 51
25946 25977 120
25968 26017 94
25969 25989 17
25982 26029 280
25999 26022 119
26014 26044 134
26020 26022 131
26031 26061 146
26060 26077 299
26067 26073 295
26073 26109 144
26101 26116 271
26124 26137 18
26153 26172 272
26171 26187 241
26196 26225 133
26207 26233 282
26229 26248 193
26258 26272 291
26287 26295 209
26317 26344 266
26347 26363 218
26365 26368 273
26375 26394 40
26390 26407 209
26417 26421 154
26439 26468 85
26458 26505 95
26462 26489 275
26465 26484 272
26476 26493 43
26490 26530 130
26510 26554 13
26521 26558 109
26538 26559 81
26554 26562 204
26558 26604 186
26584 26599 185
26609 26651 25
26615 26646 143
26618 26637 175
26633 26649 54
26647 26677 288
26651 26666 55
26655 26690 197
26664 26690 142
26694 26711 271
26694 26719 283
26697 26701 16
26727 26767 227
26728 26741 189
26741 26780 105
26761 26799 268
26788 26826 199
26815 26832 207
26817 26849 116
26847 26878 292
26875 26904 284
26891 26896 69
26900 26946 244
26927 26965 44
26933 26968 61
26941 26981 69
26959 27009 142
26965 26991 181
26982 26991 274
27003 27048 75
27022 27061 11
27035 27054 19
27036 27085 48
27050 27097 185
27067 27073 29
27095 27096 126
27102 27114 87
27127 27145 202
27128 27129 102
27146 27193 108
27170 27173 214
27194 27214 64
27217 27230 67
27247 27264 216
27257 27266 138
27259 27305 168
27265 27304 31
27292 27326 160
27305 27354 169
27320 27340 92
27325 27354 160
27327 27377 140
27338 27380 73
27349 27387 255
27375 27398 247
27396 27421 64
27416 27454 23
27441 27474 293
27459 27484 135
27469 27484 136
27499 27531 46
27502 27522 124
27510 27533 97
27525 27542 132
27547 27588 193
27555 27604 56
27569 27594 63
27586 27624 31
27608 27634 129
27621 27631 153
27628 27635 52
27653 27662 59
27661 27691 33
27690 27698 82
27698 27732 300
27726 27743 45
27740 27787 207
27748 27762 88
27774 27789 249
27795 27839 155
27816 27856 277
27831 27836 176
27831 27874 287
27832 27861 284
27840 27846 56
27840 27867 57
27845 27883 151
27865 27895 150
27888 27925 42
27909 27917 34
27919 27929 296
27931 27938 253
27947 27985 151
27954 27956 199
27964 27976 185
27981 27982 253
28006 28042 73
28029 28043 165
28031 28041 72
28061 28105 262
28084 28103 265
28088 28101 180
28101 28116 23
28106 28154 114
28110 28153 158
28136 28172 261
28146 28191 176
28149 28189 49
28177 28209 65
28185 28212 187
28185 28203 172
28198 28223 214
28211 28216 63
28223 28227 166
28249 28252 245
28275 28316 225
28281 28309 239
28290 28317 299
28297 28308 181
28310 28332 279
28322 28331 72
28345 28369 254
28346 28365 184
28360 28368 83
28381 28398 154
28392 28424 108
28411 28446 19
28434 28483 198
28455 28498 193
28480 28524 11
28509 28541 295
28538 28548 27
28562 28563 22
28574 28614 6
28585 28593 34
28610 28622 206
28620 28642 23
28624 28636 216
28628 28644 9
28636 28658 172
28650 28682 125
28669 28681 253
28675 28714 121
28679 28721 6
28684 28723 262
28701 28738 22
28710 28740 273
28726 28739 261
28739 28774 180
28741 28777 225
28746 28751 15
28764 28808 87
28769 28799 110
28782 28826 163
28805 28842 92
28810 28851 162
28813 28858 149
28838 28852 131
28864 28881 193
28878 28899 28
28896 28905 224
28896 28931 45
28915 28934 108
28933 28947 136
28936 28969 196
28961 28964 241
28980 29030 109
29001 29040 79
29023 29070 170
29051 29096 115
29073 29100 294
29078 29122 63
29091 29107 61
29116 29161 285
29136 29153 285
29144 29187 119
29171 29185 23
29183 29214 253
29183 29227 165
29199 29217 14
29212 29249 298
29226 29250 213
29241 29280 245
29264 29300 77
29278 29300 188
29284 29287 83
29290 29337 269
29307 29340 108
29336 29371 215
29348 29376 162
29348 29375 199
29373 29419 40
29375 29424 89
29380 29384 17
29406 29431 13
29427 29471 124
29431 29463 37
29432 29445 188
29440 29460 237
29462 29485 137
29487 29509 290
29504 29515 88
29505 29546 299
29517 29549 185
29542 29575 156
29545 29592 61
29572 29579 31
29587 29630 169
29615 29620 65
29617 29632 106
29618 29631 122
29621 29663 46
29635 29672 164
29636 29660 127
29663 29670 300
29686 29704 127
29714 29731 217
29721 29722 211
29748 29794 54
29767 29780 98
29773 29775 100
29773 29820 298
29777 29810 293
29783 29824 91
29798 29819 37
29822 29827 103
29824 29865 292
29824 29844 293
29847 29872 234
29860 29901 106
29873 29888 272
29897 29908 243
29908 29919 286
29926 29976 48
29934 29947 222
29934 29967 138
29941 29969 85
29950 29997 256
29952 29985 289
29970 29974 221
29981 29988 118
30002 30021 3
30016 30033 263
30020 30028 58
30025 30035 207
30028 30037 137
30043 30085 16
30059 30100 273
30061 30098 265
30068 30076 275
30097 30128 256
30102 30145 238
30105 30150 257
30127 30130 190
30129 30175 99
30155 30157 167
30173 30177 186
30185 30198 250
30189 30233 191
30214 30233 43
30228 30265 218
30233 30239 83
30258 30267 239
30268 30294 117
30274 30299 253
30295 30326 79
30322 30330 44
30322 30357 214
30339 30369 68
30352 30384 174
30367 30380 89
30390 30408 285
30396 30428 106
30411 30426 28
30436 30465 59
30462 30498 143
30462 30504 201
30487 30494 88
30493 30524 201
30502 30532 175
30508 30516 149
30535 30555 201
30550 30555 152
30554 30558 291
30577 30618 276
30583 30605 35
30602 30624 61
30630 30668 111
30654 30658 297
30662 30691 299
30686 30717 36
30702 30729 236
30729 30737 7
30742 30778 221
30743 30764 141
30770 30778 289
30772 30781 183
30775 30780 154
30800 30842 112
30800 30811 83
30819 30850 198
30829 30869 96
30840 30874 293
30848 30876 156
30865 30882 278
30884 30900 30
30902 30924 7
30924 30956 244
30941 30958 155
30958 30991 80
30958 30999 4
30985 31026 230
30997 31000 10
31023 31047 90
31048 31088 131
31070 31080 95
31091 31093 92
31114 31120 40
31123 31169 294
31145 31170 271
31167 31199 88
31169 31210 133
31186 31197 95
31202 31207 15
31218 31234 223
31231 31270 1
31243 31256 90
31261 31282 178
31271 31313 64
31294 31338 104
31306 31317 275
31327 31372 171
31349 31380 274
31353 31395 126
31375 31396 76
31399 31415 241
31424 31471 17
31437 31478 177
31466 31476 129
31493 31524 78
31497 31499 279
31519 31546 112
31538 31551 108
31564 31580 27
31566 31581 111
31594 31627 124
31599 31618 165
31610 31624 23
31622 31667 274
31628 31639 277
31644 31665 71
31663 31667 294
31663 31675 125
31685 31701 52
31688 31697 229
31695 31726 217
31699 31709 67
31700 31734 264
31715 31737 170
31739 31788 98
31744 31784 24
31759 31804 101
31787 31811 289
31800 31842 271
31805 31839 134
31834 31875 284
31837 31854 134
31866 31874 223
31896 31934 236
31911 31925 236
31931 31981 165
31959 31964 114
31988 32007 243
31989 32023 147
32003 32023 149
32004 32046 257
32024 32062 36
32024 32058 177
32024 32061 286
32040 32076 54
32063 32108 194
32064 32096 153
32081 32111 286
32094 32122 220
32106 32138 244
32111 32157 190
32129 32137 194
32157 32161 292
32187 32220 134
32187 32194 183
32217 32255 169
32223 32267 76
32232 32251 286
32257 32260 12
32286 32292 62
32303 32348 300
32310 32354 83
32340 32358 197
32370 32384 20
32399 32417 164
32405 32440 279
32406 32440 237
32434 32480 285
32457 32495 118
32461 32484 264
32474 32499 142
32492 32533 80
32511 32552 75
32516 32525 193
32519 32569 161
32540 32550 145
32559 32574 120
32569 32589 242
32591 32593 197
32602 32642 249
32622 32658 180
32626 32670 174
32631 32654 286
32641 32669 204
32653 32663 281
32668 32670 70
32691 32731 13
32691 32717 271
32713 32751 7
32715 32759 63
32739 32763 95
32765 32785 106
32770 32787 110
32779 32801 82
32808 32848 164
32820 32832 22
32830 32831 258
32847 32853 229
32875 32882 46
32875 32922 65
32893 32919 95
32903 32905 277
32918 32947 260
32947 32975 5
32965 32969 99
32973 33001 153
32980 32986 51
32996 33023 78
33021 33068 297
33042 33054 34
33043 33091 293
33060 33067 77
33062 33066 7
33085 33101 50
33109 33135 210
33119 33159 214
33138 33166 184
33154 33193 43
33183 33192 220
33194 33204 205
33196 33206 102
33226 33267 295
33255 33270 264
33260 33309 65
33267 33299 267
33278 33294 268
33287 33291 262
33316 33359 173
33326 33369 3
33331 33350 68
33338 33382 299
33345 33369 135
33347 33362 256
33350 33382 128
33354 33389 223
33381 33382 221
33393 33442 24
33415 33426 134
33427 33459 208
33440 33473 29
33461 33485 273
33481 33521 286
33487 33524 299
33490 33537 246
33493 33502 11
33509 33530 22
33514 33558 14
33525 33539 250
33543 33580 45
33549 33581 152
33552 33565 96
33576 33591 294
33605 33630 281
33625 33647 52
33632 33642 66
33646 33686 84
33670 33708 62
33671 33694 198
33687 33718 116
33717 33754 273
33731 33737 82
33737 33774 121
33764 33799 57
33772 33780 1
33780 33786 9
33808 33830 51
33830 33856 75
33844 33867 35
33860 33863 69
33889 33897 128
33900 33906 110
33912 33958 192
33936 33973 25
33963 33978 278
33986 34014 33
34000 34010 184
34027 34066 150
34040 34056 7
34062 34088 66
34089 34135 167
34098 34129 177
34110 34151 295
34129 34133 264
34154 34171 240
34170 34172 247
34198 34202 169
34203 34223 160
34216 34229 19
34229 34270 84
34240 34266 149
34245 34287 95
34257 34299 210
34273 34300 19
34299 34313 194
34301 34310 300
34323 34361 158
34336 34371 225
34346 34376 295
34363 34396 50
34386 34389 104
34404 34449 113
34425 34453 195
34447 34454 226
34456 34468 241
34471 34517 290
34475 34513 131
34502 34543 165
34516 34544 92
34542 34569 228
34568 34618 298
34582 34584 244
34611 34655 117
34616 34618 5
34646 34693 171
34651 34695 114
34655 34688 242
34655 34667 20
34680 34715 133
34705 34726 86
34710 34716 121
34734 34767 98
34743 34776 22
34773 34786 70
34787 34827 126
34797 34816 79
34806 34842 155
34807 34835 183
34823 34856 16
34834 34835 8
34841 34860 75
34843 34847 212
34854 34867 236
34879 34917 32
34883 34916 243
34897 34912 284
34911 34955 47
34933 34938 295
34944 34968 35
34956 34996 10
34956 34992 143
34958 34968 262
34981 35027 108
34984 34995 178
34992 35013 12
35009 35029 224
35018 35036 232
35027 35071 13
35048 35075 3
35071 35116 281
35091 35097 200
35115 35127 229
35139 35147 5
35158 35171 149
35162 35170 243
35166 35203 78
35177 35203 125
35201 35251 242
35230 35270 5
35235 35237 61
35235 35261 210
35250 35260 237
35258 35286 170
35280 35310 280
35282 35304 248
35302 35324 112
35322 35350 93
35330 35352 83
35346 35349 198
35351 35386 134
35377 35412 71
35377 35402 29
35381 35409 88
35386 35413 44
35410 35436 66
35412 35456 39
35426 35463 176
35445 35485 1
35455 35456 39
35457 35503 114
35468 35500 46
35487 35532 21
35514 35559 196
35532 35565 69
35543 35573 204
35563 35606 51
35580 35582 246
35586 35624 289
35611 35634 20
35629 35672 102
35649 35677 282
35651 35672 56
35677 35710 171
35681 35707 277
35708 35716 100
35731 35763 82
35738 35776 132
35768 35816 226
35784 35786 109
35811 35812 214
35815 35816 152
35843 35867 91
35859 35908 41
35880 35924 216
35895 35909 43
35899 35935 261
35902 35941 58
35906 35915 259
35929 35953 59
35936 35941 72
35961 35977 294
35967 35998 169
35973 35987 157
35992 36027 9
36007 36014 99
36036 36068 62
36046 36069 266
36060 36068 13
36076 36078 54
36081 36102 161
36110 36136 96
36114 36123 255
36130 36157 19
36138 36155 147
36150 36197 192
36177 36226 53
36177 36204 176
36191 36228 253
36191 36202 260
36205 36224 217
36215 36257 183
36236 36237 152
36248 36291 210
36263 36278 202
36266 36281 206
36293 36298 136
36315 36354 33
36343 36384 239
36358 36389 136
36380 36413 89
36392 36430 44
36403 36428 85
36428 36443 43
36441 36475 137
36471 36499 81
36477 36524 156
36501 36503 79
36502 36547 248
36532 36533 97
36559 36591 158
36564 36607 188
36566 36600 274
36584 36585 282
36603 36605 138
36628 36633 234
36635 36683 238
36644 36693 18
36657 36685 253
36661 36675 31
36683 36694 253
36699 36706 216
36714 36718 253
36730 36753 224
36738 36754 146
36762 36768 88
36776 36799 74
36798 36822 161
36820 36865 79
36826 36845 79
36837 36880 37
36839 36862 273
36844 36882 12
36870 36873 203
36879 36924 143
36909 36949 64
36913 36952 5
36920 36960 43
36937 36986 48
36964 37000 223
36973 36990 294
36985 37030 231
37006 37051 187
37021 37044 37
37048 37077 9
37060 37107 69
37076 37091 246
37084 37107 69
37105 37132 1
37112 37117 136
37120 37134 170
37140 37148 299
37155 37187 18
37179 37197 281
37193 37222 272
37212 37215 113
37239 37251 240
37260 37300 166
37286 37313 24
37288 37293 204
37289 37332 7
37300 37305 220
37302 37308 102
37304 37353 170
37327 37329 91
37349 37367 187
37360 37374 116
37371 37398 267
37379 37402 276
37408 37428 255
37409 37416 135
37419 37459 228
37446 37448 152
37459 37480 276
37485 37514 256
37500 37512 272
37508 37517 84
37510 37552 183
37529 37530 293
37536 37553 274
37537 37574 51
37541 37574 13
37564 37592 46
37567 37579 67
37583 37600 198
37592 37613 264
37621 37656 74
37625 37669 64
37626 37665 211
37628 37630 116
37657 37666 33
37673 37679 138
37701 37728 167
37704 37751 294
37708 37745 142
37720 37742 281
37728 37778 245
37729 37751 125
37756 37797 126
37768 37783 126
37768 37783 81
37786 37820 293
37790 37838 41
37798 37833 117
37826 37832 110
37826 37862 215
37852 37892 169
37854 37902 72
37854 37898 300
37870 37917 205
37897 37947 25
37916 37921 143
37939 37986 5
37967 37969 271
37996 37999 151
37998 38002 240
38002 38036 218
38008 38052 138
38010 38031 42
38032 38081 17
38057 38096 289
38077 38092 271
38094 38101 235
38118 38135 294
38121 38167 244
38136 38185 66
38147 38172 212
38153 38183 110
38153 38154 199
38176 38178 34
38193 38228 23
38222 38246 250
38247 38259 296
38271 38278 18
38277 38307 56
38281 38303 289
38309 38333 118
38311 38361 85
38328 38352 52
38338 38374 12
38352 38356 142
38371 38401 43
38385 38392 98
38387 38400 15
38404 38439 202
38427 38459 228
38443 38491 91
38455 38498 268
38481 38511 13
38506 38521 83
38520 38528 272
38521 38542 55
38525 38544 268
38537 38560 134
38563 38585 40
38585 38613 58
38615 38616 239
38644 38660 67
38646 38656 235
38655 38689 247
38668 38676 290
38692 38727 23
38722 38730 99
38744 38794 83
38770 38815 205
38778 38809 79
38794 38796 116
38822 38851 113
38840 38880 146
38869 38885 54
38888 38932 183
38911 38953 76
38930 38939 8
38940 38967 164
38957 38966 142
38980 38982 184
38999 39030 94
39013 39053 21
39021 39051 211
39050 39082 287
39075 39086 263
39086 39128 4
39097 39130 189
39114 39125 8
39143 39169 238
39144 39181 169
39144 39177 138
39167 39208 144
39196 39214 83
39214 39237 243
39229 39231 31
39252 39294 276
39254 39297 118
39259 39300 268
39266 39278 100
39272 39284 225
39279 39291 138
39309 39330 53
39320 39361 242
39329 39364 76
39331 39344 78
39348 39385 155
39376 39401 229
39387 39419 200
39399 39432 43
39428 39459 12
39453 39493 2
39482 39503 101
39494 39495 173
39512 39535 296
39527 39561 218
39545 39591 74
39558 39602 47
39566 39570 36
39590 39640 66
39602 39618 109
39631 39645 160
39645 39675 73
39649 39688 96
39654 39698 272
39656 39663 268
39686 39713 290
39711 39736 111
39717 39740 167
39727 39759 224
39745 39771 135
39754 39756 3
39758 39797 287
39783 39822 11
39790 39813 172
39820 39830 145
39834 39842 275
39840 39852 63
39869 39913 195
39871 39902 97
39882 39929 199
39900 39940 254
39903 39934 50
39921 39971 174
39931 39960 300
39948 39958 209
39960 39983 33
39979 39999 48
39990 40021 104
39993 40001 291
40007 40057 253
40021 40068 224
40043 40053 233
40051 40087 170
40065 40102 178
40088 40111 287
40107 40135 36
40128 40131 221
40139 40141 282
40155 40177 21
40169 40187 169
40181 40185 196
40199 40248 288
40213 40255 103
40235 40247 255
40247 40286 204
40269 40291 259
40296 40328 175
40296 40327 144
40310 40345 209
40322 40341 17
40350 40366 286
40367 40417 172
40390 40437 59
40393 40420 165
40423 40453 51
40453 40468 295
40458 40463 130
40471 40509 92
40501 40538 153
40515 40535 164
40530 40531 31
40554 40576 51
40555 40559 112
40583 40623 53
40607 40622 60
40630 40668 257
40649 40656 110
40655 40698 177
40677 40726 13
40701 40724 14
40715 40736 190
40719 40751 116
40743 40786 246
40769 40779 171
40775 40806 103
40792 40832 282
40810 40821 93
40825 40852 190
40853 40898 93
40879 40929 126
40888 40897 216
40905 40951 145
40918 40949 283
40927 40949 196
40931 40954 225
40932 40934 59
40932 40981 112
40952 40995 215
40959 40977 208
40972 41020 36
40989 40999 242
40992 41011 293
40992 41010 82
40998 41001 82
41026 41044 105
41035 41069 245
41037 41077 113
41041 41079 198
41065 41079 291
41072 41077 241
41095 41098 199
41124 41133 125
41147 41190 209
41159 41204 261
41177 41185 195
41206 41230 133
41222 41231 281
41243 41283 235
41255 41301 14
41266 41284 259
41268 41271 99
41277 41297 132
41303 41330 24
41312 41340 288
41340 41351 300
41355 41392 263
41360 41365 199
41380 41400 212
41381 41402 142
41400 41420 224
41414 41440 173
41434 41470 43
41463 41497 79
41469 41505 117
41478 41516 103
41505 41536 225
41509 41556 49
41525 41538 246
41555 41602 172
41559 41577 38
41563 41607 85
41586 41596 161
41604 41631 113
41610 41639 115
41630 41680 235
41634 41684 4
41638 41656 61
41660 41701 3
41680 41691 232
41709 41733 297
41722 41750 189
41724 41759 219
41750 41761 222
41764 41797 36
41791 41803 185
41808 41828 247
41822 41864 199
41834 41855 20
41847 41854 154
41877 41910 10
41906 41951 73
41925 41968 154
41949 41957 80
41969 42019 290
41987 42010 32
42012 42019 95
42015 42052 285
42024 42044 297
42053 42092 126
42058 42103 206
42088 42104 134
42094 42114 160
42098 42107 43
42098 42137 59
42125 42158 258
42135 42150 20
42147 42186 203
42148 42181 239
42152 42189 150
42179 42192 60
42199 42204 36
42221 42261 252
42224 42236 296
42226 42255 214
42247 42283 241
42267 42295 155
42287 42297 163
42298 42313 120
42306 42307 162
42307 42325 174
42312 42348 262
42321 42325 71
42328 42368 44
42334 42346 135
42363 42373 255
42384 42432 130
42412 42459 282
42426 42452 83
42432 42433 46
42455 42458 190
42467 42509 41
42480 42484 137
42509 42542 194
42524 42528 98
42532 42554 32
42549 42594 68
42566 42571 60
42578 42621 118
42591 42629 74
42620 42646 217
42636 42638 172
42647 42665 11
42658 42699 243
42676 42707 199
42682 42685 46
42696 42744 76
42699 42741 184
42721 42768 115
42737 42751 181
42752 42759 121
42767 42803 164
42768 42814 294
42793 42835 154
42801 42806 185
42831 42833 37
42861 42908 95
42874 42918 144
42902 42950 24
42917 42950 112
42922 42930 121
42941 42976 263
42964 42999 77
42990 43000 228
42990 43040 199
43006 43030 228
43008 43035 39
43021 43041 77
43030 43033 1
43032 43080 261
43034 43056 1
43053 43091 277
43064 43095 292
43068 43102 247
43071 43092 178
43071 43073 279
43082 43132 187
43102 43150 174
43123 43169 228
43129 43137 254
43151 43167 7
43152 43202 182
43172 43210 92
43201 43235 240
43229 43244 24
43246 43277 165
43259 43272 179
43279 43310 42
43284 43319 62
43295 43328 197
43304 43337 43
43323 43363 248
43329 43367 5
43348 43373 194
43367 43407 276
43397 43444 240
43400 43414 78
43426 43460 20
43436 43457 171
43447 43455 161
43475 43490 199
43475 43503 34
43487 43503 30
43513 43554 66
43523 43565 291
43541 43563 36
43567 43599 259
43590 43632 184
43616 43626 110
43634 43644 31
43635 43681 126
43661 43707 89
43685 43717 134
43702 43749 244
43723 43753 279
43724 43774 144
43736 43744 199
43751 43767 134
43763 43813 154
43776 43779 177
43782 43796 187
43790 43823 206
43805 43830 75
43823 43852 283
43846 43858 43
43855 43857 123
43868 43872 13
43881 43916 112
43885 43928 282
43908 43913 173
43920 43925 96
43925 43949 70
43943 43977 148
43950 43994 277
43960 44009 196
43980 44020 151
43988 44027 263
43992 44013 96
44002 44026 101
44015 44019 36
44019 44065 228
44032 44045 166
44059 44084 240
44073 44075 259
44081 44096 12
44099 44104 277
44108 44135 71
44125 44161 247
44146 44151 232
44170 44182 105
44175 44215 78
44179 44194 245
44184 44202 81
44211 44248 61
44233 44277 172
44241 44265 70
44258 44302 46
44269 44285 12
44286 44324 281
44286 44292 93
44308 44357 92
44309 44314 284
44331 44350 97
44354 44396 36
44375 44414 92
44388 44418 3
44400 44445 148
44430 44456 65
44455 44496 237
44471 44514 7
44484 44529 262
44493 44501 96
44499 44545 97
44514 44531 202
44538 44557 137
44559 44562 65
44585 44629 202
44613 44635 224
44636 44661 57
44644 44664 110
44645 44689 16
44652 44666 247
44661 44711 66
44672 44677 64
44697 44707 53
44725 44775 220
44751 44771 126
44763 44793 95
44777 44792 63
44798 44828 112
44819 44869 51
44819 44853 113
44828 44878 51
44857 44859 136
44874 44917 35
44903 44922 104
44931 44979 253
44943 44952 289
44972 45013 15
44982 44991 85
45004 45030 52
45009 45031 89
45015 45037 61
45030 45053 182
45031 45071 78
45038 45080 204
45051 45078 52
45069 45095 5
45073 45090 147
45076 45099 124
45105 45127 32
45115 45125 156
45117 45128 212
45142 45169 67
45165 45176 143
45181 45227 68
45199 45209 191
45224 45262 89
45253 45283 93
45277 45292 33
45297 45308 14
45314 45325 102
45330 45331 177
45356 45384 63
45375 45415 152
45386 45418 283
45414 45421 157
45437 45455 219
45447 45493 16
45453 45457 231
45465 45475 274
45488 45525 263
45511 45555 247
45531 45578 170
45559 45580 146
45582 45605 237
45587 45597 156
45615 45654 197
45634 45662 253
45655 45685 257
45681 45731 61
45694 45728 135
45720 45750 154
45725 45757 272
45744 45771 31
45767 45782 296
45778 45785 241
45790 45833 186
45811 45822 36
45830 45839 175
45849 45896 145
45856 45898 255
45868 45902 20
45892 45918 3
45917 45935 183
45922 45941 233
45948 45962 138
45954 45981 140
45955 46004 71
45970 46002 27
45999 46034 86
45999 46012 260
46011 46013 9
46013 46056 274
46033 46077 275
46062 46087 20
46082 46121 55
46104 46125 263
46111 46160 89
46132 46136 70
46137 46158 295
46138 46155 104
46154 46203 285
46160 46179 200
46166 46189 124
46181 46228 275
46185 46189 227
46210 46230 198
46232 46279 265
46260 46288 148
46286 46314 270
46292 46296 41
46294 46344 219
46308 46334 1
46308 46323 60
46321 46355 123
46323 46335 268
46332 46373 276
46336 46386 235
46349 46378 82
46364 46367 149
46376 46424 214
46406 46434 216
46416 46419 174
46446 46461 175
46463 46473 23
46480 46496 74
46482 46526 249
46506 46508 257
46518 46562 221
46531 46576 235
46546 46592 176
46556 46575 221
46558 46603 119
46562 46609 151
46563 46592 167
46569 46577 84
46588 46632 103
46597 46634 176
46602 46629 64
46603 46629 74
46630 46651 137
46642 46648 229
46644 46680 217
46644 46686 223
46649 46664 281
46679 46712 196
46690 46709 75
46694 46707 258
46716 46731 108
46738 46769 156
46749 46760 29
46767 46790 145
46794 46837 224
46814 46838 195
46823 46843 100
46834 46862 292
46835 46839 45
46843 46845 33
46872 46905 56
46900 46905 119
46925 46970 166
46955 46972 200
46955 46957 32
46974 47010 84
47003 47019 69
47019 47059 162
47039 47081 25
47060 47099 23
47074 47112 209
47087 47105 282
47100 47144 262
47107 47140 141
47117 47154 68
47133 47180 270
47161 47191 142
47169 47179 300
47171 47217 1
47191 47234 235
47212 47248 87
47214 47218 1
47215 47233 59
47245 47272 187
47267 47313 133
47272 47301 66
47302 47308 209
47302 47327 7
47312 47346 21
47323 47370 163
47352 47388 33
47381 47394 281
47407 47456 284
47437 47439 165
47442 47466 231
47455 47503 289
47466 47477 282
47478 47492 174
47481 47497 226
47498 47522 159
47519 47541 79
47541 47553 154
47555 47558 211
47571 47581 52
47586 47587 167
47599 47649 108
47615 47646 288
47628 47665 126
47628 47670 34
47643 47689 13
47665 47698 128
47667 47706 218
47675 47713 295
47684 47727 274
47692 47731 205
47710 47728 122
47720 47747 242
47720 47759 157
47727 47755 29
47740 47771 287
47743 47748 181
47743 47778 194
47765 47770 30
47795 47804 78
47795 47817 149
47810 47831 251
47830 47876 208
47851 47878 169
47860 47878 155
47887 47907 132
47909 47954 181
47936 47965 140
47936 47984 287
47949 47995 71
47956 48005 162
47975 48017 36
47993 48024 106
47996 48045 141
48010 48026 24
48031 48058 293
48035 48073 209
48059 48104 206
48079 48114 7
48094 48115 79
48112 48120 182
48134 48139 291
48143 48162 17
48164 48196 211
48192 48234 236
48207 48240 33
48210 48212 180
48224 48249 213
48244 48291 287
48267 48292 112
48291 48336 28
48320 48351 230
48329 48339 48
48356 48379 91
48379 48405 196
48381 48399 201
48401 48414 207
48431 48475 125
48439 48466 59
48459 48491 53
48465 48494 84
48469 48495 229
48482 48499 212
48489 48507 249
48505 48540 32
48527 48547 90
48555 48590 286
48575 48607 289
48596 48617 41
48608 48612 11
48636 48645 62
48646 48682 38
48662 48668 168
48674 48709 176
48682 48693 254
48686 48705 18
48697 48742 152
48707 48753 166
48722 48753 31
48751 48779 113
48752 48766 139
48762 48800 243
48765 48801 210
48794 48817 230
48808 48822 195
48817 48859 99
48827 48870 40
48847 48877 93
48858 48867 224
48869 48914 267
48893 48915 34
48894 48933 137
48902 48904 235
48907 48939 67
48916 48953 130
48933 48949 89
48963 48982 67
48969 49005 69
48997 49046 255
49006 49008 243
49007 49011 247
49009 49040 252
49018 49052 81
49018 49044 213
49031 49062 167
49045 49083 92
49045 49080 256
49048 49083 45
49067 49101 201
49096 49121 291
49105 49150 152
49130 49157 52
49153 49189 76
49180 49205 24
49201 49242 78
49209 49218 85
49213 49222 189
49213 49255 181
49224 49237 167
49245 49255 51
49250 49255 49
49266 49304 296
49281 49330 15
49303 49351 160
49310 49356 162
49314 49357 61
49325 49333 273
49337 49360 127
49352 49401 236
49362 49385 237
49372 49418 14
49388 49420 92
49406 49424 176
49434 49443 220
49448 49475 87
49471 49517 20
49476 49488 131
49480 49502 134
49501 49537 260
49503 49515 227
49521 49526 65
49525 49565 83
49535 49578 111
49547 49562 155
49574 49619 278
49593 49597 62
49602 49638 225
49630 49658 284
49654 49701 80
49678 49705 100
49692 49708 129
49696 49712 182
49712 49759 138
49732 49741 10
49753 49759 32
49760 49787 138
49786 49811 177
49802 49821 144
49808 49843 43
49814 49864 44
49832 49880 165
49857 49878 116
49858 49869 77
49878 49927 295
49878 49898 216
49886 49899 244
49901 49913 85
49905 49925 231
49921 49962 119
49923 49950 33
49952 49958 131
49975 50008 9
49990 50031 103
50018 50066 187
50024 50056 212
50027 50043 225
50042 50054 34
50059 50077 102
50078 50092 253
50104 50113 298
50127 50143 114
50137 50162 47
50140 50173 108
50145 50164 218
50171 50207 24
50188 50210 84
50199 50235 197
50229 50275 211
50241 50280 231
50260 50268 105
50277 50313 174
50280 50298 11
50284 50309 105
50298 50320 299
50316 50352 293
50316 50345 61
50346 50366 2
50360 50400 270
50372 50388 127
50400 50425 61
50419 50429 138
50440 50480 143
50455 50491 233
50464 50499 88
50490 50493 158
50511 50536 92
50513 50552 144
50517 50539 203
50533 50569 61
50537 50574 241
50547 50559 169
50552 50560 270
50554 50581 112
50555 50559 128
50562 50575 252
50577 50613 6
50584 50606 112
50608 50641 36
50612 50658 91
50624 50647 187
50646 50647 199
50671 50688 126
50694 50705 219
50716 50738 18
50729 50760 207
50737 50758 66
50766 50772 20
50792 50833 274
50800 50827 193
50829 50854 114
50846 50853 43
50852 50865 241
50857 50905 159
50865 50873 176
50892 50902 91
50894 50934 164
50901 50930 52
50918 50924 151
50927 50933 252
50943 50974 289
50955 50998 27
50967 51007 6
50986 50989 92
51010 51019 46
51017 51034 136
51028 51051 8
51035 51045 63
51060 51079 11
51068 51074 126
51093 51104 68
51119 51140 99
51138 51156 88
51144 51176 20
51160 51174 190
51176 51199 224
51186 51214 292
51196 51226 212
51220 51259 274
51249 51296 172
51275 51279 241
51286 51288 183
51303 51304 160
51320 51360 202
51343 51359 71
51365 51412 155
51368 51404 282
51387 51390 20
51408 51431 108
51415 51429 282
51435 51465 133
51457 51471 291
51459 51499 193
51480 51518 110
51481 51530 106
51498 51533 266
51518 51554 132
51526 51538 36
51549 51555 45
51557 51580 161
51564 51597 78
51594 51636 275
51595 51633 111
51601 51612 207
51612 51646 90
51630 51632 252
51657 51697 294
51676 51716 236
51677 51713 234
51701 51710 6
51703 51751 194
51729 51735 285
51739 51743 219
51764 51792 228
51777 51789 13
51787 51824 73
51813 51834 101
51841 51853 229
51846 51872 17
51846 51857 165
51872 51907 181
51901 51904 127
51913 51928 13
51916 51938 212
51919 51932 172
51945 51965 109
51955 51960 49
51984 52001 77
52009 52028 196
52031 52059 144
52051 52063 58
52072 52092 166
52075 52084 258
52079 52099 240
52088 52094 64
52115 52130 122
52143 52177 122
52155 52157 107
52174 52222 212
52184 52234 54
52207 52245 89
52236 52274 288
52239 52260 158
52246 52256 282
52260 52302 286
52289 52318 105
52297 52328 192
52312 52336 162
52313 52347 156
52326 52363 70
52350 52385 142
52376 52383 230
52391 52392 139
52399 52400 43
52429 52461 244
52448 52482 15
52470 52516 290
52491 52524 111
52503 52509 274
52506 52513 187
52523 52565 225
52543 52558 295
52562 52578 142
52562 52604 123
52563 52571 229
52565 52610 203
52594 52644 118
52609 52612 47
52622 52625 85
52630 52640 36
52642 52658 208
52642 52652 157
52647 52677 162
52665 52705 172
52695 52718 235
52704 52721 87
52720 52768 217
52748 52783 4
52753 52770 181
52762 52783 289
52781 52830 170
52801 52831 72
52805 52853 5
52828 52851 243
52843 52889 122
52872 52905 111
52875 52881 132
52905 52929 62
52925 52965 64
52933 52939 37
52943 52953 95
52960 52986 237
52981 53025 13
52996 53046 269
53018 53059 204
53036 53071 139
53042 53090 171
53061 53104 137
53079 53106 75
53089 53122 143
53100 53104 285
53127 53160 47
53144 53156 170
53170 53186 269
53177 53187 143
53205 53209 100
53227 53255 155
53254 53265 267
53267 53277 120
53268 53287 87
53281 53300 51
53292 53310 149
53292 53332 70
53320 53329 3
53341 53364 189
53345 53381 293
53355 53362 114
53366 53381 114
53378 53423 258
53385 53418 231
53400 53435 33
53407 53417 136
53422 53446 266
53437 53448 201
53466 53479 272
53496 53519 256
53515 53542 3
53539 53564 236
53539 53584 253
53544 53552 258
53552 53562 154
53553 53565 224
53553 53581 195
53565 53595 168
53595 53631 195
53605 53620 60
53623 53643 47
53631 53678 180
53635 53666 3
53642 53647 284
53651 53665 236
53658 53692 84
53672 53688 189
53672 53718 37
53672 53697 239
53676 53725 278
53677 53713 158
53689 53739 30
53703 53728 296
53721 53746 27
53745 53764 159
53773 53796 293
53776 53798 78
53789 53802 140
53819 53860 234
53829 53839 13
53847 53869 19
53849 53861 297
53856 53882 271
53879 53914 185
53897 53928 62
53924 53971 77
53935 53938 95
53955 53970 108
53968 53970 282
53998 54032 92
53998 54002 90
54018 54022 154
54039 54089 120
54053 54093 210
54053 54063 149
54055 54101 37
54085 54111 251
54104 54144 39
54104 54116 124
54126 54146 15
54131 54137 223
54132 54150 33
54148 54178 18
54161 54164 66
54171 54210 31
54201 54234 161
54225 54246 283
54250 54298 187
54264 54285 144
54274 54280 34
54274 54290 28
54277 54315 227
54301 54331 121
54307 54357 76
54332 54362 200
54348 54392 85
54367 54411 173
54377 54395 60
54386 54436 249
54391 54408 98
54404 54439 140
54415 54437 187
54436 54449 161
54442 54464 65
54450 54489 76
54465 54498 286
54491 54519 183
54492 54517 66
54506 54555 300
54517 54524 64
54540 54563 274
54550 54584 56
54564 54572 125
54581 54618 86
54598 54627 123
54626 54651 39
54636 54684 170
54638 54667 60
54658 54672 114
54680 54717 230
54689 54725 191
54711 54744 34
54725 54743 264
54752 54781 147
54773 54791 199
54782 54802 136
54797 54807 173
54820 54841 282
54821 54852 218
54831 54863 167
54844 54868 228
54851 54879 46
54868 54880 255
54874 54882 263
54874 54908 87
54880 54897 298
54894 54929 113
54917 54954 108
54930 54970 139
54933 54937 268
54950 54997 51
54968 54970 142
54998 55043 280
55010 55033 84
55033 55060 62
55055 55096 119
55065 55076 170
55075 55117 263
55096 55139 211
55117 55163 281
55119 55153 68
55134 55179 123
55158 55172 269
55181 55193 7
55191 55226 24
55197 55204 84
55225 55243 120
55237 55272 241
55251 55266 251
55276 55299 108
55282 55319 232
55305 55332 254
55329 55341 168
55348 55382 254
55362 55378 262
55378 55396 78
55392 55423 251
55394 55410 28
55423 55472 143
55431 55434 115
55457 55458 1
55463 55493 61
55466 55499 231
55483 55517 139
55488 55538 112
55497 55519 167
55516 55540 138
55522 55546 103
55549 55584 263
55559 55562 7
55562 55610 109
55566 55611 42
55569 55592 270
55595 55621 28
55605 55621 37
55634 55676 137
55652 55691 84
55672 55722 36
55696 55718 275
55713 55748 220
55729 55734 192
55739 55786 158
55755 55776 29
55759 55781 243
55775 55805 159
55781 55802 205
55801 55812 55
55825 55855 193
55829 55836 147
55844 55858 135
55873 55902 231
55885 55888 57
55887 55889 215
55896 55944 174
55905 55953 216
55920 55966 194
55949 55972 71
55949 55963 117
55955 55969 175
55964 56009 217
55976 56026 256
56001 56045 220
56029 56061 26
56030 56067 52
56057 56068 289
56070 56116 284
56087 56106 141
56108 56143 288
56127 56132 247
56131 56148 76
56136 56149 280
56140 56166 110
56170 56182 252
56195 56201 170
56203 56212 48
56204 56219 194
56211 56257 8
56218 56229 300
56222 56271 97
56252 56259 173
56259 56299 13
56281 56322 45
56311 56347 219
56335 56340 133
56335 56373 144
56362 56403 285
56390 56407 11
56410 56423 93
56423 56427 206
56432 56462 123
56444 56484 106
56460 56476 22
56472 56516 14
56497 56515 143
56527 56545 21
56557 56566 172
56574 56579 246
56594 56606 5
56598 56605 153
56615 56623 86
56626 56662 253
56626 56644 277
56628 56658 64
56657 56666 116
56666 56672 108
56667 56703 158
56685 56717 47
56687 56701 38
56714 56716 257
56727 56762 107
56729 56774 112
56755 56769 8
56783 56825 243
56784 56829 78
56795 56815 267
56819 56821 40
56847 56859 8
56850 56884 109
56866 56876 120
56889 56918 255
56906 56922 78
56934 56960 151
56959 56987 50
56967 56968 53
56979 56983 133
57009 57039 270
57015 57020 154
57044 57058 100
57046 57067 195
57050 57088 137
57051 57066 71
57055 57102 279
57070 57087 286
57079 57086 166
57086 57115 159
57111 57150 18
57124 57156 67
57151 57153 136
57175 57188 260
57180 57211 189
57191 57208 114
57210 57243 249
57225 57262 259
57251 57297 183
57266 57307 158
57274 57319 28
57282 57321 89
57294 57339 146
57323 57369 277
57327 57345 205
57335 57373 170
57345 57347 37
57345 57354 158
57356 57375 16
57363 57394 243
57391 57413 96
57407 57437 291
57417 57442 97
57423 57460 107
57450 57480 21
57459 57506 43
57481 57507 111
57493 57510 263
57493 57497 220
57514 57541 176
57531 57544 172
57543 57590 113
57554 57565 221
57573 57603 284
57597 57638 273
57626 57667 280
57636 57664 135
57656 57699 225
57670 57716 144
57673 57705 124
57691 57694 103
57710 57745 34
57739 57787 244
57753 57794 224
57764 57767 223
57775 57792 106
57786 57817 26
57796 57830 246
57798 57830 101
57820 57832 19
57824 57855 50
57825 57836 164
57833 57869 27
57852 57859 106
57875 57878 108
57898 57941 32
57909 57930 57
57913 57924 136
57940 57980 120
57949 57966 208
57951 57984 275
57971 57997 214
57978 57979 238
57983 58029 224
57995 58037 204
58001 58010 11
58015 58042 119
58040 58052 100
58056 58081 220
58070 58102 162
58075 58078 92
58080 58125 79
58093 58139 181
58113 58116 59
58142 58174 298
58156 58198 296
58185 58204 280
58189 58209 226
58212 58228 165
58225 58230 85
58231 58281 286
58248 58283 250
58271 58299 215
58275 58283 183
58279 58305 12
58301 58334 175
58308 58345 14
58327 58361 167
58353 58376 283
58370 58397 44
58395 58396 50
58420 58432 176
58428 58476 288
58438 58439 96
58450 58454 134
58466 58501 183
58473 58518 94
58501 58551 39
58509 58544 199
58534 58539 230
58551 58578 83
58567 58592 267
58575 58592 290
58603 58605 272
58632 58679 182
58655 58699 21
58672 58686 10
58692 58697 114
58717 58731 172
58745 58784 170
58750 58796 264
58758 58784 213
58763 58794 243
58769 58788 140
58779 58812 298
58794 58800 72
58799 58814 214
58807 58818 262
58826 58867 176
58847 58854 92
58866 58913 184
58896 58910 253
58918 58945 139
58935 58944 199
58949 58978 127
58966 58985 187
58989 59027 68
58999 59013 120
59001 59024 12
59025 59067 272
59048 59063 226
59055 59060 228
59079 59100 232
59107 59145 296
59107 59144 197
59128 59133 194
59129 59141 49
59136 59155 139
59154 59169 177
59165 59190 108
59169 59214 90
59186 59219 282
59215 59235 76
59222 59262 192
59235 59278 30
59238 59273 173
59256 59276 231
59261 59265 288
59269 59273 260
59288 59315 72
59299 59308 159
59320 59328 220
59320 59352 146
59338 59348 136
59359 59369 93
59377 59418 222
59391 59395 130
59400 59448 56
59429 59468 39
59444 59485 89
59468 59476 37
59496 59526 259
59503 59511 137
59512 59560 46
59531 59565 47
59538 59544 117
59558 59561 136
59565 59576 39
59586 59606 80
59614 59650 185
59622 59627 9
59634 59647 181
59662 59671 241
59684 59698 79
59701 59745 137
59718 59734 130
59722 59769 120
59726 59754 261
59747 59783 77
59756 59784 56
59758 59803 102
59761 59782 91
59775 59821 56
59805 59808 227
59821 59844 239
59846 59894 269
59853 59864 256
59860 59881 245
59868 59873 29
59891 59911 214
59904 59917 219
59928 59933 66
59948 59962 84
59954 59996 183
59980 59991 295
59985 60034 14
59997 60045 117
60012 60016 28
60018 60019 125
60028 60033 68
60050 60074 162
60062 60072 150
60070 60089 237
60075 60113 19
60098 60101 136
60113 60120 191
60137 60169 38
60145 60182 183
60175 60191 228
60193 60223 109
60215 60254 157
60226 60263 17
60247 60258 42
60266 60304 251
60279 60280 56
60309 60336 86
60331 60343 80
60359 60396 67
60380 60415 250
60400 60403 297
60406 60412 291
60411 60450 43
60421 60462 141
60434 60444 248
60460 60480 162
60480 60482 161
60489 60516 68
60514 60515 21
60533 60537 33
60540 60582 149
60556 60575 114
60562 60609 30
60563 60570 172
60579 60592 65
60599 60611 92
60608 60629 11
60629 60674 106
60634 60672 89
60649 60655 159
60649 60669 48
60671 60706 125
60699 60720 287
60709 60714 230
60734 60776 38
60739 60745 173
60754 60797 226
60773 60821 264
60784 60827 257
60789 60807 296
60814 60846 157
60831 60837 65
60856 60904 299
60884 60913 144
60895 60942 152
60907 60947 79
60915 60922 122
60929 60943 172
60935 60940 209
60941 60973 103
60960 60990 200
60966 60973 83
60968 60995 140
60979 61023 262
60992 61022 78
60992 60999 287
61018 61025 211
61036 61041 146
61062 61079 68
61062 61065 280
61081 61093 226
61104 61106 142
61124 61153 190
61154 61160 127
61183 61220 107
61185 61200 209
61194 61214 102
61205 61228 286
61234 61252 1
61248 61289 137
61255 61292 269
61262 61294 68
61272 61298 252
61278 61328 196
61289 61318 223
61293 61338 261
61304 61325 129
61310 61330 75
61323 61327 121
61342 61391 173
61344 61349 289
61349 61382 131
61367 61415 179
61390 61408 281
61403 61446 252
61407 61445 152
61414 61457 21
61442 61465 152
61452 61497 63
61458 61495 107
61479 61484 250
61502 61536 109
61506 61510 231
61509 61527 268
61523 61546 135
61526 61561 277
61540 61562 72
61544 61581 28
61569 61584 182
61580 61597 105
61597 61600 146
61623 61662 92
61625 61644 225
61649 61663 146
61679 61686 14
61700 61702 152
61715 61718 224
61720 61731 18
61745 61765 193
61761 61781 83
61763 61804 177
61785 61790 79
61803 61814 103
61818 61828 244
61845 61864 126
61858 61900 136
61865 61911 255
61891 61916 264
61919 61944 91
61935 61951 183
61942 61979 66
61946 61967 280
61947 61995 109
61974 61983 223
61999 62037 191
62016 62030 222
62025 62042 169
62027 62072 291
62049 62071 160
62069 62104 25
62077 62114 231
62096 62107 216
62123 62138 254
62124 62139 266
62125 62162 86
62125 62167 41
62151 62194 300
62168 62208 241
62170 62210 53
62196 62230 160
62204 62230 115
62229 62273 255
62253 62263 186
62266 62284 86
62282 62325 275
62295 62308 281
62306 62332 174
62310 62325 21
62320 62351 123
62344 62365 286
62373 62418 3
62400 62412 247
62411 62440 187
62435 62472 106
62460 62470 187
62475 62510 112
62501 62527 87
62507 62510 106
62521 62558 7
62542 62561 249
62564 62611 146
62580 62608 253
62594 62624 282
62617 62625 75
62641 62667 261
62658 62685 295
62687 62730 101
62715 62739 38
62740 62761 208
62766 62815 52
62773 62785 290
62779 62814 38
62788 62798 127
62815 62864 272
62835 62861 185
62850 62860 192
62878 62908 178
62894 62936 12
62917 62938 85
62925 62944 285
62954 62965 85
62955 62985 184
62961 62990 185
62976 63021 289
62976 62989 267
62981 62991 273
63000 63047 81
63007 63057 31
63007 63034 266
63014 63062 264
63044 63079 275
63052 63080 34
63065 63094 18
63095 63130 193
63118 63147 197
63124 63143 275
63143 63146 38
63156 63203 13
63175 63181 63
63202 63238 115
63203 63228 299
63230 63261 131
63252 63277 281
63272 63309 46
63273 63300 55
63275 63288 246
63301 63334 258
63330 63332 39
63335 63355 237
63361 63371 228
63386 63428 45
63389 63429 272
63394 63417 223
63420 63427 173
63445 63480 71
63472 63501 74
63502 63505 247
63527 63561 284
63528 63536 173
63531 63538 285
63542 63575 70
63546 63575 58
63554 63573 20
63556 63562 122
63570 63587 5
63575 63608 291
63599 63633 299
63605 63640 189
63627 63639 286
63633 63651 129
63656 63675 243
63685 63718 63
63693 63710 101
63714 63749 102
63730 63757 139
63738 63754 220
63754 63757 179
63756 63765 61
63761 63789 74
63791 63835 267
63814 63838 196
63844 63885 238
63845 63868 2
63870 63911 271
63891 63917 186
63906 63932 252
63926 63958 243
63932 63960 267
63933 63970 56
63934 63947 220
63937 63940 137
63940 63943 114
63944 63953 123
63947 63961 5
63968 64002 216
63983 63991 97
63987 64017 70
63989 64020 117
64000 64046 220
64014 64042 221
64025 64035 210
64055 64066 168
64078 64107 88
64084 64086 228
64090 64110 228
64107 64131 276
64133 64144 146
64142 64171 272
64145 64165 56
64154 64170 175
64181 64207 107
64195 64202 256
64215 64242 271
64220 64242 115
64230 64275 83
64236 64277 119
64266 64292 143
64273 64291 116
64290 64291 40
64297 64321 169
64318 64357 184
64339 64362 292
64356 64398 134
64373 64385 87
64387 64428 58
64396 64417 73
64397 64421 22
64402 64435 290
64408 64429 151
64433 64473 103
64459 64495 205
64460 64471 297
64469 64478 114
64478 64495 101
64496 64545 182
64512 64560 168
64523 64537 127
64536 64543 204
64559 64591 240
64587 64618 135
64594 64599 86
64618 64641 126
64620 64649 13
64627 64657 259
64654 64657 63
64669 64716 163
64685 64697 171
64712 64757 60
64713 64760 140
64742 64788 148
64743 64765 35
64758 64799 135
64778 64779 293
64796 64799 299
64820 64828 255
64846 64859 120
64851 64853 220
64870 64876 228
64889 64925 254
64891 64896 42
64912 64927 283
64923 64953 192
64944 64989 10
64949 64978 45
64966 64988 295
64989 65033 108
64999 65029 37
65005 65011 99
65017 65052 234
65018 65049 135
65019 65058 26
65046 65074 62
65049 65081 128
65072 65117 167
65092 65137 145
65107 65116 171
65107 65143 245
65109 65134 238
65125 65163 147
65145 65179 137
65171 65215 207
65200 65245 101
65203 65249 148
65226 65245 11
65248 65275 261
65272 65274 201
65297 65307 203
65310 65357 281
65336 65352 195
65341 65379 263
65358 65394 7
65384 65425 49
65403 65420 285
65432 65440 242
65451 65486 77
65481 65525 255
65501 65539 119
65525 65575 45
65553 65595 36
65558 65592 155
65579 65624 132
65596 65644 187
65609 65616 36
65635 65669 66
65659 65678 152
65660 65699 64
65676 65714 233
65678 65717 107
65679 65722 131
65693 65740 209
65696 65744 107
65702 65746 135
65722 65733 194
65741 65769 84
65755 65790 107
65784 65789 243
65812 65830 177
65836 65839 189
65844 65865 300
65868 65893 20
65891 65933 51
65898 65899 261
65918 65940 237
65948 65984 156
65974 65979 182
65993 66038 164
66011 66034 80
66014 66058 193
66041 66068 36
66042 66076 24
66066 66107 118
66096 66100 87
66122 66129 205
66149 66160 70
66173 66185 237
66184 66193 46
66184 66200 230
66204 66236 222
66219 66267 73
66235 66246 271
66250 66275 4
66259 66295 116
66274 66295 11
66292 66332 206
66308 66344 29
66327 66366 149
66330 66342 111
66350 66400 31
66377 66414 67
66378 66421 146
66379 66386 18
66406 66440 79
66406 66428 229
66416 66445 201
66444 66493 212
66469 66491 64
66469 66504 10
66482 66514 148
66505 66527 7
66529 66568 276
66530 66534 45
66538 66571 251
66555 66598 233
66574 66577 104
66601 66614 188
66626 66675 264
66654 66663 34
66659 66679 14
66665 66672 262
66675 66680 267
66692 66716 75
66698 66707 151
66726 66735 258
66749 66775 2
66749 66775 124
66767 66769 281
66775 66787 22
66801 66813 21
66811 66852 188
66830 66838 223
66860 66866 166
66885 66932 110
66890 66908 217
66901 66951 174
66930 66945 262
66955 66989 212
66964 66970 256
66983 67001 296
66986 66999 47
66987 67033 241
66987 67003 300
66994 67004 185
66997 67023 297
66999 67029 229
67004 67011 236
67032 67034 8
67062 67103 287
67073 67085 271
67102 67145 4
67113 67157 87
67140 67172 153
67147 67183 49
67147 67163 219
67149 67190 161
67160 67204 293
67187 67194 196
67198 67203 244
67219 67263 275
67228 67231 118
67234 67263 12
67254 67294 141
67283 67299 62
67285 67300 234
67299 67338 146
67300 67329 251
67324 67355 32
67349 67353 159
67364 67404 65
67392 67424 144
67403 67445 159
67424 67452 144
67434 67454 171
67448 67449 111
67460 67498 59
67485 67510 80
67515 67524 39
67533 67536 21
67557 67586 1
67581 67630 204
67582 67621 213
67591 67618 183
67609 67656 6
67624 67666 64
67649 67654 1
67667 67713 185
67690 67727 50
67702 67751 147
67707 67711 136
67737 67747 187
67749 67783 264
67756 67802 55
67770 67799 201
67787 67827 8
67794 67798 174
67813 67853 223
67842 67890 150
67860 67901 230
67870 67878 70
67887 67908 58
67903 67935 147
67915 67932 91
67923 67962 185
67935 67953 101
67951 67954 107
67955 67983 78
67974 67999 293
67978 67999 275
67979 68002 36
67983 68002 220
68007 68024 13
68032 68052 96
68044 68046 82
68068 68103 75
68087 68104 61
68102 68128 135
68111 68145 64
68121 68122 73
68142 68178 261
68154 68177 12
68168 68206 169
68172 68215 106
68181 68210 56
68200 68218 14
68223 68245 290
68225 68236 200
68244 68281 132
68251 68265 32
68266 68292 14
68286 68315 138
68311 68323 187
68335 68368 49
68349 68399 174
68365 68408 273
68386 68432 159
68412 68443 222
68412 68444 175
68428 68471 192
68446 68466 221
68476 68497 14
68486 68524 26
68507 68521 299
68529 68538 106
68534 68555 247
68564 68585 177
68586 68595 234
68601 68647 182
68624 68642 286
68643 68657 161
68664 68688 289
68668 68696 123
68698 68718 240
68702 68717 297
68730 68745 79
68744 68763 271
68760 68795 8
68775 68780 218
68781 68793 129
68811 68858 279
68828 68832 100
68841 68870 109
68844 68882 213
68860 68876 25
68872 68916 188
68895 68922 22
68913 68926 254
68939 68982 193
68954 68967 263
68964 68968 68
68991 69033 266
69004 69029 132
69033 69059 41
69060 69102 203
69084 69097 39
69097 69102 248
69126 69127 257
69152 69169 67
69174 69211 291
69179 69208 41
69198 69227 68
69212 69256 222
69235 69268 199
69254 69301 165
69257 69299 257
69276 69300 14
69303 69329 70
69316 69359 57
69345 69393 106
69358 69407 198
69385 69419 275
69412 69422 117
69442 69454 152
69452 69466 129
69473 69476 215
69492 69530 91
69496 69528 70
69524 69567 294
69541 69568 92
69555 69597 60
69583 69614 93
69601 69627 267
69613 69638 282
69625 69674 228
69644 69684 143
69653 69683 101
69655 69689 208
69677 69681 27
69706 69738 71
69723 69732 81
69741 69742 178
69760 69799 44
69788 69830 67
69817 69832 14
69844 69876 220
69856 69865 238
69869 69908 90
69877 69901 56
69907 69939 53
69921 69955 93
69936 69983 201
69941 69982 55
69956 69987 222
69973 69995 248
69988 70012 231
69993 69998 170
70005 70035 24
70034 70078 87
70043 70079 40
70063 70100 204
70068 70076 209
70094 70103 105
70095 70139 162
70116 70152 178
70129 70174 263
70144 70191 145
70150 70186 56
70160 70178 219
70160 70174 93
70170 70188 241
70173 70177 10
70186 70200 198
70205 70221 68
70235 70264 291
70261 70270 225
70291 70294 19
70308 70334 261
70338 70376 16
70362 70400 205
70374 70405 167
70399 70436 17
70402 70408 219
70406 70424 75
70416 70457 109
70445 70456 76
70467 70475 290
70489 70539 197
70502 70530 207
70516 70520 119
70531 70545 266
70542 70591 79
70549 70550 61
70551 70565 267
70561 70575 56
70566 70582 12
70573 70579 110
70587 70622 277
70589 70602 203
70609 70632 256
70629 70633 91
70659 70685 181
70673 70700 236
70699 70745 283
70700 70722 210
70712 70734 24
70713 70714 125
70742 70746 76
70755 70791 3
70758 70763 108
70761 70783 288
70761 70762 109
70786 70832 107
70801 70804 211
70817 70834 53
70846 70855 248
70868 70892 218
70892 70927 223
70906 70917 82
70927 70962 264
70941 70954 178
70961 70995 76
70991 70994 88
70994 70999 31
71008 71010 43
71022 71033 287
71027 71032 31
71040 71071 53
71052 71077 219
71058 71089 146
71084 71124 146
71088 71103 233
71116 71154 67
71119 71142 96
71141 71145 209
71170 71176 182
71197 71235 135
71219 71264 251
71242 71260 285
71249 71269 71
71267 71296 224
71282 71293 138
71300 71304 35
71309 71347 79
71325 71374 204
71326 71340 74
71353 71359 108
71354 71361 234
71360 71370 71
71387 71422 151
71394 71442 120
71422 71443 281
71439 71451 171
71443 71485 34
71452 71502 225
71473 71501 135
71503 71514 149
71518 71540 57
71522 71535 211
71532 71544 230
71560 71604 219
71584 71634 236
71587 71627 77
71615 71626 32
71632 71642 133
71653 71665 11
71677 71708 5
71701 71724 100
71701 71741 278
71731 71758 267
71746 71785 259
71770 71772 175
71788 71813 142
71809 71812 244
71811 71860 253
71835 71855 241
71838 71882 125
71840 71889 282
71856 71902 223
71871 71887 43
71880 71903 172
71887 71935 174
71895 71901 122
71923 71960 118
71933 71937 22
71946 71973 241
71950 71966 150
71958 71991 100
71985 71988 193
72004 72020 202
72025 72051 4
72054 72079 267
72061 72067 92
72066 72112 269
72085 72132 147
72101 72117 198
72105 72115 26
72129 72160 103
72135 72179 146
72144 72184 118
72152 72177 28
72162 72171 88
72167 72215 224
72177 72212 16
72195 72223 285
72225 72227 75
72225 72233 180
72232 72248 178
72262 72265 128
72264 72280 121
72276 72316 206
72300 72302 103
72320 72328 147
72322 72358 117
72327 72329 76
72334 72367 88
72344 72362 245
72347 72381 184
72360 72362 110
72371 72409 227
72380 72430 136
72388 72429 29
72410 72437 72
72419 72450 170
72437 72467 66
72446 72468 17
72446 72473 21
72467 72494 205
72474 72504 190
72486 72532 140
72496 72510 169
72509 72512 68
72539 72586 262
72560 72597 100
72572 72584 282
72600 72638 105
72612 72642 32
72623 72624 91
72650 72695 67
72666 72699 223
72680 72723 26
72688 72719 14
72689 72696 122
72713 72762 96
72725 72764 80
72734 72736 266
72747 72791 189
72759 72791 117
72786 72831 153
72800 72804 157
72817 72835 150
72846 72855 120
72847 72861 55
72851 72867 155
72880 72905 109
72904 72944 132
72934 72955 166
72956 72958 197
72963 73003 235
72984 73032 79
73002 73010 73
73009 73020 83
73009 73021 182
73038 73072 185
73051 73085 299
73077 73081 257
73103 73147 15
73120 73156 225
73133 73148 95
73148 73180 150
73174 73187 209
73179 73218 290
73201 73208 172
73231 73257 216
73237 73265 251
73238 73258 216
73238 73246 89
73264 73314 241
73276 73303 189
73306 73328 39
73333 73337 42
73345 73390 117
73352 73393 228
73380 73394 115
73405 73425 175
73421 73464 57
73451 73496 236
73477 73502 46
73506 73543 163
73533 73559 214
73537 73577 16
73555 73577 275
73574 73584 297
73589 73598 44
73598 73646 268
73621 73641 56
73627 73664 282
73654 73680 245
73684 73731 298
73714 73727 224
73715 73747 161
73734 73741 164
73745 73752 71
73758 73770 235
73762 73776 39
73762 73782 27
73787 73835 73
73813 73863 13
73816 73853 141
73838 73867 222
73838 73879 255
73863 73902 69
73882 73888 289
73892 73893 65
73900 73928 52
73926 73937 173
73954 73957 10
73965 73968 185
73984 74002 278
73987 74003 14
74002 74010 167
74003 74026 8
74019 74030 28
74023 74054 165
74050 74097 68
74070 74081 197
74095 74115 273
74095 74111 150
74120 74143 224
74125 74167 159
74130 74176 110
74148 74189 286
74169 74216 73
74183 74214 203
74209 74211 184
74217 74262 116
74220 74256 84
74243 74253 26
74250 74285 128
