5000
10 16 268
30 41 90
42 74 75
70 112 239
86 93 168
98 140 181
120 159 283
121 141 278
123 131 69
140 182 299
157 194 133
186 195 255
199 211 242
209 222 70
213 262 122
220 233 146
241 281 241
242 290 93
259 308 58
260 305 142
274 303 160
282 317 118
308 331 192
338 372 293
349 398 108
349 358 103
358 377 130
363 364 75
363 395 222
375 389 111
384 396 261
397 437 127
409 434 81
424 474 176
446 488 237
474 505 238
486 534 191
501 513 22
509 558 176
531 548 242
531 571 156
541 577 250
551 588 17
553 580 19
555 563 208
566 582 204
593 611 79
602 604 61
624 648 231
641 658 2
649 699 61
663 697 285
679 706 258
693 694 21
699 716 39
714 717 25
715 753 173
726 773 242
742 776 202
748 775 20
748 772 149
764 772 11
783 810 206
803 805 137
816 837 37
838 887 175
858 864 222
866 915 115
893 940 249
916 937 68
937 940 266
962 965 73
970 992 169
970 991 291
984 1032 268
998 1047 284
1019 1026 216
1035 1041 73
1057 1099 186
1067 1072 183
1067 1109 281
1075 1095 98
1088 1122 145
1097 1146 56
1124 1155 147
1128 1153 67
1151 1164 171
1155 1170 229
1183 1227 211
1203 1251 202
1233 1281 146
1234 1238 261
1244 1279 172
1251 1278 186
1263 1268 162
1273 1288 63
1298 1341 270
1325 1351 217
1339 1369 138
1359 1406 8
1387 1393 180
1411 1421 234
1414 1454 269
1435 1462 200
1437 1484 53
1462 1475 134
1465 1480 199
1493 1503 67
1508 1547 239
1536 1553 162
1549 1596 34
1563 1597 260
1577 1587 4
1577 1625 69
1588 1629 13
1611 1658 285
1618 1628 199
1635 1638 197
1654 1657 248
1678 1695 9
1693 1703 201
1723 1730 202
1753 1803 273
1778 1817 213
1787 1827 7
1809 1811 148
1815 1835 239
1832 1847 287
1837 1849 22
1841 1869 239
1854 1892 33
1867 1909 71
1871 1910 299
1883 1904 137
1894 1935 47
1902 1907 186
1918 1964 54
1933 1937 207
1946 1974 290
1955 1978 92
1964 1983 167
1970 1998 186
1987 1995 192
2016 2064 256
2038 2082 28
2050 2100 114
2063 2082 46
2068 2113 176
2083 2130 274
2110 2113 194
2114 2159 166
2138 2172 204
2156 2184 188
2157 2201 40
2167 2177 79
2184 2224 261
2198 2228 259
2205 2252 290
2220 2235 78
2230 2247 271
2237 2258 26
2245 2283 156
2256 2272 76
2283 2323 145
2299 2336 133
2308 2329 242
2334 2379 240
2346 2348 268
2354 2371 143
2379 2388 189
2380 2404 91
2391 2431 276
2409 2437 203
2436 2461 294
2464 2509 64
2468 2469 79
2492 2530 158
2493 2518 24
2494 2540 248
2516 2526 180
2544 2581 23
2559 2598 132
2562 2566 62
2570 2607 127
2575 2603 118
2601 2637 248
2610 2656 49
2619 2628 65
2644 2675 158
2671 2700 236
2680 2722 95
2691 2738 115
2716 2746 158
2725 2745 176
2751 2793 221
2755 2795 31
2761 2772 115
2769 2774 131
2786 2827 107
2800 2826 253
2814 2858 8
2842 2871 14
2868 2891 103
2882 2893 154
2902 2905 91
2926 2938 13
2940 2960 177
2963 3011 276
2972 2982 175
2974 3023 274
2977 3027 193
2998 3031 101
3021 3070 219
3029 3065 248
3054 3101 142
3074 3091 226
3080 3089 31
3101 3104 156
3126 3148 105
3137 3166 207
3159 3166 147
3176 3185 105
3179 3223 252
3202 3247 29
3202 3248 43
3205 3222 279
3220 3248 217
3246 3288 134
3273 3299 124
3279 3283 272
3284 3292 132
3294 3324 235
3322 3342 54
3346 3396 112
3361 3372 93
3363 3406 164
3390 3422 145
3396 3437 221
3412 3459 110
3435 3482 100
3443 3459 6
3471 3495 38
3473 3480 36
3475 3499 300
3491 3511 47
3497 3516 25
3507 3526 172
3511 3515 211
3537 3586 296
3567 3586 194
3582 3597 211
3598 3617 291
3613 3631 58
3626 3635 148
3636 3657 54
3665 3680 213
3669 3676 152
3694 3716 216
3701 3724 33
3720 3767 15
3745 3783 72
3763 3795 84
3783 3792 258
3813 3849 70
3834 3838 240
3864 3896 277
3892 3936 167
3915 3916 153
3940 3944 291
3948 3969 28
3963 3980 132
3972 3997 147
3984 4003 200
3992 4002 135
4003 4010 106
4032 4040 253
4046 4072 30
4066 4096 108
4072 4110 175
4079 4102 289
4089 4120 272
4093 4132 50
4111 4159 294
4126 4129 197
4132 4147 87
4159 4208 213
4159 4186 47
4184 4213 147
4210 4218 240
4229 4273 235
4234 4243 198
4252 4266 199
4270 4313 65
4271 4282 97
4285 4309 204
4314 4327 228
4321 4322 243
4328 4329 217
4330 4349 279
4348 4362 39
4352 4372 117
4371 4373 264
4376 4391 264
4397 4438 127
4414 4424 190
4414 4452 206
4434 4470 41
4458 4474 227
4485 4511 74
4499 4547 105
4515 4534 71
4532 4557 94
4552 4590 291
4581 4623 11
4585 4633 71
4587 4599 117
4602 4639 274
4606 4635 23
4628 4650 129
4639 4676 97
4669 4677 269
4677 4698 95
4687 4689 76
4688 4709 95
4716 4762 222
4717 4751 50
4724 4763 284
4743 4750 233
4763 4805 140
4767 4793 63
4789 4809 56
4789 4793 33
4791 4807 38
4811 4817 149
4828 4846 255
4829 4854 103
4843 4868 223
4869 4917 211
4897 4933 56
4921 4948 28
4929 4930 158
4954 4983 111
4970 5008 36
4998 5025 248
5016 5044 275
5016 5066 240
5038 5047 11
5065 5080 158
5069 5114 249
5080 5098 233
5085 5118 77
5094 5118 22
5101 5127 262
5120 5142 299
5149 5152 57
5154 5171 281
5174 5195 6
5175 5221 229
5187 5204 228
5206 5251 47
5209 5257 182
5218 5219 281
5225 5255 151
5236 5269 147
5263 5286 69
5285 5333 183
5286 5294 111
5309 5347 194
5337 5353 57
5365 5381 175
5393 5422 9
5410 5441 292
5435 5456 127
5464 5512 55
5472 5482 245
5489 5499 104
5515 5556 16
5543 5547 127
5573 5616 139
5581 5592 177
5608 5639 158
5635 5671 268
5653 5692 111
5679 5691 294
5700 5711 134
5719 5721 169
5728 5760 219
5734 5749 125
5739 5766 266
5747 5765 13
5771 5805 222
5790 5809 122
5807 5835 46
5816 5833 285
5818 5828 252
5818 5840 244
5822 5826 205
5846 5870 139
5867 5912 98
5886 5911 289
5887 5893 218
5911 5944 79
5923 5928 224
5933 5979 69
5960 6005 74
5987 6008 209
5988 6034 279
5996 6035 297
6006 6037 245
6021 6047 37
6045 6095 267
6065 6085 143
6068 6076 256
6069 6114 263
6078 6114 59
6088 6132 63
6112 6130 165
6123 6125 63
6126 6128 89
6129 6160 14
6129 6135 46
6132 6146 112
6159 6208 203
6161 6196 109
6189 6234 156
6204 6252 195
6206 6236 26
6222 6264 194
6230 6274 215
6237 6274 235
6264 6294 218
6272 6306 271
6283 6327 52
6312 6322 197
6336 6364 190
6353 6393 14
6370 6416 191
6394 6405 142
6397 6439 295
6404 6407 11
6415 6461 258
6422 6443 237
6445 6453 136
6468 6492 254
6470 6495 89
6489 6516 79
6494 6530 7
6501 6543 96
6525 6543 157
6536 6573 194
6558 6587 56
6564 6585 21
6578 6609 233
6596 6629 266
6596 6639 62
6613 6629 214
6623 6648 201
6645 6664 125
6665 6703 265
6691 6741 49
6710 6727 206
6714 6721 243
6742 6785 150
6762 6798 250
6773 6820 94
6786 6821 278
6814 6819 10
6840 6865 187
6853 6890 195
6882 6928 36
6889 6926 103
6889 6895 18
6891 6909 8
6904 6914 28
6921 6962 174
6937 6963 175
6958 6981 117
6961 6975 24
6986 7023 35
6990 7023 73
7002 7036 111
7029 7069 239
7030 7033 291
7032 7079 158
7037 7076 34
7038 7056 259
7039 7069 226
7064 7087 32
7069 7118 55
7073 7102 36
7087 7101 103
7091 7109 214
7094 7119 39
7118 7136 55
7128 7150 32
7150 7189 185
7180 7229 113
7202 7212 253
7231 7263 34
7245 7291 157
7253 7286 296
7271 7296 232
7288 7307 61
7307 7356 59
7313 7363 172
7327 7365 166
7331 7351 99
7357 7370 164
7358 7392 253
7384 7415 84
7410 7455 180
7429 7473 91
7452 7470 162
7469 7495 144
7495 7537 113
7511 7534 69
7514 7520 27
7518 7547 142
7518 7533 220
7546 7596 183
7558 7560 285
7574 7597 235
7594 7595 2
7605 7608 47
7616 7634 6
7628 7645 297
7657 7675 202
7684 7730 210
7705 7740 267
7734 7763 156
7750 7766 248
7778 7799 241
7798 7843 259
7816 7817 282
7817 7851 45
7839 7849 114
7851 7872 122
7859 7902 290
7871 7895 137
7895 7904 151
7921 7971 83
7925 7930 102
7951 7972 126
7967 7982 27
7970 8006 172
7979 8022 186
7987 8037 288
7991 8024 136
7993 8035 163
8006 8055 241
8032 8047 156
8034 8077 42
8059 8077 107
8077 8102 263
8079 8128 232
8079 8111 149
8089 8131 184
8099 8138 256
8126 8150 165
8150 8189 52
8154 8162 254
8159 8186 66
8165 8173 187
8165 8196 166
8184 8214 283
8198 8210 48
8198 8222 35
8214 8252 172
8225 8241 3
8229 8268 288
8250 8278 219
8258 8280 216
8287 8312 252
8313 8345 176
8319 8340 46
8340 8351 256
8343 8351 53
8368 8409 130
8377 8386 248
8383 8418 268
8399 8401 62
8428 8461 88
8452 8498 143
8482 8518 111
8495 8512 8
8523 8553 174
8531 8549 201
8543 8581 127
8561 8574 242
8569 8610 116
8572 8598 89
8572 8586 18
8599 8641 259
8605 8608 255
8626 8668 122
8634 8652 277
8653 8683 253
8673 8686 270
8694 8736 18
8721 8754 278
8727 8764 106
8735 8779 134
8765 8811 73
8769 8800 166
8791 8798 226
8808 8830 118
8813 8846 102
8824 8860 62
8827 8840 188
8837 8864 211
8865 8908 186
8878 8889 224
8900 8944 45
8910 8932 221
8916 8934 5
8938 8964 157
8946 8962 10
8965 8978 169
8985 9010 255
8992 9019 78
9004 9054 41
9026 9053 258
9028 9067 31
9037 9053 100
9067 9068 139
9067 9076 59
9081 9083 33
9106 9155 222
9134 9164 141
9156 9194 156
9177 9213 223
9179 9222 39
9191 9206 31
9210 9249 147
9213 9247 270
9219 9233 206
9234 9273 175
9253 9296 225
9259 9306 66
9282 9310 233
9287 9318 173
9299 9316 158
9317 9359 50
9325 9354 263
9355 9377 123
9373 9382 183
9387 9434 182
9416 9445 198
9422 9467 30
9422 9467 76
9437 9439 243
9458 9487 255
9483 9507 208
9487 9493 154
9516 9549 93
9540 9550 163
9548 9580 217
9577 9615 128
9593 9595 208
9618 9628 41
9647 9673 27
9674 9682 237
9685 9698 150
9715 9763 113
9723 9765 285
9734 9780 194
9747 9766 244
9763 9764 89
9767 9789 290
9790 9840 70
9794 9828 45
9816 9851 212
9816 9824 42
9827 9853 161
9832 9849 280
9852 9874 164
9864 9904 221
9881 9886 221
9881 9899 34
9883 9888 260
9892 9912 34
9907 9947 89
9927 9938 149
9945 9967 221
9948 9971 125
9972 10007 148
9998 10012 63
10010 10019 231
10020 10023 177
10026 10057 158
10028 10039 130
10030 10066 131
10035 10057 163
10060 10110 252
10062 10108 217
10084 10132 21
10107 10117 141
10131 10167 68
10131 10177 266
10133 10170 292
10136 10181 95
10148 10151 148
10161 10173 210
10171 10214 38
10184 10200 156
10212 10245 149
10233 10263 264
10252 10300 255
10255 10298 224
10255 10296 287
10282 10302 232
10297 10312 146
10317 10350 100
10324 10347 184
10324 10368 18
10325 10345 57
10329 10379 248
10335 10349 263
10361 10402 58
10373 10392 298
10384 10424 199
10413 10432 8
10433 10460 192
10460 10477 246
10473 10496 171
10477 10503 80
10486 10508 123
10506 10544 263
10508 10517 173
10524 10525 52
10529 10567 222
10544 10554 76
10560 10588 80
10565 10582 171
10585 10625 58
10585 10623 41
10586 10633 40
10603 10610 170
10629 10669 179
10648 10686 124
10653 10685 204
10668 10676 107
10686 10701 39
10700 10745 178
10729 10768 129
10751 10763 19
10754 10780 168
10754 10788 280
10760 10796 150
10771 10780 256
10787 10832 48
10808 10832 224
10825 10834 63
10835 10842 219
10859 10895 127
10887 10897 221
10892 10922 190
10920 10929 22
10927 10937 204
10935 10984 95
10956 10983 90
10984 11032 83
11005 11027 237
11025 11073 88
11038 11085 176
11057 11098 1
11079 11116 88
11093 11124 93
11098 11144 80
11121 11164 62
11131 11144 241
11141 11178 27
11169 11190 143
11178 11192 56
11195 11199 192
11206 11211 4
11230 11238 96
11237 11281 63
11241 11274 61
11271 11293 31
11272 11298 86
11273 11291 76
11274 11292 54
11287 11312 31
11291 11296 113
11304 11334 262
11327 11351 204
11342 11350 52
11361 11382 181
11387 11400 293
11409 11420 98
11410 11448 240
11417 11430 283
11442 11459 60
11466 11483 240
11474 11499 254
11493 11520 4
11500 11510 214
11526 11532 270
11530 11545 220
11538 11539 105
11557 11585 190
11579 11590 73
11584 11610 77
11598 11618 203
11622 11635 143
11652 11674 32
11653 11672 157
11658 11680 83
11686 11706 190
11702 11736 113
11726 11734 174
11755 11794 180
11775 11825 164
11778 11816 213
11789 11815 96
11794 11830 86
11816 11826 136
11832 11862 144
11835 11853 142
11864 11879 62
11872 11906 135
11888 11902 247
11904 11949 225
11926 11955 12
11941 11965 62
11962 11970 54
11974 12017 97
11980 12006 91
11990 12007 247
12004 12014 163
12023 12062 11
12035 12040 258
12035 12064 145
12053 12069 107
12077 12126 196
12092 12138 118
12100 12111 96
12101 12109 183
12130 12174 82
12154 12196 6
12174 12217 289
12185 12193 75
12215 12233 55
12224 12261 31
12233 12242 153
12255 12294 180
12264 12268 23
12284 12327 130
12292 12321 3
12293 12320 279
12318 12319 156
12336 12361 137
12356 12362 258
12369 12393 283
12387 12417 118
12416 12442 248
12445 12487 147
12464 12483 294
12481 12499 238
12507 12533 256
12510 12515 89
12527 12555 233
12543 12579 174
12550 12574 83
12554 12597 121
12577 12611 267
12585 12628 75
12603 12607 15
12613 12663 47
12637 12672 283
12653 12655 143
12677 12682 107
12678 12683 107
12685 12724 267
12701 12720 256
12715 12720 82
12736 12761 138
12751 12772 248
12779 12824 66
12792 12838 238
12793 12814 55
12807 12851 17
12825 12848 55
12827 12868 150
12844 12866 287
12870 12878 53
12899 12916 266
12925 12955 280
12925 12936 39
12952 12954 204
12972 12984 89
12999 13005 247
13006 13029 196
13020 13059 279
13035 13077 225
13048 13075 148
13057 13080 31
13059 13107 281
13072 13089 64
13086 13127 68
13100 13123 145
13110 13145 208
13131 13178 165
13157 13186 298
13175 13179 110
13185 13230 201
13210 13228 66
13231 13277 61
13246 13276 32
13259 13275 163
13286 13323 266
13301 13334 129
13317 13366 137
13334 13361 172
13347 13372 19
13373 13418 190
13388 13429 220
13418 13433 96
13435 13470 258
13443 13465 165
13453 13464 223
13465 13477 131
13495 13542 140
13501 13516 17
13507 13548 157
13513 13556 20
13521 13540 272
13526 13556 256
13546 13571 78
13550 13591 246
13569 13601 263
13573 13577 153
13584 13623 14
13605 13608 243
13617 13646 175
13645 13677 6
13647 13654 207
13658 13677 249
13668 13713 196
13689 13720 66
13700 13729 215
13729 13771 177
13752 13755 189
13756 13761 111
13756 13801 56
13762 13771 194
13766 13807 288
13770 13814 243
13773 13798 159
13788 13807 241
13809 13814 151
13816 13857 286
13833 13838 156
13842 13865 145
13849 13889 122
13857 13894 136
13857 13887 232
13871 13918 109
13881 13883 44
13883 13897 186
13894 13907 238
13912 13959 194
13925 13928 60
13931 13959 280
13932 13968 1
13959 13991 283
13961 13979 265
13986 14027 280
13998 14028 158
14022 14057 69
14049 14065 44
14073 14103 81
14102 14141 202
14126 14175 225
14144 14187 189
14147 14191 90
14168 14171 297
14187 14209 133
14217 14239 82
14237 14261 11
14247 14269 192
14263 14287 284
14293 14334 102
14298 14345 289
14319 14349 22
14329 14371 124
14340 14390 262
14349 14360 65
14376 14394 52
14394 14437 157
14402 14430 27
14418 14425 253
14426 14453 94
14449 14491 127
14463 14506 209
14465 14510 175
14472 14507 292
14491 14509 247
14500 14533 274
14505 14550 240
14521 14532 138
14536 14578 288
14555 14598 187
14563 14613 169
14583 14590 1
14601 14635 56
14612 14658 237
14619 14667 1
14637 14646 132
14653 14687 290
14682 14691 62
14702 14712 258
14722 14730 258
14745 14791 212
14775 14793 287
14793 14811 40
14808 14839 91
14828 14859 167
14836 14885 127
14846 14887 58
14859 14864 242
14875 14897 266
14895 14896 23
14917 14932 44
14934 14959 52
14954 14973 3
14955 14958 259
14966 15009 179
14991 15031 163
15016 15044 288
15017 15047 53
15022 15035 202
15025 15036 83
15052 15095 37
15071 15088 195
15097 15144 109
15111 15160 107
15141 15184 8
15151 15154 249
15160 15188 192
15168 15194 285
15172 15183 285
15189 15219 63
15206 15217 221
15236 15274 71
15247 15288 139
15253 15279 93
15263 15298 68
15268 15302 222
15295 15301 25
15303 15325 125
15331 15344 295
15344 15352 115
15355 15383 184
15356 15361 296
15382 15418 141
15397 15416 89
15410 15442 266
15415 15436 287
15426 15469 18
15444 15462 106
15471 15512 196
15495 15536 228
15503 15531 28
15513 15540 5
15513 15538 178
15533 15569 195
15550 15557 14
15577 15588 171
15590 15606 43
15604 15640 22
15620 15663 123
15626 15628 257
15634 15678 18
15647 15682 232
15666 15672 61
15688 15727 115
15694 15715 69
15709 15753 93
15730 15760 124
15734 15772 222
15745 15753 91
15747 15758 118
15770 15778 223
15782 15806 170
15807 15844 102
15818 15853 93
15836 15839 37
15861 15863 200
15878 15895 265
15897 15929 175
15914 15938 9
15930 15978 111
15953 15955 57
15969 15976 230
15996 16032 91
16012 16041 133
16027 16054 183
16045 16088 19
16053 16084 204
16073 16093 67
16089 16117 265
16107 16137 182
16113 16146 36
16140 16151 233
16156 16157 212
16182 16219 191
16192 16211 34
16192 16235 17
16217 16257 283
16222 16230 194
16236 16272 191
16259 16288 169
16277 16291 300
16290 16311 184
16313 16341 41
16325 16328 269
16337 16375 196
16355 16362 175
16378 16382 262
16389 16398 91
16417 16423 67
16447 16485 214
16476 16507 57
16505 16535 181
16532 16542 63
16559 16575 58
16569 16613 165
16596 16603 213
16616 16629 62
16618 16641 240
16638 16672 236
16650 16675 213
16666 16712 262
16667 16703 44
16693 16724 213
16710 16722 15
16717 16738 183
16717 16764 262
16743 16775 192
16757 16801 187
16777 16792 65
16787 16806 163
16810 16816 165
16815 16846 264
16842 16866 7
16854 16900 112
16878 16915 218
16905 16949 111
16930 16948 111
16940 16970 178
16966 16998 92
16991 17016 45
17004 17046 101
17015 17060 300
17035 17062 262
17058 17059 91
17085 17087 255
17102 17105 231
17111 17136 132
17129 17142 46
17137 17165 227
17166 17180 278
17182 17201 295
17182 17224 247
17183 17233 115
17208 17235 125
17235 17257 50
17250 17288 65
17257 17269 64
17280 17312 160
17281 17313 101
17284 17315 54
17301 17312 214
17311 17348 65
17335 17383 150
17352 17356 92
17354 17369 154
17359 17392 188
17377 17398 111
17401 17437 7
17416 17421 197
17430 17442 2
17443 17492 225
17443 17483 217
17459 17491 57
17486 17510 226
17507 17555 287
17522 17540 27
17540 17585 16
17541 17561 156
17566 17573 148
17583 17592 35
17584 17617 119
17601 17615 249
17611 17616 195
17641 17654 52
17663 17688 55
17675 17725 274
17685 17727 269
17712 17724 230
17712 17715 274
17741 17745 82
17750 17764 249
17779 17817 275
17802 17805 91
17819 17857 89
17841 17872 113
17853 17895 231
17879 17912 204
17882 17932 239
17908 17935 65
17920 17938 78
17940 17944 207
17947 17985 7
17968 18013 155
17990 18026 109
17994 18005 86
18022 18056 290
18027 18031 220
18029 18050 166
18053 18065 259
18078 18128 175
18082 18118 53
18082 18125 111
18112 18162 222
18137 18184 293
18156 18170 63
18158 18170 119
18174 18178 262
18181 18204 158
18182 18219 62
18198 18215 53
18211 18226 145
18238 18245 235
18261 18273 106
18263 18283 281
18266 18291 270
18285 18315 240
18292 18336 264
18319 18351 141
18326 18330 292
18354 18370 298
18379 18384 133
18379 18423 295
18408 18453 32
18411 18446 54
18433 18452 194
18456 18502 177
18467 18505 286
18485 18505 101
18497 18520 8
18515 18555 263
18544 18571 163
18554 18600 258
18569 18579 201
18574 18608 23
18598 18613 52
18618 18657 33
18640 18671 282
18663 18691 244
18688 18731 204
18708 18748 169
18737 18745 208
18745 18777 133
18757 18791 164
18781 18809 290
18782 18797 227
18791 18817 114
18793 18837 28
18801 18846 187
18809 18818 148
18834 18880 248
18856 18877 299
18876 18900 8
18903 18905 142
18903 18934 251
18915 18940 259
18918 18930 51
18936 18947 158
18942 18959 155
18949 18972 203
18977 18981 94
18978 18983 161
18988 19028 171
19016 19019 136
19019 19037 12
19022 19054 149
19049 19062 98
19077 19089 16
19106 19122 137
19113 19163 114
19134 19179 111
19155 19164 124
19163 19173 63
19184 19194 130
19200 19205 150
19216 19236 141
19223 19253 138
19228 19257 50
19251 19268 77
19265 19301 293
19266 19287 17
19270 19277 194
19283 19289 3
19300 19322 83
19303 19311 296
19324 19360 73
19349 19381 163
19376 19425 249
19400 19428 123
19414 19435 196
19432 19455 167
19449 19494 154
19453 19478 279
19456 19462 36
19486 19536 185
19488 19497 193
19502 19538 171
19517 19562 228
19532 19557 242
19540 19565 228
19546 19555 38
19547 19572 61
19557 19595 96
19582 19608 161
19600 19647 70
19630 19679 42
19638 19655 111
19659 19697 137
19680 19701 145
19687 19732 71
19714 19734 82
19743 19783 21
19753 19777 54
19757 19764 94
19758 19772 212
19784 19828 15
19796 19812 121
19825 19849 132
19839 19873 88
19853 19863 179
19881 19905 11
19888 19889 20
19902 19909 99
19914 19931 79
19932 19982 225
19945 19972 240
19974 19991 270
20004 20051 141
20024 20034 37
20038 20055 169
20048 20098 26
20056 20070 59
20081 20131 261
20088 20106 117
20113 20124 275
20117 20131 9
20124 20148 224
20126 20130 298
20140 20189 127
20161 20176 238
20175 20205 185
20205 20230 191
20224 20245 112
20235 20265 157
20235 20280 35
20257 20292 153
20276 20325 243
20287 20289 66
20315 20355 157
20319 20349 59
20327 20334 201
20351 20376 220
20377 20391 235
20382 20404 235
20397 20410 231
20405 20440 5
20429 20456 252
20444 20473 81
20458 20465 271
20462 20507 48
20475 20479 206
20477 20505 49
20494 20530 126
20512 20521 133
20535 20548 246
20539 20570 179
20549 20593 195
20573 20598 126
20587 20633 204
20592 20605 171
20602 20633 173
20629 20666 49
20629 20634 200
20644 20647 5
20647 20657 287
20676 20720 192
20677 20685 278
20680 20690 168
20692 20718 157
20712 20746 179
20728 20737 94
20730 20748 10
20737 20755 39
20737 20772 236
20747 20769 142
20760 20769 271
20777 20814 260
20806 20808 296
20827 20845 45
20836 20881 55
20849 20870 112
20864 20911 180
20867 20886 32
20887 20897 297
20900 20935 110
20929 20959 124
20931 20966 100
20933 20951 47
20933 20954 49
20950 20969 69
20961 20972 233
20981 20985 123
20994 21037 189
21001 21028 149
21007 21021 297
21027 21041 19
21044 21071 99
21070 21096 234
21083 21094 13
21084 21112 215
21084 21115 123
21085 21129 247
21094 21119 102
21102 21131 113
21130 21152 203
21134 21156 184
21164 21177 78
21181 21200 158
21211 21250 131
21217 21258 134
21217 21265 289
21229 21274 193
21252 21301 186
21257 21298 145
21263 21311 232
21287 21305 148
21291 21323 128
21311 21333 72
21332 21365 294
21361 21401 283
21368 21373 125
21368 21403 232
21379 21423 179
21384 21394 75
21393 21411 185
21404 21419 55
21417 21455 263
21430 21446 89
21450 21484 134
21473 21485 57
21500 21540 95
21516 21521 97
21545 21575 215
21560 21587 100
21588 21593 222
21591 21616 140
21597 21644 205
21617 21654 9
21631 21661 232
21654 21686 11
21680 21715 209
21700 21750 128
21729 21732 130
21734 21760 231
21751 21799 127
21757 21763 61
21758 21766 39
21760 21806 50
21765 21776 116
21780 21819 17
21798 21822 179
21824 21840 276
21844 21879 261
21855 21890 67
21864 21912 207
21876 21919 275
21905 21940 129
21917 21934 147
21936 21957 109
21945 21983 236
21947 21994 131
21959 21972 266
21962 22002 49
21988 22022 33
22001 22029 144
22024 22032 223
22032 22057 112
22051 22069 190
22076 22085 40
22092 22111 274
22105 22141 104
22119 22151 257
22141 22161 255
22155 22192 295
22178 22213 76
22187 22199 147
22199 22207 222
22223 22231 272
22226 22233 13
22242 22254 151
22260 22293 277
22279 22287 170
22285 22296 195
22294 22301 57
22322 22342 139
22341 22352 272
22357 22358 54
22360 22385 13
22388 22422 50
22397 22400 81
22404 22425 239
22429 22444 289
22436 22460 110
22441 22455 88
22458 22480 231
22486 22513 184
22513 22537 111
22523 22551 149
22538 22574 65
22547 22567 209
22559 22566 121
22582 22610 56
22610 22658 168
22633 22671 148
22661 22707 14
22671 22718 283
22680 22685 11
22701 22712 288
22719 22751 95
22742 22747 119
22748 22778 272
22748 22776 276
22769 22807 84
22799 22824 17
22799 22803 68
22803 22825 123
22817 22863 193
22821 22868 57
22846 22868 95
22874 22892 290
22876 22898 73
22879 22883 294
22883 22897 138
22908 22950 87
22938 22971 203
22968 22995 9
22977 22983 281
22996 23011 80
23025 23050 45
23029 23077 35
23047 23080 127
23077 23115 182
23105 23113 34
23128 23152 94
23131 23142 65
23137 23182 212
23138 23180 249
23149 23185 86
23177 23213 189
23206 23250 48
23232 23262 41
23256 23305 167
23268 23305 280
23277 23292 53
23284 23312 84
23288 23291 1
23310 23325 126
23321 23346 201
23338 23349 66
23346 23391 68
23352 23398 39
23377 23381 78
23389 23428 227
23389 23398 69
23390 23421 173
23415 23460 143
23422 23452 249
23444 23494 52
23466 23480 103
23469 23491 133
23492 23505 1
23501 23531 191
23514 23547 183
23522 23532 271
23531 23574 147
23534 23545 143
23563 23584 101
23563 23597 283
23591 23603 280
23602 23629 225
23607 23625 293
23622 23634 255
23630 23657 14
23642 23664 40
23654 23659 156
23682 23715 137
23682 23700 251
23702 23750 34
23725 23728 254
23730 23733 59
23750 23778 122
23767 23814 24
23786 23821 225
23809 23823 184
23835 23854 142
23845 23881 1
23873 23914 222
23873 23892 257
23889 23891 194
23892 23913 82
23917 23965 5
23918 23943 56
23924 23942 223
23937 23973 43
23953 23954 287
23966 24010 248
23987 24031 164
24017 24020 74
24022 24039 175
24047 24059 127
24063 24102 210
24083 24121 255
24106 24132 76
24131 24154 248
24153 24156 242
24163 24168 232
24180 24188 145
24209 24259 209
24217 24262 278
24218 24219 32
24236 24277 124
24249 24265 185
24249 24287 128
24278 24285 167
24290 24291 252
24310 24354 126
24325 24333 249
24337 24340 42
24351 24355 82
24374 24403 279
24389 24430 250
24389 24416 105
24404 24431 195
24407 24428 6
24410 24449 87
24435 24471 135
24464 24473 79
24481 24483 123
24485 24499 82
24509 24518 170
24528 24572 31
24546 24554 198
24564 24585 92
24584 24618 287
24598 24645 112
24603 24616 7
24616 24658 6
24626 24658 128
24640 24664 184
24646 24690 245
24646 24672 24
24649 24671 157
24651 24694 285
24651 24684 246
24660 24686 5
24679 24688 126
24695 24713 262
24715 24729 260
24723 24746 189
24734 24757 293
24739 24757 69
24761 24785 153
24772 24787 232
24787 24818 221
24817 24849 68
24844 24853 133
24856 24898 20
24862 24869 113
24870 24890 34
24877 24924 259
24881 24919 268
24906 24918 265
24916 24934 206
24926 24939 219
24929 24954 4
24929 24934 56
24959 25006 58
24965 25009 120
24993 25028 201
24994 25001 228
24996 25014 221
25005 25009 169
25024 25038 87
25030 25049 164
25057 25076 95
25067 25069 261
25086 25110 157
25096 25112 103
25123 25155 266
25128 25147 237
25130 25142 53
25157 25187 17
25184 25202 223
25187 25206 60
25208 25209 17
25209 25259 242
25227 25233 216
25228 25229 186
25235 25279 63
25250 25282 122
25257 25267 72
25261 25303 252
25291 25304 205
25292 25333 102
25300 25337 29
25314 25339 233
25338 25363 123
25345 25379 27
25363 25364 275
25382 25408 281
25386 25433 24
25414 25431 141
25423 25444 89
25453 25490 298
25473 25478 268
25484 25529 250
25507 25553 184
25528 25540 204
25533 25580 238
25549 25583 8
25549 25586 138
25555 25556 219
25575 25585 106
25588 25626 110
25600 25644 68
25627 25643 87
25633 25651 216
25661 25669 177
25671 25701 172
25684 25696 35
25707 25722 135
25724 25731 101
25740 25764 76
25768 25784 262
25774 25805 74
25788 25838 245
25817 25851 203
25840 25843 130
25866 25893 143
25867 25898 235
25874 25904 148
25874 25920 173
25882 25901 191
25906 25907 190
25915 25947 285
25933 25945 106
25940 25979 82
25964 25977 279
25979 25983 72
25983 25987 214
26007 26050 233
26026 26076 239
26026 26074 236
26037 26078 221
26044 26058 50
26070 26073 136
26087 26115 35
26088 26108 148
26111 26127 125
26133 26154 147
26135 26165 75
26143 26158 118
26163 26200 185
26171 26177 292
26200 26226 116
26207 26239 31
26226 26247 169
26226 26231 42
26230 26251 134
26235 26277 244
26241 26248 194
26243 26248 299
26265 26267 291
26286 26287 27
26287 26332 195
26298 26312 27
26306 26354 29
26323 26342 262
26337 26381 289
26357 26367 190
26360 26400 206
26378 26400 100
26406 26450 56
26408 26456 183
26419 26421 251
26427 26467 151
26431 26476 42
26431 26473 221
26460 26509 80
26472 26519 273
26472 26478 107
26496 26507 105
26517 26561 118
26538 26582 268
26559 26607 167
26570 26578 227
26592 26627 161
26602 26649 17
26627 26636 214
26647 26684 173
26668 26681 39
26692 26725 107
26694 26744 117
26721 26735 127
26724 26757 147
26743 26756 137
26746 26782 38
26765 26785 151
26765 26772 228
26776 26794 276
26788 26813 113
26791 26801 6
26805 26838 130
26833 26845 230
26862 26897 24
26890 26891 193
26896 26923 98
26904 26945 6
26928 26929 258
26953 26965 172
26970 26985 2
26999 27033 143
27029 27036 78
27047 27066 192
27059 27108 64
27087 27133 43
27099 27134 140
27129 27175 96
27154 27195 17
27158 27191 254
27184 27193 155
27190 27213 135
27214 27255 254
27244 27276 52
27262 27297 150
27267 27313 36
27271 27313 124
27297 27312 159
27315 27357 231
27315 27359 15
27334 27377 73
27358 27408 31
27377 27380 269
27378 27379 236
27385 27426 169
27387 27418 23
27390 27398 35
27410 27450 203
27435 27478 96
27445 27469 203
27469 27515 60
27483 27508 70
27495 27519 297
27502 27521 17
27507 27557 201
27509 27525 297
27516 27534 272
27531 27564 201
27539 27568 125
27551 27601 84
27575 27592 279
27602 27612 151
27607 27609 105
27610 27654 144
27623 27631 181
27640 27677 114
27670 27699 297
27680 27703 182
27685 27733 225
27712 27718 97
27735 27763 14
27760 27775 179
27787 27823 21
27816 27855 54
27817 27859 226
27836 27881 72
27838 27863 169
27862 27899 234
27872 27895 21
27876 27880 188
27894 27938 286
27903 27948 78
27929 27972 46
27932 27939 162
27954 27986 66
27967 28001 261
27974 27989 15
27979 27991 213
27990 28015 228
28017 28049 283
28032 28034 65
28038 28061 102
28066 28094 282
28088 28137 46
28108 28144 46
28116 28128 12
28124 28129 292
28142 28155 249
28166 28212 79
28176 28195 74
28180 28205 95
28200 28213 265
28216 28223 275
28219 28249 32
28246 28268 162
28272 28290 37
28281 28288 168
28308 28334 110
28330 28368 119
28356 28372 271
28377 28425 48
28407 28417 152
28412 28414 143
28420 28468 88
28448 28474 296
28456 28501 107
28471 28507 261
28494 28508 279
28498 28505 155
28514 28562 196
28537 28586 113
28549 28578 83
28573 28596 205
28586 28598 9
28590 28607 30
28600 28622 148
28627 28669 21
28644 28648 24
28658 28668 11
28678 28686 74
28705 28709 49
28727 28751 185
28738 28755 15
28764 28798 140
28775 28820 251
28784 28793 214
28788 28790 1
28808 28822 163
28829 28833 140
28835 28854 37
28843 28887 9
28852 28866 164
28854 28860 230
28869 28872 160
28875 28916 42
28888 28914 232
28891 28936 289
28894 28937 35
28920 28951 7
28920 28922 23
28923 28948 129
28941 28965 63
28954 29002 54
28958 28987 293
28985 29007 57
29013 29023 279
29024 29067 137
29030 29074 71
29046 29056 234
29056 29106 248
29071 29082 300
29077 29083 91
29085 29115 242
29110 29155 28
29121 29165 203
29138 29163 116
29154 29198 131
29175 29211 293
29205 29237 261
29226 29263 108
29249 29255 254
29264 29273 237
29294 29298 52
29307 29310 227
29330 29335 102
29331 29369 86
29344 29365 156
29351 29386 101
29351 29378 200
29368 29369 276
29397 29402 78
29423 29439 238
29425 29432 213
29442 29443 251
29460 29509 86
29463 29501 33
29470 29520 187
29500 29546 97
29511 29515 149
29536 29546 14
29549 29598 101
29565 29575 234
29595 29610 96
29607 29610 245
29628 29635 66
29635 29672 149
29642 29669 259
29657 29707 212
29684 29716 162
29685 29706 76
29713 29757 43
29723 29749 255
29750 29792 226
29763 29798 43
29764 29768 29
29773 29781 11
29800 29842 246
29829 29835 204
29852 29893 158
29869 29904 205
29895 29939 245
29897 29906 106
29898 29904 132
29919 29952 185
29928 29952 236
29953 29983 54
29953 30001 89
29970 29979 290
29970 29989 250
29975 29996 194
29985 30017 194
30006 30021 152
30028 30051 8
30048 30058 116
30065 30070 269
30065 30070 60
30092 30102 276
30120 30159 53
30135 30142 203
30143 30159 160
30167 30180 215
30175 30189 296
30190 30202 207
30220 30252 23
30250 30261 33
30268 30303 4
30271 30308 42
30292 30320 79
30310 30332 93
30322 30371 2
30348 30398 203
30369 30406 60
30387 30391 281
30395 30441 174
30423 30467 266
30445 30478 46
30466 30496 126
30484 30504 180
30504 30548 216
30525 30539 30
30543 30574 171
30546 30584 125
30552 30583 80
30573 30585 289
30576 30593 52
30593 30597 221
30598 30600 95
30603 30646 112
30626 30647 114
30637 30683 250
30638 30655 65
30657 30664 229
30685 30721 226
30685 30733 92
30697 30717 185
30714 30716 298
30744 30760 183
30757 30770 10
30774 30822 58
30783 30829 260
30792 30795 114
30792 30798 297
30804 30813 68
30832 30845 64
30859 30872 77
30888 30937 226
30888 30937 65
30900 30908 8
30917 30946 228
30942 30966 60
30961 30987 29
30987 31000 69
31008 31042 220
31011 31048 107
31014 31051 272
31028 31048 9
31033 31042 61
31033 31053 196
31041 31087 39
31062 31098 175
31085 31126 106
31100 31126 78
31101 31103 171
31102 31140 236
31113 31128 161
31130 31174 219
31130 31146 203
31142 31192 111
31150 31199 279
31150 31194 175
31151 31197 209
31176 31179 29
31191 31211 185
31218 31257 225
31226 31253 222
31228 31267 160
31248 31287 212
31248 31294 156
31260 31275 37
31278 31307 79
31303 31319 21
31313 31338 272
31332 31365 279
31359 31371 165
31366 31414 173
31393 31401 117
31415 31417 193
31434 31461 197
31456 31457 237
31479 31511 165
31493 31533 99
31502 31540 173
31512 31534 184
31537 31568 23
31549 31585 193
31569 31571 25
31579 31624 223
31605 31651 158
31632 31659 293
31655 31703 146
31675 31681 133
31680 31688 247
31705 31725 38
31715 31726 50
31739 31773 165
31748 31770 295
31772 31800 34
31789 31796 72
31798 31805 269
31822 31835 173
31832 31871 90
31853 31891 239
31869 31879 246
31895 31911 241
31923 31928 209
31946 31947 217
31968 31981 117
31990 32027 199
31995 32002 141
32011 32020 32
32028 32040 230
32028 32055 261
32057 32081 129
32072 32088 248
32082 32103 31
32083 32093 45
32112 32156 46
32123 32163 115
32132 32179 45
32151 32161 64
32162 32178 297
32173 32199 122
32192 32237 227
32221 32238 18
32230 32246 85
32244 32275 92
32252 32256 298
32260 32290 283
32260 32277 282
32262 32298 54
32277 32322 140
32292 32295 232
32313 32340 140
32337 32365 221
32347 32356 71
32351 32365 52
32373 32379 15
32373 32419 54
32386 32413 245
32416 32446 259
32430 32465 258
32449 32457 101
32459 32509 197
32481 32521 147
32507 32547 96
32511 32536 75
32533 32581 51
32539 32571 114
32561 32600 10
32582 32597 135
32586 32589 135
32596 32599 160
32604 32641 74
32614 32655 80
32631 32656 228
32648 32683 151
32666 32690 35
32694 32713 38
32705 32747 95
32711 32757 172
32717 32737 234
32737 32770 120
32764 32779 93
32778 32828 171
32786 32788 279
32797 32808 134
32802 32808 222
32813 32852 283
32825 32855 260
32848 32863 60
32867 32900 267
32884 32886 163
32910 32933 92
32933 32949 147
32935 32971 147
32946 32951 163
32965 32985 114
32975 32978 215
32995 33021 127
32999 33047 218
33029 33074 185
33037 33087 200
33037 33077 15
33046 33057 109
33055 33098 19
33063 33073 6
33074 33103 89
33083 33095 292
33094 33140 17
33096 33146 267
33122 33131 59
33141 33154 29
33170 33180 69
33184 33197 38
33202 33250 240
33223 33229 291
33239 33275 227
33261 33274 168
33279 33324 4
33293 33334 172
33310 33359 105
33336 33351 37
33342 33388 49
33344 33375 250
33367 33372 227
33397 33429 169
33425 33450 176
33430 33436 119
33454 33499 262
33459 33487 110
33486 33494 110
33487 33513 253
33495 33498 132
33518 33519 2
33530 33563 90
33551 33577 184
33566 33616 200
33587 33628 37
33611 33620 91
33620 33641 185
33637 33680 56
33660 33700 164
33671 33680 114
33691 33723 229
33706 33751 177
33726 33766 75
33749 33785 162
33775 33801 280
33799 33836 151
33803 33845 51
33813 33828 85
33837 33849 10
33856 33884 89
33868 33899 243
33889 33931 203
33911 33954 75
33936 33937 13
33956 33973 224
33966 33977 268
33976 34025 177
34002 34033 296
34005 34031 291
34021 34024 104
34021 34043 75
34032 34077 268
34051 34099 163
34059 34069 124
34062 34092 31
34065 34071 187
34067 34075 200
34070 34106 76
34073 34117 136
34090 34124 292
34102 34136 82
34109 34136 250
34109 34144 59
34133 34136 204
34155 34158 201
34176 34205 197
34193 34206 279
34193 34215 10
34201 34240 254
34216 34244 126
34220 34245 258
34230 34238 202
34254 34292 176
34274 34278 45
34304 34320 292
34334 34339 197
34356 34366 47
34384 34416 288
34404 34435 223
34423 34434 7
34435 34483 139
34464 34486 123
34469 34470 46
34476 34525 212
34489 34503 181
34508 34541 197
34521 34562 98
34543 34585 80
34570 34618 34
34570 34595 79
34578 34588 147
34605 34623 15
34626 34632 155
34650 34678 100
34656 34704 91
34674 34706 290
34701 34720 99
34701 34747 110
34712 34748 77
34734 34783 191
34746 34777 240
34752 34798 56
34776 34811 69
34780 34815 294
34796 34827 174
34817 34867 176
34817 34866 18
34822 34842 256
34839 34848 11
34862 34890 96
34892 34911 128
34895 34938 278
34912 34925 267
34922 34951 186
34945 34961 196
34949 34962 113
34968 34982 72
34976 34989 58
34976 35006 11
34976 35011 238
34996 35027 62
35026 35039 245
35053 35082 141
35071 35110 290
35074 35095 297
35089 35129 149
35106 35124 93
35118 35163 61
35140 35150 54
35154 35169 292
35168 35214 277
35186 35192 18
35187 35234 123
35216 35257 65
35245 35252 107
35262 35308 265
35292 35330 120
35292 35301 114
35311 35355 75
35313 35353 105
35314 35318 202
35344 35349 187
35353 35386 179
35369 35404 295
35393 35395 54
35393 35396 76
35398 35421 186
35427 35448 256
35437 35455 267
35467 35513 128
35489 35510 70
35497 35528 221
35521 35545 37
35550 35551 274
35563 35579 245
35568 35613 3
35580 35613 91
35587 35596 198
35610 35635 278
35610 35619 256
35628 35673 254
35654 35680 249
35659 35703 249
35680 35720 52
35685 35716 69
35691 35696 14
35714 35747 103
35714 35739 159
35728 35759 274
35743 35759 15
35768 35778 116
35783 35807 209
35812 35818 21
35836 35858 68
35864 35888 83
35864 35903 30
35878 35882 92
35890 35896 192
35913 35915 165
35943 35953 106
35970 35990 142
35994 36039 78
36002 36015 14
36017 36067 277
36026 36066 96
36046 36095 237
36060 36064 120
36065 36111 273
36090 36117 226
36111 36141 70
36113 36132 129
36141 36163 179
36142 36182 292
36153 36190 74
36164 36207 93
36186 36204 225
36208 36218 225
36209 36249 213
36210 36215 28
36229 36256 68
36233 36235 288
36244 36276 186
36255 36261 251
36255 36286 108
36255 36261 107
36282 36292 283
36310 36313 72
36337 36381 147
36339 36377 270
36362 36386 272
36377 36391 224
36382 36403 76
36412 36445 170
36414 36431 172
36436 36454 96
36463 36488 15
36464 36497 80
36494 36536 179
36508 36535 249
36537 36548 127
36565 36612 273
36587 36598 222
36590 36640 82
36593 36609 39
36593 36638 223
36610 36638 200
36629 36653 63
36638 36658 284
36664 36666 118
36667 36714 239
36697 36730 65
36719 36765 31
36743 36766 239
36761 36790 35
36781 36822 12
36785 36820 241
36806 36824 131
36832 36852 95
36841 36865 252
36871 36910 221
36894 36907 214
36905 36911 93
36923 36945 71
36933 36943 261
36943 36951 42
36969 36984 277
36986 37006 295
37003 37029 136
37008 37046 105
37023 37037 68
37049 37067 151
37069 37078 110
37084 37128 8
37089 37109 109
37106 37134 252
37118 37134 59
37133 37166 255
37163 37192 293
37163 37166 184
37182 37216 163
37203 37215 52
37206 37254 161
37232 37236 271
37240 37267 237
37268 37276 81
37283 37285 14
37285 37330 227
37315 37319 154
37328 37365 260
37354 37397 182
37377 37425 139
37403 37438 253
37412 37450 52
37435 37454 138
37464 37489 24
37465 37492 105
37476 37521 78
37490 37535 143
37491 37535 268
37521 37560 262
37547 37554 288
37569 37602 254
37584 37586 208
37610 37660 144
37629 37669 128
37640 37650 10
37642 37660 14
37642 37682 203
37645 37668 93
37647 37694 294
37671 37715 115
37679 37715 201
37692 37720 65
37703 37730 140
37709 37711 110
37722 37758 73
37724 37757 129
37732 37736 197
37750 37763 251
37755 37793 71
37767 37771 47
37770 37794 291
37771 37798 61
37799 37830 144
37817 37862 201
37822 37862 89
37836 37840 184
37861 37875 233
37870 37897 227
37877 37916 263
37886 37926 61
37889 37923 124
37890 37918 36
37906 37932 190
37933 37955 176
37956 37975 116
37982 38028 202
38001 38004 52
38013 38018 82
38016 38026 44
38016 38043 48
38023 38064 143
38048 38064 129
38063 38113 145
38068 38086 105
38094 38116 290
38097 38122 235
38124 38126 118
38149 38157 63
38175 38211 169
38178 38179 207
38192 38211 287
38212 38239 155
38224 38259 95
38241 38274 289
38267 38268 298
38295 38296 271
38300 38311 152
38329 38355 130
38329 38359 33
38339 38359 185
38358 38381 285
38382 38410 257
38387 38416 58
38394 38396 213
38418 38458 141
38434 38451 22
38444 38485 212
38448 38462 56
38465 38489 3
38471 38503 287
38474 38515 48
38504 38537 58
38531 38567 246
38542 38574 152
38551 38571 94
38579 38596 60
38579 38594 276
38607 38634 254
38612 38637 171
38637 38666 119
38646 38656 24
38654 38669 294
38663 38700 222
38693 38701 103
38716 38730 45
38744 38790 219
38753 38794 219
38781 38811 15
38792 38836 283
38798 38842 143
38811 38829 164
38828 38869 239
38829 38860 179
38852 38899 155
38879 38922 142
38889 38911 266
38896 38940 115
38909 38951 242
38925 38971 1
38952 38988 164
38965 38984 295
38974 38993 196
38978 38993 225
39007 39043 132
39008 39028 191
39036 39057 165
39057 39107 195
39080 39081 42
39084 39130 201
39110 39156 260
39122 39165 197
39152 39199 93
39163 39172 84
39188 39215 7
39213 39215 293
39215 39251 96
39234 39267 3
39252 39289 209
39259 39281 82
39286 39314 129
39286 39295 112
39310 39335 51
39332 39353 188
39360 39379 280
39374 39404 69
39395 39407 210
39395 39396 221
39402 39407 203
39404 39454 71
39433 39445 219
39439 39440 80
39461 39478 282
39475 39478 211
39492 39526 279
39509 39535 34
39537 39566 26
39540 39547 186
39557 39573 129
39585 39596 217
39610 39620 98
39625 39661 180
39639 39685 103
39646 39672 59
39668 39674 7
39673 39710 137
39688 39730 182
39694 39699 237
39705 39716 12
39731 39743 295
39760 39806 10
39784 39817 278
39810 39847 231
39816 39829 226
39833 39866 26
39848 39896 98
39850 39857 229
39859 39888 172
39877 39915 219
39906 39949 137
39909 39959 196
39918 39961 27
39940 39944 101
39954 39955 245
39969 40012 170
39989 40020 243
40007 40044 160
40035 40055 73
40035 40079 203
40065 40115 280
40092 40138 251
40092 40120 204
40101 40122 214
40130 40135 25
40133 40138 93
40133 40179 42
40151 40175 149
40176 40178 146
40179 40197 170
40208 40225 275
40234 40264 83
40236 40264 199
40248 40273 151
40252 40289 121
40255 40273 109
40270 40308 93
40289 40302 122
40310 40351 297
40320 40327 22
40323 40327 60
40340 40390 264
40364 40370 180
40388 40391 76
40394 40396 44
40420 40433 96
40432 40443 237
40453 40490 11
40454 40482 29
40470 40503 185
40496 40520 151
40500 40530 11
40527 40546 21
40548 40596 238
40575 40581 280
40589 40607 181
40610 40612 47
40638 40662 231
40645 40662 256
40651 40653 125
40656 40673 44
40666 40668 215
40682 40712 181
40695 40720 130
40696 40718 272
40697 40740 269
40711 40756 54
40713 40714 138
40721 40729 137
40730 40762 78
40730 40754 229
40741 40768 9
40758 40797 36
40768 40816 7
40780 40795 228
40783 40789 128
40795 40840 117
40816 40847 251
40835 40860 208
40856 40904 274
40873 40894 106
40888 40892 13
40888 40924 36
40914 40945 268
40942 40965 131
40950 40952 4
40967 40980 148
40997 41020 177
41002 41003 270
41006 41016 270
41021 41050 14
41035 41037 223
41041 41090 60
41044 41082 13
41057 41090 172
41064 41085 280
41090 41125 124
41116 41129 93
41141 41159 155
41160 41185 71
41183 41198 61
41204 41250 69
41225 41250 25
41233 41250 131
41252 41262 218
41277 41314 236
41300 41322 162
41311 41322 223
41332 41348 15
41335 41345 259
41363 41378 269
41371 41388 268
41382 41432 167
41390 41414 18
41417 41453 89
41443 41463 236
41464 41475 180
41481 41501 111
41509 41548 226
41528 41554 23
41530 41552 269
41530 41538 74
41554 41604 108
41577 41589 188
41588 41608 263
41605 41633 63
41627 41630 45
41630 41667 86
41630 41675 103
41635 41651 86
41639 41663 17
41647 41673 71
41668 41677 72
41692 41706 47
41717 41731 70
41719 41738 119
41725 41727 157
41741 41753 16
41761 41806 87
41782 41831 20
41804 41848 99
41810 41842 291
41831 41845 169
41845 41872 60
41856 41871 112
41875 41923 51
41882 41889 160
41889 41932 52
41903 41931 166
41906 41923 202
41925 41939 126
41937 41938 42
41966 42000 91
41983 42021 298
41996 42009 232
42021 42047 116
42035 42046 59
42057 42101 251
42072 42118 77
42098 42110 171
42102 42142 171
42124 42136 47
42150 42179 247
42170 42203 3
42197 42243 220
42199 42238 36
42219 42235 176
42227 42271 245
42246 42283 161
42272 42279 189
42285 42315 240
42305 42325 278
42306 42307 73
42309 42322 46
42309 42345 112
42332 42349 65
42362 42379 263
42371 42404 215
42379 42419 28
42400 42416 182
42409 42415 23
42430 42434 197
42442 42443 260
42469 42519 276
42486 42508 79
42515 42535 238
42525 42543 174
42547 42593 195
42554 42589 75
42563 42591 196
42586 42597 3
42604 42653 210
42628 42667 25
42642 42665 266
42662 42698 153
42681 42709 125
42697 42702 178
42711 42729 96
42724 42750 6
42744 42794 118
42750 42770 254
42763 42791 107
42775 42778 231
42780 42810 38
42805 42825 281
42805 42818 80
42827 42842 237
42853 42896 215
42863 42885 65
42869 42878 38
42872 42875 157
42874 42893 221
42888 42916 259
42892 42931 45
42893 42941 23
42911 42914 50
42930 42939 279
42931 42960 197
42940 42987 154
42950 42955 38
42952 42969 85
42978 42990 12
42984 42990 57
43004 43025 68
43033 43075 170
43050 43060 190
43074 43080 122
43077 43113 89
43082 43108 39
43089 43101 260
43096 43102 72
43116 43146 60
43133 43170 102
43151 43192 227
43171 43197 79
43177 43225 61
43184 43192 220
43207 43228 60
43214 43225 234
43224 43226 226
43241 43259 300
43251 43263 243
43256 43293 223
43265 43277 141
43265 43282 85
43286 43306 272
43308 43320 62
43330 43341 289
43341 43361 176
43343 43346 205
43359 43374 158
43382 43393 121
43399 43428 262
43406 43450 212
43407 43435 232
43415 43437 205
43425 43475 274
43454 43470 292
43460 43463 21
43470 43495 216
43486 43514 233
43498 43530 279
43526 43533 206
43550 43580 205
43570 43604 274
43589 43594 228
43593 43602 114
43593 43596 278
43618 43637 181
43621 43631 104
43621 43643 237
43622 43630 77
43639 43675 2
43669 43700 231
43686 43695 197
43713 43718 166
43729 43737 4
43756 43788 84
43775 43802 36
43799 43843 168
43817 43818 238
43844 43878 45
43871 43888 147
43888 43909 146
43903 43913 144
43907 43957 265
43932 43976 238
43936 43962 7
43938 43953 197
43945 43961 165
43954 43970 193
43973 44002 258
43983 43988 166
43985 43988 291
44014 44047 107
44038 44051 88
44049 44064 268
44050 44077 283
44057 44077 152
44086 44119 265
44113 44145 3
44136 44186 241
44164 44188 53
44181 44182 162
44187 44211 214
44206 44208 241
44229 44273 300
44237 44265 89
44254 44276 72
44259 44261 104
44284 44292 159
44306 44323 174
44329 44374 221
44351 44355 118
44353 44355 238
44381 44409 10
44398 44422 132
44425 44459 264
44450 44459 35
44474 44498 259
44493 44534 17
44497 44533 190
44503 44524 300
44517 44526 160
44544 44582 220
44549 44550 62
44549 44569 80
44550 44564 98
44554 44586 81
44578 44621 270
44602 44607 159
44625 44632 222
44629 44632 113
44640 44664 195
44668 44704 175
44688 44704 278
44696 44725 89
44713 44742 56
44720 44751 244
44748 44788 216
44753 44794 275
44781 44804 92
44799 44803 213
44816 44819 145
44838 44861 36
44856 44874 217
44884 44916 278
44901 44945 9
44912 44928 89
44922 44933 295
44951 44967 153
44960 44983 78
44984 45032 122
44993 45025 99
45000 45018 144
45012 45037 201
45027 45045 146
45030 45068 227
45055 45062 99
45065 45103 220
45083 45129 28
45090 45102 35
45118 45143 52
45142 45168 66
45154 45188 204
45180 45213 122
45199 45236 98
45207 45224 169
45210 45219 234
45227 45252 90
45257 45276 299
45258 45299 65
45287 45337 8
45304 45310 188
45310 45358 295
45339 45386 255
45343 45369 17
45348 45390 264
45367 45381 79
45375 45407 134
45388 45392 286
45404 45448 233
45418 45457 284
45432 45452 154
45448 45494 3
45477 45501 64
45490 45536 7
45505 45552 131
45521 45553 13
45543 45554 45
45565 45580 119
45580 45627 110
45604 45643 159
45621 45653 53
45649 45688 202
45657 45683 217
45679 45714 75
45708 45749 142
45724 45766 147
45725 45744 70
45728 45756 82
45758 45795 34
45772 45816 28
45784 45825 79
45798 45812 173
45818 45851 159
45845 45853 26
45849 45872 259
45875 45885 108
45891 45925 212
45917 45961 144
45944 45974 253
45948 45989 163
45968 45970 211
45995 46016 260
46022 46066 70
46024 46028 68
46035 46041 131
46038 46082 90
46067 46076 247
46095 46111 148
46104 46152 230
46111 46146 265
46128 46142 171
46137 46177 136
46137 46153 241
46137 46168 220
46166 46184 12
46180 46198 222
46196 46221 34
46224 46242 91
46245 46270 17
46273 46301 71
46284 46292 103
46286 46328 270
46303 46309 199
46330 46353 137
46347 46381 112
46347 46385 37
46375 46418 297
46398 46420 268
46415 46424 274
46423 46445 165
46447 46450 148
46473 46476 134
46491 46497 50
46493 46522 292
46504 46523 281
46513 46548 225
46520 46560 285
46522 46550 74
46530 46547 99
46535 46572 99
46550 46592 5
46578 46599 206
46580 46617 179
46594 46619 49
46596 46599 53
46609 46650 244
46613 46625 87
46638 46639 185
46659 46703 4
46674 46688 169
46688 46693 54
46697 46704 53
46726 46768 227
46748 46771 288
46773 46790 209
46784 46813 297
46807 46852 216
46829 46840 255
46847 46855 41
46874 46884 218
46898 46908 194
46904 46912 104
46931 46944 75
46938 46959 69
46947 46992 141
46965 46994 6
46990 47026 290
47007 47056 251
47022 47072 263
47025 47071 198
47031 47066 128
47032 47068 164
47058 47091 216
47065 47087 206
47065 47112 146
47077 47121 13
47099 47143 42
47109 47157 209
47120 47127 104
47134 47149 231
47156 47169 280
47156 47166 136
47164 47172 232
47186 47216 293
47208 47225 63
47213 47227 11
47213 47245 231
47232 47276 84
47259 47284 103
47286 47309 16
47311 47334 51
47324 47332 63
47349 47357 200
47379 47396 41
47383 47404 292
47399 47410 16
47408 47448 80
47426 47470 279
47445 47446 255
47465 47477 191
47466 47491 289
47470 47519 235
47499 47512 270
47521 47557 53
47523 47565 128
47531 47540 33
47553 47591 289
47572 47603 79
47593 47597 232
47601 47646 107
47622 47656 273
47638 47650 283
47663 47698 95
47673 47705 80
47688 47695 256
47702 47719 100
47708 47733 119
47729 47757 91
47746 47779 191
47776 47786 130
47776 47787 179
47805 47816 214
47828 47852 212
47837 47868 145
47840 47881 28
47844 47867 59
47873 47884 9
47888 47935 242
47915 47945 159
47942 47963 290
47947 47977 94
47977 48009 130
47994 48023 228
48004 48023 61
48021 48063 214
48027 48041 64
48043 48070 31
48058 48073 51
48065 48086 287
48080 48091 17
48082 48104 160
48106 48115 70
48116 48126 282
48138 48161 120
48144 48150 191
48146 48158 238
48164 48211 255
48181 48188 27
48196 48215 191
48214 48230 234
48233 48238 99
48245 48274 231
48274 48301 132
48303 48338 247
48320 48346 38
48335 48347 179
48335 48348 143
48357 48376 186
48379 48384 222
48380 48414 180
48399 48429 239
48428 48449 229
48438 48459 205
48452 48498 4
48476 48523 223
48476 48515 272
48478 48483 143
48485 48491 56
48502 48515 269
48528 48574 106
48530 48547 296
48557 48604 237
48562 48567 109
48585 48621 2
48606 48626 149
48612 48627 246
48633 48639 175
48661 48694 197
48681 48700 108
48708 48727 98
48720 48735 215
48741 48775 240
48763 48770 27
48779 48788 281
48790 48792 112
48804 48841 157
48819 48832 157
48821 48823 196
48838 48867 225
48845 48869 288
48865 48906 177
48888 48901 15
48903 48951 74
48911 48930 148
48914 48916 163
48936 48972 32
48958 49002 156
48966 48987 31
48992 49033 226
48997 49015 299
49004 49016 285
49028 49030 208
49052 49070 290
49064 49084 157
49090 49129 251
49099 49123 85
49101 49106 84
49124 49153 22
49134 49167 272
49138 49175 116
49144 49171 94
49170 49216 241
49182 49197 23
49210 49212 287
49220 49235 218
49232 49243 45
49252 49259 150
49253 49270 65
49265 49297 54
49283 49305 56
49308 49357 107
49337 49366 47
49340 49373 149
49356 49360 205
49380 49425 121
49401 49449 204
49404 49443 140
49415 49448 286
49442 49489 70
49451 49456 102
49455 49481 192
49478 49494 284
49482 49532 59
49495 49507 191
49497 49510 153
49508 49543 203
49527 49575 80
49545 49586 246
49574 49604 115
49599 49603 298
49604 49643 97
49627 49648 161
49638 49668 253
49661 49711 290
49672 49674 112
49674 49693 189
49688 49725 83
49705 49738 6
49710 49729 139
49727 49732 297
49744 49769 267
49751 49763 136
49778 49788 231
49789 49792 298
49812 49814 14
49831 49855 30
49851 49875 221
49855 49896 127
49881 49931 142
49887 49896 131
49899 49938 213
49911 49942 86
49926 49959 183
49940 49966 211
49953 49999 140
49958 49993 234
49978 50011 107
49985 50033 145
50003 50016 21
50022 50037 206
50041 50072 186
50058 50089 187
50072 50104 175
50089 50132 280
50093 50103 197
50102 50130 38
50127 50157 65
50155 50160 228
50174 50194 105
50196 50220 188
50202 50219 8
50222 50248 189
50226 50241 274
50244 50274 101
50267 50315 152
50294 50301 124
50303 50336 247
50318 50336 272
50347 50372 245
50357 50381 127
50369 50415 31
50397 50425 102
50415 50417 144
50442 50459 46
50456 50500 198
50478 50509 69
50492 50514 77
50505 50510 33
50531 50533 235
50551 50595 55
50580 50594 278
50588 50621 82
50613 50624 58
50642 50647 255
50670 50714 209
50693 50708 202
50707 50752 296
50732 50766 170
50738 50756 30
50754 50771 31
50776 50790 222
50792 50795 30
50819 50834 75
50839 50886 154
50864 50909 91
50887 50896 40
50898 50905 122
50926 50939 59
50947 50956 38
50961 50998 90
50991 51003 44
51009 51032 86
51020 51042 11
51034 51052 45
51044 51088 167
51052 51095 32
51073 51118 256
51089 51104 36
51106 51111 257
51116 51130 73
51127 51128 235
51145 51163 247
51175 51181 71
51182 51199 67
51201 51205 195
51215 51234 141
51233 51251 124
51252 51272 85
51268 51280 227
51269 51296 107
51294 51342 69
51320 51369 45
51342 51368 238
51370 51404 31
51396 51441 44
51406 51441 270
51412 51447 14
51417 51418 6
51428 51474 292
51442 51460 66
51448 51449 168
51461 51464 11
51474 51509 32
51485 51487 8
51485 51497 142
51515 51518 277
51530 51537 128
51550 51568 151
51567 51588 190
51577 51622 235
51597 51637 74
51612 51657 90
51631 51680 24
51649 51698 39
51675 51718 191
51688 51697 126
51689 51726 64
51709 51735 27
51725 51747 251
51740 51749 135
51750 51786 88
51775 51807 208
51796 51820 83
51826 51876 25
51850 51861 40
51852 51873 73
51880 51900 257
51881 51896 38
51905 51925 49
51924 51966 240
51939 51962 132
51950 51960 46
51952 51984 49
51982 52005 268
51987 52036 192
52012 52050 246
52030 52043 255
52049 52074 83
52072 52115 241
52081 52090 214
52095 52115 110
52098 52136 257
52127 52128 275
52130 52140 213
52139 52180 74
52151 52156 96
52155 52184 118
52178 52186 5
52185 52211 172
52185 52191 242
52199 52238 294
52229 52275 245
52259 52280 11
52260 52263 139
52266 52301 258
52292 52298 42
52309 52342 161
52322 52352 220
52340 52354 157
52354 52399 228
52377 52417 278
52386 52387 143
52393 52413 154
52411 52439 92
52429 52469 194
52433 52442 290
52440 52443 62
52447 52486 77
52448 52450 142
52470 52471 49
52498 52503 123
52517 52523 298
52544 52564 220
52573 52588 42
52592 52639 134
52607 52631 216
52610 52612 96
52629 52656 8
52651 52667 44
52658 52663 282
52685 52700 145
52714 52758 264
52738 52778 169
52738 52742 212
52761 52806 295
52768 52788 273
52771 52815 248
52774 52812 292
52778 52799 176
52791 52792 294
52794 52840 56
52796 52824 276
52817 52830 7
52827 52863 214
52828 52870 18
52854 52883 206
52874 52919 21
52901 52926 144
52913 52954 199
52935 52977 160
52958 52989 256
52966 53002 27
52982 52996 91
53008 53028 133
53022 53063 33
53032 53048 123
53036 53075 129
53055 53064 69
53070 53109 168
53071 53097 178
53101 53141 34
53102 53107 146
53115 53154 74
53145 53159 275
53158 53206 186
53179 53194 143
53188 53204 25
53204 53245 25
53231 53248 124
53232 53243 31
53239 53255 74
53240 53285 254
53242 53271 183
53246 53253 201
53267 53309 48
53276 53323 207
53281 53291 183
53292 53338 165
53300 53343 247
53314 53328 121
53317 53363 247
53326 53355 72
53354 53389 265
53359 53384 8
53374 53390 107
53383 53423 17
53395 53434 89
53414 53461 198
53442 53459 37
53452 53475 139
53463 53510 27
53479 53482 21
53501 53539 9
53516 53537 227
53540 53578 73
53563 53571 37
53580 53591 224
53580 53612 24
53589 53614 184
53594 53620 217
53622 53647 255
53644 53683 281
53673 53707 186
53677 53724 176
53687 53733 189
53701 53749 204
53714 53756 202
53714 53729 195
53743 53783 285
53743 53748 159
53771 53786 108
53783 53796 63
53809 53818 184
53816 53849 275
53839 53849 260
53857 53891 143
53883 53912 18
53910 53937 195
53914 53940 262
53935 53972 233
53959 53961 26
53984 54003 230
53989 54006 9
54017 54060 257
54043 54068 230
54060 54095 249
54071 54117 215
54072 54109 194
54095 54100 252
54118 54137 91
54121 54159 139
54147 54180 215
54160 54198 177
54167 54188 5
54175 54194 250
54187 54206 263
54206 54256 138
54207 54251 168
54218 54236 283
54222 54264 255
54234 54263 197
54242 54281 193
54267 54278 52
54279 54321 197
54293 54303 148
54307 54308 276
54332 54355 129
54336 54359 165
54341 54349 103
54359 54400 25
54383 54395 279
54399 54433 275
54400 54420 176
54417 54446 87
54421 54426 196
54431 54468 127
54447 54460 134
54463 54487 204
54464 54502 119
54487 54515 179
54504 54549 251
54527 54572 85
54531 54546 105
54538 54545 93
54560 54564 56
54560 54594 136
54561 54587 133
54587 54597 249
54603 54636 220
54610 54620 295
54614 54662 64
54631 54670 8
54636 54678 263
54653 54661 289
54669 54714 235
54678 54685 235
54680 54695 282
54700 54706 257
54704 54721 300
54705 54735 147
54726 54775 286
54749 54760 45
54751 54786 143
54781 54806 248
54782 54804 138
54786 54802 32
54802 54850 33
54802 54847 122
54802 54849 215
54819 54855 158
54830 54860 47
54852 54874 88
54874 54899 31
54884 54929 114
54912 54931 151
54916 54951 207
54941 54968 11
54952 54954 89
54971 54997 38
54992 55034 116
54997 55025 7
55025 55071 152
55036 55076 239
55062 55077 211
55084 55090 147
55094 55141 122
55124 55157 244
55135 55144 31
55142 55174 184
55172 55206 91
55179 55218 171
55202 55251 271
55213 55251 73
55224 55273 40
55232 55236 136
55253 55300 300
55257 55261 265
55263 55305 192
55271 55277 240
55276 55308 247
55301 55331 170
55329 55351 281
55357 55369 74
55372 55413 65
55399 55421 165
55423 55445 25
55440 55468 277
55440 55479 208
55440 55459 222
55454 55490 118
55464 55500 235
55486 55529 119
55498 55526 193
55516 55562 118
55521 55551 75
55537 55557 159
55537 55556 27
55537 55559 179
55539 55570 213
55567 55606 269
55597 55644 74
55622 55653 152
55651 55700 63
55664 55668 192
55679 55721 235
55690 55718 291
55705 55715 183
55729 55740 20
55740 55783 4
55755 55785 21
55756 55780 75
55762 55781 115
55789 55804 234
55806 55818 281
55815 55830 4
55837 55878 290
55849 55892 32
55866 55908 227
55874 55878 50
55892 55921 1
55902 55940 108
55903 55946 265
55908 55936 68
55915 55965 292
55942 55959 263
55946 55986 206
55946 55981 124
55970 56016 71
55991 56034 157
56016 56022 56
56041 56048 215
56042 56091 264
56050 56059 129
56075 56084 54
56104 56113 293
56113 56122 4
56116 56128 215
56140 56170 110
56154 56170 36
56182 56219 234
56204 56222 286
56213 56234 224
56233 56248 269
56237 56279 116
56267 56293 214
56286 56336 269
56287 56290 134
56296 56344 99
56310 56346 228
56326 56339 259
56346 56388 52
56349 56364 122
56371 56395 130
56392 56398 22
56395 56407 131
56401 56437 249
56412 56447 166
56438 56451 13
56462 56490 282
56478 56523 189
56500 56550 80
56527 56567 208
56534 56583 250
56563 56588 94
56563 56573 174
56576 56626 132
56586 56619 224
56590 56640 146
56607 56621 279
56608 56610 77
56638 56654 73
56649 56674 78
56676 56707 102
56682 56716 261
56691 56707 1
56703 56750 88
56728 56739 120
56735 56739 104
56755 56804 272
56769 56815 198
56780 56810 3
56786 56787 143
56809 56831 177
56831 56858 290
56847 56896 88
56861 56883 80
56864 56886 25
56869 56883 300
56899 56920 80
56923 56956 31
56927 56973 81
56933 56967 291
56959 56970 110
56969 56970 264
56982 57015 141
57004 57038 89
57016 57042 237
57034 57068 207
57042 57055 199
57049 57066 102
57071 57089 130
57092 57114 280
57104 57139 256
57116 57161 79
57139 57177 150
57164 57176 247
57175 57189 236
57190 57222 4
57200 57239 294
57219 57234 54
57227 57249 110
57232 57280 65
57236 57285 150
57254 57270 258
57257 57272 185
57281 57282 41
57311 57347 63
57316 57335 99
57319 57365 17
57343 57384 18
57365 57376 115
57375 57416 118
57398 57427 212
57404 57443 16
57430 57441 202
57432 57441 12
57460 57469 114
57472 57499 199
57488 57512 139
57509 57532 221
57515 57543 54
57523 57547 173
57546 57594 85
57570 57579 230
57586 57593 73
57615 57623 260
57645 57652 186
57653 57701 65
57659 57681 273
57662 57692 274
57669 57717 23
57669 57700 91
57696 57740 82
57725 57763 138
57743 57789 219
57765 57780 289
57788 57827 131
57806 57851 92
57813 57818 172
57839 57871 127
57840 57846 80
57847 57894 10
57861 57866 194
57862 57903 275
57864 57895 243
57880 57926 1
57880 57897 151
57889 57928 83
57913 57944 191
57940 57974 203
57965 58007 202
57981 57986 70
58000 58033 142
58005 58045 182
58032 58073 72
58059 58103 100
58083 58108 84
58108 58155 124
58127 58170 109
58153 58162 284
58170 58215 117
58183 58187 121
58212 58226 152
58224 58240 300
58230 58267 29
58232 58245 117
58243 58281 188
58243 58247 106
58248 58261 72
58267 58296 119
58294 58337 265
58298 58344 195
58314 58350 207
58328 58368 56
58330 58369 150
58344 58387 171
58352 58365 129
58365 58405 148
58366 58398 282
58368 58405 255
58379 58411 238
58408 58434 89
58438 58485 269
58468 58480 159
58497 58522 203
58526 58539 24
58540 58590 261
58562 58586 122
58582 58603 204
58610 58639 103
58619 58654 265
58623 58640 156
58632 58680 20
58654 58668 60
58660 58683 190
58674 58723 168
58676 58708 169
58704 58749 200
58718 58751 173
58748 58768 7
58762 58812 103
58791 58797 39
58818 58841 282
58825 58834 32
58854 58889 155
58877 58887 204
58887 58935 162
58906 58939 115
58907 58933 91
58921 58953 297
58944 58966 73
58966 58999 222
58972 58995 294
58993 59033 24
59022 59046 229
59029 59052 56
59034 59065 34
59057 59091 296
59057 59074 17
59084 59090 111
59107 59144 140
59116 59165 29
59146 59186 136
59175 59199 214
59196 59239 172
59223 59266 264
59231 59265 146
59255 59282 162
59257 59275 244
59258 59268 45
59261 59294 170
59264 59298 172
59283 59324 176
59311 59315 74
59312 59342 127
59334 59363 91
59348 59377 1
59352 59391 145
59369 59388 221
59376 59416 96
59403 59405 118
59411 59441 235
59439 59470 139
59458 59463 169
59471 59489 27
59484 59503 246
59491 59534 41
59509 59549 285
59525 59569 129
59552 59565 215
59574 59611 203
59574 59611 133
59599 59634 198
59629 59665 278
59652 59699 54
59653 59684 300
59664 59671 266
59664 59694 57
59686 59717 25
59706 59718 267
59732 59770 47
59743 59745 278
59765 59786 101
59782 59792 100
59810 59841 151
59833 59882 102
59852 59890 32
59865 59900 186
59866 59915 51
59895 59943 243
59905 59933 26
59913 59934 260
59918 59928 172
59918 59923 53
59929 59960 179
59933 59947 210
59942 59992 259
59964 59977 137
59978 60003 129
59995 60000 79
59995 60019 213
60011 60052 193
60017 60030 97
60036 60064 226
60037 60044 186
60042 60078 206
60046 60056 219
60050 60093 287
60055 60061 1
60080 60102 259
60082 60084 33
60092 60134 146
60106 60133 55
60116 60119 199
60143 60191 15
60145 60191 239
60155 60171 36
60179 60189 285
60208 60244 128
60221 60236 292
60221 60252 180
60242 60266 297
60263 60309 274
60266 60278 185
60286 60295 144
60296 60315 237
60323 60360 143
60339 60380 249
60365 60394 234
60390 60436 282
60400 60427 101
60423 60444 12
60424 60472 172
60428 60454 122
60457 60458 76
60472 60492 279
60501 60535 277
60523 60555 246
60545 60580 20
60568 60612 33
60574 60588 83
60594 60605 3
60615 60626 202
60617 60660 65
60631 60675 216
60661 60697 233
60681 60686 223
60685 60694 51
60705 60729 106
60725 60747 205
60740 60773 178
60741 60779 292
60764 60798 292
60780 60812 232
60789 60822 110
60806 60820 172
60813 60834 281
60818 60833 108
60832 60849 85
60853 60854 246
60862 60873 166
60882 60922 151
60888 60915 292
60916 60961 93
60945 60990 266
60954 60979 53
60979 61014 294
61005 61009 277
61033 61035 15
61055 61083 20
61055 61088 165
61082 61114 285
61091 61092 22
61104 61110 118
61106 61136 266
61120 61136 33
61126 61143 249
61145 61155 25
61160 61193 145
61162 61197 248
61173 61203 35
61181 61192 49
61195 61241 94
61202 61205 233
61224 61253 3
61231 61261 130
61241 61247 119
61248 61259 85
61249 61299 129
61255 61305 148
61277 61294 85
61296 61326 277
61322 61371 260
61336 61368 220
61352 61383 27
61365 61367 20
61375 61413 214
61400 61406 263
61401 61449 161
61402 61435 31
61416 61433 93
61438 61467 273
61453 61486 89
61471 61501 161
61486 61505 260
61492 61538 261
61510 61542 298
61536 61558 75
61559 61608 230
61583 61632 190
61611 61623 202
61638 61684 248
61660 61669 96
61665 61690 255
61677 61681 199
61701 61706 173
61709 61742 200
61723 61728 226
61727 61733 141
61751 61763 129
61767 61817 16
61781 61829 104
61801 61813 232
61829 61841 53
61848 61886 240
61867 61885 228
61895 61919 32
61915 61951 102
61916 61956 153
61940 61990 291
61947 61986 109
61976 61985 241
61978 61980 70
61987 62015 278
62003 62017 106
62003 62028 124
62017 62029 153
62037 62061 57
62044 62091 125
62064 62080 46
62064 62082 30
62068 62086 230
62084 62088 38
62096 62135 253
62108 62119 134
62115 62135 60
62143 62165 57
62152 62169 33
62153 62184 198
62153 62167 178
62158 62176 116
62166 62201 139
62176 62182 207
62183 62228 208
62185 62224 182
62194 62216 202
62209 62247 135
62214 62253 248
62215 62257 118
62240 62257 300
62258 62269 157
62270 62273 192
62272 62301 162
62276 62308 258
62282 62320 244
62282 62332 100
62286 62308 191
62296 62339 243
62305 62349 255
62328 62356 177
62354 62388 165
62359 62394 128
62362 62394 81
62370 62407 74
62383 62396 131
62411 62435 87
62422 62432 61
62422 62470 242
62428 62453 36
62443 62457 119
62448 62475 143
62453 62467 280
62483 62511 174
62496 62539 68
62505 62512 131
62513 62540 82
62515 62557 212
62541 62556 292
62555 62571 106
62568 62594 3
62582 62606 297
62606 62656 175
62636 62667 134
62651 62698 215
62668 62674 253
62672 62707 160
62694 62729 156
62716 62719 175
62718 62746 136
62737 62763 131
62741 62765 294
62756 62779 1
62766 62815 38
62784 62819 188
62794 62837 68
62817 62856 279
62818 62838 292
62840 62850 244
62862 62873 196
62863 62867 163
62889 62919 140
62890 62920 27
62915 62916 293
62937 62944 180
62956 62997 198
62981 63003 221
63002 63048 227
63009 63051 50
63020 63061 245
63041 63068 39
63065 63109 275
63088 63122 23
63106 63130 209
63132 63180 148
63145 63193 140
63156 63171 105
63168 63178 140
63194 63199 234
63222 63233 40
63239 63241 242
63252 63262 267
63267 63312 27
63283 63312 129
63299 63307 181
63307 63319 174
63315 63342 202
63333 63371 162
63357 63379 185
63376 63409 207
63397 63421 140
63403 63444 289
63403 63437 279
63421 63460 110
63441 63466 13
63442 63484 114
63466 63469 223
63466 63484 15
63481 63502 144
63485 63490 52
63508 63556 114
63522 63555 226
63527 63545 3
63553 63567 231
63570 63599 170
63596 63612 36
63597 63607 203
63610 63657 60
63610 63635 120
63638 63670 295
63653 63699 188
63659 63673 231
63669 63700 65
63695 63727 244
63705 63734 24
63735 63740 154
63744 63759 196
63754 63796 99
63755 63788 214
63781 63817 90
63787 63794 79
63803 63849 180
63810 63814 4
63829 63878 261
63850 63871 150
63854 63885 151
63858 63891 21
63877 63899 15
63881 63918 63
63907 63917 59
63933 63972 181
63960 63963 160
63967 64012 294
63975 63977 273
63994 64043 47
63995 64007 12
64009 64026 167
64023 64039 261
64040 64090 218
64063 64105 300
64078 64125 221
64103 64136 36
64120 64135 50
64128 64158 101
64139 64148 185
64167 64203 135
64173 64217 94
64199 64202 6
64205 64215 120
64216 64247 110
64235 64283 92
64251 64294 69
64259 64302 200
64269 64297 87
64273 64303 220
64276 64316 26
64282 64325 131
64284 64332 15
64288 64317 116
64304 64311 216
64322 64338 225
64333 64381 180
64350 64380 185
64380 64411 70
64397 64433 77
64414 64443 6
64419 64453 80
64427 64437 219
64442 64481 54
64468 64512 166
64475 64487 5
64503 64512 277
64510 64547 152
64535 64561 163
64539 64581 130
64549 64574 137
64568 64587 47
64574 64575 162
64581 64596 153
64611 64625 19
64637 64684 110
64662 64664 185
64672 64677 170
64689 64726 131
64699 64745 217
64722 64757 163
64730 64736 64
64744 64777 151
64752 64800 77
64773 64778 235
64782 64812 43
64796 64841 237
64797 64820 288
64817 64861 37
64837 64855 271
64852 64889 88
64856 64896 36
64875 64904 221
64904 64948 67
64918 64934 47
64932 64982 86
64956 64967 165
64971 64976 20
64992 65011 263
65013 65052 243
65025 65033 42
65048 65076 93
65060 65104 248
65073 65094 276
65103 65110 281
65119 65133 158
65125 65133 290
65150 65151 117
65164 65178 32
65177 65194 225
65180 65184 197
65181 65229 262
65192 65207 203
65218 65266 175
65245 65284 203
65255 65299 252
65270 65274 145
65272 65275 200
65292 65317 34
65311 65354 59
65327 65343 212
65330 65380 115
65353 65367 100
65363 65378 252
65368 65381 238
65371 65402 263
65391 65401 289
65404 65454 106
65411 65450 92
65423 65442 21
65453 65495 117
65455 65488 9
65474 65479 200
65480 65505 22
65501 65508 297
65505 65514 92
65532 65562 61
65542 65569 243
65546 65551 130
65559 65578 83
65586 65621 249
65608 65655 237
65624 65634 232
65639 65667 181
65665 65709 122
65669 65718 175
65688 65709 236
65696 65723 123
65702 65728 123
65702 65707 159
65710 65752 32
65735 65783 241
65736 65760 4
65743 65787 257
65757 65785 280
65786 65795 19
65787 65791 7
65809 65854 222
65829 65859 97
65837 65860 119
65860 65902 104
65861 65886 156
65862 65912 285
65867 65909 14
65894 65919 64
65924 65937 249
65948 65963 265
65959 65998 116
65964 66008 65
65992 66037 161
65992 66032 280
66018 66032 213
66038 66078 141
66064 66105 35
66067 66115 83
66078 66099 225
66093 66138 262
66098 66100 141
66119 66134 269
66135 66179 1
66161 66211 216
66178 66202 53
66207 66224 210
66237 66255 253
66260 66295 110
66287 66308 183
66306 66348 183
66324 66352 287
66351 66385 58
66363 66382 107
66370 66395 234
66384 66393 244
66401 66448 133
66425 66435 156
66446 66475 55
66455 66494 239
66456 66485 99
66465 66469 174
66478 66493 247
66496 66521 55
66516 66543 207
66521 66534 20
66545 66554 44
66563 66576 41
66564 66587 199
66579 66605 191
66586 66597 158
66597 66610 6
66626 66650 295
66633 66650 275
66638 66667 38
66657 66679 40
66668 66714 223
66672 66691 45
66693 66726 39
66712 66753 179
66725 66747 73
66736 66751 271
66738 66783 198
66740 66771 91
66768 66814 73
66771 66791 192
66775 66809 124
66783 66790 4
66802 66827 82
66828 66855 107
66834 66878 38
66838 66879 270
66868 66884 165
66894 66929 24
66924 66971 242
66948 66976 248
66959 66988 95
66967 66995 188
66980 66996 146
66993 66995 61
66996 67001 195
67025 67065 64
67052 67057 273
67074 67117 189
67088 67108 248
67091 67128 123
67095 67113 3
67120 67124 82
67135 67156 145
67152 67186 248
67177 67226 202
67188 67227 147
67205 67242 140
67214 67259 276
67231 67257 201
67250 67261 95
67276 67291 262
67279 67294 176
67281 67303 289
67294 67312 245
67318 67361 223
67321 67336 162
67327 67337 235
67350 67391 62
67358 67408 116
67385 67404 108
67411 67416 262
67429 67447 29
67450 67457 69
67467 67484 209
67473 67491 88
67473 67515 116
67500 67505 209
67503 67542 136
67512 67518 16
67520 67532 287
67520 67525 73
67535 67585 14
67538 67566 108
67539 67566 136
67553 67559 298
67554 67597 194
67574 67589 296
67578 67600 174
67582 67605 249
67590 67626 295
67603 67647 144
67631 67660 105
67642 67665 10
67668 67669 121
67685 67695 294
67702 67732 32
67704 67754 201
67709 67756 294
67711 67722 57
67728 67760 123
67751 67801 109
67779 67780 147
67798 67824 118
67806 67815 78
67815 67833 119
67831 67849 103
67844 67849 129
67858 67899 249
67885 67924 19
67909 67935 241
67918 67931 141
67920 67943 76
67935 67943 23
67940 67948 18
67940 67973 157
67952 67987 72
67967 67998 150
67980 67986 192
67980 68004 82
67984 67990 230
68008 68041 127
68037 68083 168
68059 68079 141
68059 68106 71
68089 68126 259
68116 68119 78
68139 68169 126
68160 68184 288
68173 68201 158
68174 68205 80
68185 68200 258
68194 68213 220
68211 68218 68
68219 68249 12
68246 68263 60
68268 68302 94
68292 68302 21
68298 68337 22
68318 68325 1
68324 68354 172
68349 68376 98
68354 68371 170
68359 68368 104
68388 68433 265
68393 68431 245
68408 68427 27
68432 68442 17
68457 68502 198
68487 68519 251
68507 68511 195
68515 68524 193
68516 68560 139
68542 68590 29
68543 68548 131
68567 68611 14
68578 68619 161
68606 68629 243
68617 68638 4
68632 68664 258
68635 68683 93
68655 68679 11
68662 68689 191
68671 68697 246
68671 68687 3
68685 68688 191
68695 68696 76
68711 68728 119
68733 68752 35
68738 68745 281
68750 68777 27
68780 68821 121
68785 68824 297
68801 68806 86
68822 68830 190
68841 68846 86
68863 68911 19
68892 68924 217
68908 68957 178
68933 68962 60
68954 68996 14
68954 68982 179
68956 69004 124
68964 68968 119
68976 69004 69
68984 68996 110
69006 69043 204
69026 69051 16
69055 69093 185
69085 69135 219
69106 69143 72
69109 69140 299
69138 69188 34
69157 69167 103
69179 69206 237
69205 69236 144
69222 69271 14
69223 69272 157
69226 69227 253
69256 69289 200
69276 69306 158
69301 69317 287
69318 69344 95
69323 69370 167
69333 69357 153
69334 69366 22
69359 69362 120
69378 69387 89
69388 69412 14
69411 69438 63
69413 69422 162
69437 69448 154
69465 69467 17
69469 69516 265
69493 69498 126
69521 69544 131
69546 69586 261
69563 69609 268
69571 69590 102
69572 69595 11
69599 69633 149
69617 69662 292
69625 69673 89
69644 69650 159
69671 69686 194
69701 69733 146
69719 69724 286
69724 69757 5
69745 69772 228
69768 69795 288
69770 69786 33
69787 69819 250
69794 69829 94
69797 69800 117
69811 69824 221
69824 69861 176
69844 69893 69
69870 69883 119
69882 69915 73
69891 69902 252
69893 69928 135
69904 69924 66
69924 69964 177
69929 69976 104
69950 69961 115
69958 70006 117
69970 69993 220
69981 69986 185
69983 69986 90
69994 70005 250
70018 70029 227
70021 70025 100
70021 70067 139
70030 70078 233
70032 70036 155
70036 70054 71
70053 70078 136
70081 70119 131
70090 70105 68
70117 70131 33
70120 70128 167
70134 70175 295
70145 70171 62
70167 70205 142
70188 70200 287
70198 70225 216
70203 70226 122
70231 70261 258
70251 70285 263
70255 70272 202
70277 70285 28
70302 70350 207
70308 70355 236
70326 70372 295
70326 70327 24
70342 70368 226
70360 70401 118
70368 70413 254
70384 70403 293
70391 70431 180
70399 70427 2
70401 70437 230
70430 70471 201
70459 70501 109
70487 70522 12
70508 70552 258
70528 70557 176
70551 70578 15
70575 70577 60
70579 70592 26
70582 70595 40
70590 70609 239
70599 70619 83
70627 70639 90
70632 70650 106
70640 70682 154
70661 70671 216
70674 70715 243
70702 70746 32
70721 70744 285
70730 70737 20
70747 70755 107
70774 70824 185
70800 70850 105
70811 70839 222
70812 70858 210
70839 70865 141
70857 70896 128
70878 70896 114
70895 70921 150
70924 70936 281
70954 71001 42
70976 71008 198
71006 71014 156
71031 71057 290
71057 71097 27
71071 71080 18
71093 71109 247
71114 71138 49
71139 71183 132
71156 71164 275
71180 71193 296
71193 71218 17
71214 71228 256
71241 71278 276
71258 71263 77
71286 71319 42
71301 71319 165
71325 71352 259
71339 71344 281
71351 71393 118
71360 71370 20
71378 71418 33
71403 71424 235
71421 71432 297
71428 71451 194
71430 71448 148
71433 71456 149
71441 71471 67
71450 71478 273
71472 71484 245
71493 71520 155
71510 71532 146
71519 71567 238
71547 71583 161
71552 71566 195
71558 71585 186
71585 71603 283
71613 71660 151
71642 71692 180
71671 71676 21
71697 71745 3
71716 71744 150
71727 71743 193
71727 71743 212
71753 71768 74
71767 71776 174
71794 71835 252
71809 71835 233
71830 71867 209
71832 71871 174
71849 71857 198
71861 71863 191
71866 71912 41
71866 71887 23
71878 71879 73
71893 71925 280
71919 71940 292
71928 71932 140
71946 71987 8
71975 72020 255
71997 72003 61
72013 72045 261
72036 72081 128
72041 72079 1
72065 72066 173
72074 72121 129
72103 72109 89
72130 72157 13
72138 72171 206
72151 72176 166
72172 72213 223
72191 72221 161
72196 72204 234
72205 72247 1
72218 72263 104
72233 72235 4
72245 72269 197
72252 72296 155
72267 72283 78
72270 72309 167
72272 72284 190
72290 72307 30
72307 72315 223
72313 72335 279
72315 72330 256
72344 72391 146
72370 72408 299
72390 72425 248
72413 72419 108
72421 72436 194
72421 72428 131
72425 72463 155
72450 72462 256
72454 72467 273
72455 72497 67
72465 72475 263
72482 72531 167
72499 72522 108
72527 72562 149
72531 72538 133
72557 72583 6
72561 72595 213
72581 72624 219
72587 72613 33
72597 72618 131
72617 72667 175
72644 72680 192
72670 72687 128
72690 72717 226
72712 72720 228
72718 72745 179
72744 72763 267
72749 72769 233
72753 72797 208
72756 72775 241
72778 72789 260
72800 72828 182
72817 72828 271
72836 72845 42
72854 72882 41
72880 72901 265
72892 72894 33
72899 72948 155
72902 72916 15
72932 72968 267
72935 72947 290
72942 72984 41
72966 72974 186
72967 73009 32
72972 72989 161
72973 72983 206
73002 73050 144
73026 73041 20
73053 73057 281
73057 73089 14
73081 73107 89
73089 73128 100
73110 73141 183
73127 73146 172
73156 73171 203
73156 73180 250
73181 73214 173
73207 73209 118
73216 73236 229
73231 73271 48
73243 73258 27
73256 73267 176
73270 73300 200
73291 73321 94
73318 73322 266
73325 73339 282
73330 73340 153
73343 73366 211
73367 73414 195
73396 73440 243
73396 73435 187
73423 73463 54
73441 73475 151
73471 73476 104
73476 73519 107
73503 73520 237
73516 73562 271
73538 73578 46
73557 73595 239
73587 73614 293
73610 73636 273
73636 73676 186
73636 73682 128
73659 73709 134
73666 73674 146
73673 73723 108
73700 73733 123
73705 73728 259
73716 73724 24
73745 73769 156
73775 73776 231
73780 73793 66
73794 73828 250
73824 73828 194
73829 73845 221
73842 73890 103
73855 73877 110
73858 73890 162
73884 73919 71
73889 73912 35
73890 73931 31
73913 73957 29
73943 73982 71
73969 74019 19
73993 74023 188
74006 74007 154
74009 74052 98
74027 74072 87
74028 74066 89
74050 74080 255
74060 74099 202
74071 74102 239
74078 74080 43
74085 74116 100
74096 74134 60
74116 74153 257
74145 74177 137
74166 74172 16
74192 74194 24
74210 74216 95
74217 74254 151
74225 74246 33
74253 74264 87
74281 74313 162
74291 74292 104
74313 74346 23
74341 74381 268
74364 74395 260
74377 74378 25
74402 74451 153
74419 74431 143
