5000
28 31 200
35 52 66
45 55 64
60 98 67
67 90 275
78 103 37
103 149 216
122 123 202
141 179 214
153 198 254
166 196 268
196 210 232
205 239 128
218 243 26
242 253 299
242 249 276
248 286 282
275 324 267
287 317 104
298 327 224
303 335 17
305 342 158
313 353 171
332 366 8
340 374 182
349 364 290
376 426 273
384 409 112
404 437 22
418 428 212
431 462 198
436 471 27
449 470 4
472 514 35
498 525 236
517 543 102
544 592 119
554 568 50
563 590 164
564 584 184
586 608 1
597 641 134
611 623 107
618 630 125
631 632 1
648 697 63
671 707 278
677 720 212
683 694 134
699 748 275
700 748 277
719 769 56
743 790 11
743 791 68
768 814 194
773 792 255
781 786 129
806 836 116
832 835 65
833 841 172
861 907 271
888 908 255
895 899 96
909 930 168
938 972 27
959 996 125
978 1022 115
990 1013 96
999 1044 52
1025 1073 196
1053 1096 82
1058 1098 244
1084 1125 142
1092 1096 277
1111 1143 300
1119 1126 72
1133 1136 251
1138 1159 43
1140 1182 174
1170 1199 78
1198 1209 149
1201 1243 178
1220 1235 206
1240 1242 267
1253 1266 295
1272 1299 53
1277 1315 204
1280 1295 174
1289 1292 229
1318 1360 251
1332 1372 50
1362 1400 126
1392 1402 291
1421 1465 282
1434 1458 96
1434 1445 34
1440 1485 23
1455 1460 199
1477 1508 147
1486 1530 248
1513 1526 92
1531 1558 223
1532 1560 5
1539 1567 59
1549 1593 240
1552 1579 103
1561 1608 137
1580 1593 113
1587 1620 270
1615 1623 76
1620 1626 44
1625 1644 36
1637 1677 252
1650 1668 295
1675 1679 154
1680 1719 58
1696 1718 172
1710 1760 129
1716 1720 57
1739 1767 22
1767 1806 260
1794 1821 198
1823 1861 253
1827 1836 215
1842 1868 165
1858 1878 226
1887 1902 262
1903 1920 255
1907 1913 27
1919 1930 153
1944 1969 64
1947 1950 245
1962 1968 294
1982 2007 221
1984 2018 219
2004 2027 103
2006 2027 57
2017 2022 113
2044 2085 273
2045 2052 30
2058 2099 193
2077 2092 71
2096 2134 160
2104 2111 254
2111 2113 261
2124 2157 250
2138 2184 95
2163 2189 285
2163 2172 130
2166 2177 256
2171 2197 144
2190 2200 169
2194 2224 246
2223 2227 173
2246 2293 188
2247 2271 124
2277 2315 138
2281 2287 176
2289 2293 19
2318 2320 227
2333 2363 256
2343 2353 236
2358 2394 21
2375 2376 204
2375 2412 287
2380 2421 124
2402 2438 169
2431 2438 184
2451 2476 170
2477 2479 263
2489 2518 58
2510 2540 105
2529 2577 229
2543 2558 226
2545 2551 25
2549 2554 266
2579 2612 86
2596 2628 192
2612 2653 90
2637 2656 259
2666 2693 72
2687 2709 27
2699 2742 33
2701 2732 79
2720 2769 36
2744 2789 227
2764 2801 222
2779 2798 112
2805 2812 75
2811 2858 110
2834 2841 126
2847 2863 254
2852 2880 241
2875 2894 259
2881 2912 52
2883 2916 294
2898 2938 154
2914 2921 164
2943 2978 66
2965 2983 285
2983 3012 23
2992 3010 107
2996 3009 16
3026 3042 222
3038 3088 177
3050 3074 280
3072 3097 132
3091 3100 225
3116 3154 9
3134 3151 274
3156 3165 133
3173 3187 144
3186 3234 161
3212 3257 12
3226 3240 176
3240 3253 66
3261 3274 109
3269 3292 63
3297 3304 56
3304 3344 16
3315 3361 22
3338 3370 288
3344 3357 118
3363 3375 123
3363 3368 104
3367 3377 259
3389 3414 66
3414 3439 168
3427 3443 121
3428 3466 6
3430 3445 30
3432 3481 51
3451 3467 193
3453 3459 273
3470 3477 122
3497 3504 193
3497 3513 44
3522 3543 68
3529 3568 292
3553 3588 157
3568 3598 183
3581 3609 234
3597 3644 253
3624 3648 193
3649 3699 257
3650 3657 26
3669 3698 37
3678 3679 3
3704 3710 244
3728 3751 164
3744 3760 161
3759 3790 32
3787 3807 78
3810 3852 82
3839 3850 188
3869 3880 207
3899 3938 111
3925 3975 171
3942 3974 2
3962 3963 279
3964 3971 289
3965 4015 125
3976 4016 175
4006 4056 82
4029 4056 251
4040 4058 31
4052 4073 129
4081 4129 123
4111 4128 228
4130 4155 162
4138 4143 243
4153 4162 153
4176 4191 239
4188 4216 254
4216 4259 229
4241 4244 81
4247 4251 280
4274 4318 95
4288 4315 87
4309 4340 230
4324 4332 285
4327 4344 104
4356 4388 176
4367 4417 254
4377 4423 245
4386 4390 248
4397 4399 108
4403 4421 222
4409 4422 76
4433 4457 287
4452 4491 180
4457 4492 118
4459 4497 26
4461 4495 25
4473 4512 279
4482 4489 249
4507 4526 253
4528 4551 122
4536 4566 230
4550 4586 185
4577 4615 106
4598 4636 257
4617 4634 289
4638 4652 159
4643 4646 97
4658 4660 245
4666 4669 43
4672 4675 20
4685 4687 217
4688 4736 56
4705 4717 233
4729 4763 80
4731 4760 289
4747 4783 80
4773 4786 83
4801 4804 95
4805 4815 175
4832 4867 256
4853 4870 119
4876 4906 44
4906 4940 62
4918 4935 257
4938 4983 256
4941 4972 270
4962 4993 21
4972 4978 175
4989 4995 96
5001 5025 263
5010 5050 90
5033 5082 253
5035 5041 183
5057 5058 242
5084 5107 155
5094 5126 34
5110 5155 95
5135 5153 35
5156 5206 7
5183 5217 206
5192 5208 212
5219 5248 50
5230 5245 48
5249 5271 208
5270 5301 203
5285 5318 31
5309 5344 226
5339 5363 150
5354 5357 130
5382 5387 138
5399 5409 222
5413 5418 139
5421 5433 163
5451 5486 163
5466 5491 260
5486 5490 242
5510 5522 96
5520 5554 82
5529 5533 91
5529 5544 17
5553 5578 71
5571 5576 112
5593 5606 69
5593 5606 194
5593 5598 248
5616 5635 142
5632 5667 262
5642 5681 253
5652 5686 266
5665 5701 35
5685 5687 70
5685 5729 253
5714 5737 294
5730 5758 152
5733 5783 219
5741 5771 229
5767 5768 12
5789 5837 237
5818 5827 35
5839 5872 257
5850 5886 69
5859 5907 62
5866 5893 265
5880 5882 5
5906 5925 86
5922 5963 84
5936 5984 16
5956 5971 39
5966 6006 29
5995 6042 283
6007 6047 291
6021 6036 30
6032 6071 245
6051 6083 73
6074 6121 174
6086 6098 164
6099 6130 121
6102 6110 242
6125 6167 19
6131 6157 296
6134 6183 143
6139 6144 154
6154 6172 296
6156 6168 246
6181 6219 40
6189 6236 171
6215 6232 140
6243 6282 231
6256 6297 300
6276 6300 120
6283 6307 148
6296 6319 79
6301 6302 221
6301 6349 224
6330 6336 17
6345 6381 297
6367 6391 293
6368 6375 167
6373 6387 60
6379 6385 240
6388 6394 191
6400 6439 225
6405 6442 183
6410 6440 283
6431 6467 300
6444 6453 28
6458 6488 92
6459 6464 296
6464 6512 60
6475 6523 91
6483 6500 269
6488 6533 89
6514 6517 253
6529 6571 295
6546 6548 214
6570 6596 52
6592 6641 127
6601 6631 76
6612 6630 282
6632 6661 236
6632 6658 66
6659 6699 209
6661 6690 1
6682 6722 275
6691 6708 163
6709 6754 273
6738 6773 146
6765 6809 91
6785 6814 186
6802 6804 27
6802 6834 39
6812 6855 252
6839 6870 163
6843 6876 119
6856 6880 64
6864 6898 52
6893 6942 297
6917 6935 286
6925 6947 292
6935 6977 161
6962 7006 6
6974 7005 141
6991 7010 33
7001 7010 145
7009 7037 18
7009 7019 135
7013 7027 102
7021 7029 53
7027 7053 22
7049 7097 13
7060 7104 47
7088 7099 236
7104 7117 174
7109 7142 20
7139 7182 126
7146 7157 201
7152 7197 237
7160 7177 171
7174 7215 79
7193 7232 59
7193 7229 140
7214 7257 70
7242 7250 3
7256 7290 53
7260 7285 293
7274 7310 249
7298 7312 205
7321 7364 29
7340 7355 12
7346 7389 87
7376 7401 52
7397 7424 65
7405 7448 55
7408 7435 7
7428 7477 236
7458 7507 219
7477 7505 246
7507 7547 134
7520 7532 56
7545 7573 19
7556 7561 237
7567 7606 199
7574 7593 71
7589 7624 18
7593 7594 232
7595 7639 64
7598 7642 138
7626 7649 235
7628 7632 150
7631 7640 145
7646 7659 100
7648 7652 41
7677 7680 244
7695 7728 263
7723 7756 155
7738 7751 176
7746 7778 103
7767 7802 235
7785 7802 274
7805 7840 163
7818 7848 88
7819 7852 248
7823 7873 139
7841 7891 151
7847 7850 283
7872 7877 279
7902 7941 140
7909 7931 185
7939 7959 92
7968 8006 188
7980 8020 41
7990 8006 53
8012 8057 25
8034 8076 4
8048 8097 70
8062 8085 82
8064 8069 277
8087 8132 6
8115 8129 130
8120 8155 166
8129 8175 163
8140 8166 85
8142 8160 64
8172 8189 153
8195 8227 206
8210 8237 109
8213 8232 175
8243 8268 12
8248 8278 259
8249 8266 232
8253 8262 291
8283 8294 42
8301 8346 25
8313 8319 236
8333 8341 43
8363 8412 171
8372 8419 232
8388 8401 24
8407 8417 169
8428 8437 28
8450 8497 16
8465 8479 7
8492 8497 237
8497 8534 125
8515 8540 47
8541 8559 48
8547 8583 35
8555 8594 184
8577 8603 195
8607 8643 251
8629 8633 182
8659 8703 8
8660 8664 288
8661 8697 14
8675 8706 105
8683 8692 140
8711 8719 227
8718 8748 228
8745 8794 71
8747 8767 97
8751 8792 196
8774 8821 75
8783 8811 129
8783 8806 162
8784 8815 97
8787 8809 101
8801 8807 282
8822 8846 229
8834 8861 213
8858 8878 135
8870 8892 100
8880 8922 83
8900 8942 272
8903 8930 45
8920 8939 52
8938 8948 91
8960 9001 24
8967 9011 163
8992 9018 257
9021 9052 268
9036 9049 26
9058 9076 77
9071 9078 60
9088 9093 13
9092 9140 86
9108 9151 107
9115 9165 168
9138 9169 267
9155 9172 266
9169 9179 31
9180 9184 127
9181 9228 21
9186 9226 36
9196 9198 14
9208 9236 82
9230 9267 51
9239 9266 119
9263 9275 253
9273 9290 265
9298 9300 92
9301 9304 165
9307 9314 165
9309 9326 251
9339 9377 214
9365 9385 255
9391 9398 262
9413 9429 45
9417 9435 298
9418 9447 118
9425 9458 76
9453 9494 223
9464 9466 260
9494 9515 255
9522 9539 51
9524 9546 132
9554 9595 271
9562 9602 191
9586 9607 169
9606 9623 266
9630 9670 22
9644 9692 74
9656 9665 256
9656 9680 198
9670 9691 103
9679 9685 44
9692 9693 92
9696 9726 161
9698 9703 232
9705 9755 288
9728 9775 209
9748 9757 260
9752 9783 158
9768 9806 108
9789 9831 218
9804 9823 201
9804 9833 286
9834 9879 86
9853 9856 26
9854 9876 277
9877 9913 281
9882 9897 51
9900 9932 83
9906 9926 192
9932 9946 7
9948 9972 115
9949 9986 221
9960 9984 128
9963 10005 150
9986 10015 259
9990 10005 222
9995 10021 116
10003 10032 133
10032 10065 151
10040 10067 72
10043 10073 284
10059 10092 237
10071 10114 279
10077 10079 254
10077 10122 58
10100 10135 202
10125 10168 149
10134 10153 81
10134 10147 160
10141 10142 207
10168 10181 226
10189 10191 67
10190 10237 97
10219 10254 132
10245 10259 190
10250 10252 213
10264 10293 141
10285 10304 221
10308 10345 123
10321 10327 284
10321 10335 152
10323 10333 295
10352 10388 33
10353 10355 86
10381 10382 265
10397 10398 275
10416 10457 28
10432 10455 78
10455 10460 141
10481 10499 191
10511 10530 217
10541 10576 90
10556 10571 108
10576 10623 238
10578 10580 38
10581 10612 49
10582 10610 46
10588 10591 110
10593 10632 287
10603 10625 249
10625 10648 94
10642 10665 285
10662 10705 226
10673 10678 116
10696 10739 33
10724 10754 205
10742 10760 281
10757 10806 133
10772 10801 94
10793 10804 189
10811 10843 66
10831 10880 223
10833 10847 214
10840 10855 12
10866 10905 296
10887 10915 22
10896 10931 36
10901 10923 139
10905 10912 148
10924 10970 230
10925 10967 79
10928 10933 29
10942 10949 5
10971 10988 254
10984 11021 244
10987 11008 247
10998 11026 80
11012 11057 206
11033 11051 168
11059 11063 73
11073 11105 169
11079 11119 222
11108 11126 237
11136 11148 218
11164 11209 57
11172 11209 272
11193 11235 154
11216 11221 60
11235 11242 38
11258 11295 262
11275 11320 98
11278 11328 88
11305 11350 168
11320 11322 119
11334 11383 295
11357 11393 206
11370 11395 289
11387 11425 15
11403 11453 180
11426 11452 177
11444 11452 29
11472 11508 107
11494 11521 272
11496 11520 55
11511 11521 187
11513 11524 185
11537 11539 206
11563 11577 142
11585 11613 91
11608 11624 101
11610 11623 83
11611 11627 153
11640 11685 242
11653 11685 247
11673 11678 85
11696 11719 277
11722 11767 116
11744 11774 240
11745 11757 292
11767 11776 98
11771 11821 32
11784 11834 203
11794 11838 252
11796 11809 104
11801 11845 119
11811 11854 206
11840 11851 60
11865 11880 190
11888 11925 241
11910 11943 82
11929 11960 257
11958 11972 251
11982 12023 147
11998 12025 294
11999 12026 161
12018 12029 256
12031 12044 221
12049 12079 263
12049 12075 66
12063 12098 195
12065 12100 240
12076 12111 256
12101 12113 109
12126 12168 291
12129 12147 290
12143 12159 99
12147 12155 202
12163 12171 257
12168 12198 239
12191 12195 47
12200 12217 191
12229 12230 298
12247 12295 236
12259 12274 158
12282 12298 235
12291 12335 244
12313 12329 73
12341 12356 167
12371 12396 43
12378 12424 98
12400 12449 127
12406 12421 155
12435 12441 252
12460 12510 158
12479 12524 217
12481 12511 287
12491 12520 136
12514 12550 285
12530 12551 295
12542 12572 132
12543 12582 43
12570 12611 123
12583 12587 262
12584 12586 42
12594 12621 252
12612 12634 248
12639 12658 183
12650 12694 186
12663 12701 21
12676 12678 46
12688 12703 147
12694 12744 1
12712 12717 115
12712 12758 257
12730 12761 86
12741 12773 172
12770 12777 174
12781 12818 207
12783 12786 131
12792 12831 249
12803 12851 120
12828 12857 298
12831 12874 217
12832 12856 57
12851 12866 210
12855 12887 16
12878 12902 177
12906 12927 68
12934 12973 3
12953 12992 75
12957 12965 5
12968 12979 243
12988 13022 106
13008 13057 156
13012 13036 131
13015 13019 28
13024 13026 108
13035 13040 150
13047 13049 162
13054 13073 2
13074 13080 131
13085 13127 143
13097 13118 198
13108 13156 236
13120 13142 214
13128 13135 240
13148 13185 174
13155 13158 229
13178 13179 23
13202 13225 298
13210 13239 81
13234 13240 129
13236 13253 229
13255 13291 216
13263 13308 231
13284 13322 235
13286 13317 94
13315 13355 128
13337 13369 69
13362 13406 50
13377 13403 143
13377 13402 227
13395 13401 193
13406 13452 189
13409 13439 236
13432 13451 24
13455 13489 6
13461 13472 192
13491 13502 156
13514 13555 186
13524 13562 294
13541 13542 179
13551 13557 229
13566 13570 21
13567 13592 197
13587 13609 245
13604 13625 46
13613 13649 224
13633 13665 292
13663 13704 242
13690 13736 245
13715 13748 278
13740 13745 89
13759 13787 152
13784 13793 20
13787 13826 148
13811 13849 264
13829 13842 100
13834 13863 11
13834 13853 114
13840 13848 226
13849 13860 237
13853 13902 72
13869 13894 130
13898 13945 224
13921 13966 157
13929 13931 8
13935 13982 249
13963 13974 234
13983 14026 135
13986 14007 80
14002 14004 1
14026 14064 249
14045 14072 16
14048 14055 229
14065 14103 215
14088 14112 93
14097 14100 122
14097 14124 83
14124 14129 195
14153 14185 266
14175 14216 252
14191 14212 15
14215 14252 139
14216 14242 100
14232 14258 124
14236 14273 126
14247 14269 212
14268 14318 51
14297 14306 90
14303 14343 144
14332 14344 83
14350 14373 156
14370 14401 85
14378 14383 169
14378 14404 188
14383 14414 262
14387 14406 119
14406 14416 72
14435 14438 38
14446 14460 171
14464 14470 4
14464 14484 121
14466 14511 192
14479 14488 13
14482 14511 257
14510 14514 146
14510 14538 223
14520 14557 279
14541 14591 131
14547 14591 5
14570 14573 265
14572 14593 289
14578 14618 285
14593 14617 132
14601 14621 155
14602 14636 78
14623 14649 84
14638 14676 2
14652 14691 88
14660 14702 58
14675 14712 249
14704 14717 42
14729 14758 210
14738 14753 99
14760 14785 151
14790 14809 206
14819 14861 155
14824 14859 94
14838 14870 21
14861 14871 221
14874 14922 288
14888 14931 228
14897 14903 141
14916 14964 268
14939 14984 184
14942 14961 43
14961 14989 35
14971 14981 264
15000 15024 71
15020 15047 54
15038 15066 22
15046 15088 246
15070 15094 146
15092 15093 153
15120 15170 197
15136 15173 214
15166 15173 243
15186 15217 209
15191 15204 291
15217 15242 149
15244 15269 22
15247 15278 32
15277 15326 155
15292 15293 183
15302 15329 13
15332 15366 186
15362 15379 54
15384 15426 234
15395 15434 122
15396 15443 279
15410 15426 199
15420 15456 125
15431 15452 201
15437 15443 112
15458 15474 166
15463 15472 9
15488 15505 202
15495 15522 269
15505 15506 81
15532 15547 237
15556 15564 182
15558 15576 291
15579 15620 76
15583 15624 179
15599 15636 60
15605 15618 236
15616 15618 37
15628 15649 16
15646 15657 237
15669 15689 182
15676 15721 182
15706 15708 158
15723 15772 175
15738 15763 192
15738 15746 206
15747 15791 222
15763 15782 194
15772 15822 154
15785 15808 97
15804 15851 163
15813 15848 62
15820 15833 197
15827 15860 58
15853 15886 81
15858 15869 252
15869 15917 178
15882 15925 7
15909 15932 216
15914 15962 193
15917 15964 36
15933 15980 268
15954 15976 262
15984 15989 27
15994 15995 54
16009 16015 253
16039 16088 167
16049 16082 85
16061 16062 241
16068 16080 171
16070 16101 160
16080 16096 114
16089 16111 55
16094 16132 151
16120 16140 265
16122 16139 44
16149 16165 108
16168 16194 5
16194 16231 172
16213 16260 140
16220 16249 213
16247 16270 137
16261 16279 45
16289 16291 299
16303 16347 149
16324 16345 162
16329 16340 112
16359 16360 109
16365 16377 228
16371 16397 239
16401 16418 36
16430 16447 153
16454 16485 90
16478 16503 74
16487 16501 158
16498 16526 281
16501 16510 144
16519 16533 67
16529 16562 65
16549 16588 240
16552 16588 5
16559 16594 213
16573 16604 182
16575 16606 206
16578 16592 255
16589 16609 199
16611 16623 213
16630 16668 10
16634 16659 172
16635 16660 39
16645 16667 71
16675 16685 1
16695 16723 195
16716 16724 109
16731 16747 224
16761 16802 138
16764 16805 10
16773 16811 287
16777 16794 291
16792 16803 48
16800 16832 244
16806 16807 234
16812 16856 114
16814 16821 251
16844 16877 172
16862 16864 226
16864 16901 278
16878 16911 156
16902 16903 184
16923 16934 105
16936 16959 222
16954 16973 229
16967 17012 125
16986 16993 14
17014 17037 158
17018 17051 276
17044 17071 275
17058 17076 234
17067 17087 264
17093 17112 280
17105 17109 37
17120 17162 238
17128 17157 55
17130 17170 95
17154 17157 210
17176 17210 73
17189 17231 241
17190 17240 46
17218 17234 148
17234 17240 232
17255 17274 196
17262 17286 207
17280 17285 108
17299 17303 243
17311 17354 59
17339 17376 127
17367 17405 93
17379 17381 264
17388 17404 165
17399 17407 76
17421 17429 29
17442 17481 297
17471 17481 29
17471 17472 13
17496 17499 256
17503 17506 131
17518 17563 42
17518 17555 189
17543 17564 125
17568 17573 278
17568 17576 120
17572 17594 277
17587 17615 66
17599 17622 22
17610 17652 240
17626 17654 168
17630 17647 103
17660 17702 176
17685 17718 251
17685 17728 260
17687 17717 190
17693 17712 40
17723 17756 252
17743 17755 94
17759 17793 263
17782 17789 57
17783 17802 226
17788 17804 285
17805 17853 18
17806 17847 26
17826 17873 199
17851 17860 153
17868 17871 286
17891 17901 182
17908 17954 263
17926 17938 99
17944 17980 217
17964 18010 17
17994 18014 214
18018 18025 62
18039 18085 89
18067 18077 122
18074 18076 72
18103 18143 265
18105 18117 143
18129 18144 45
18153 18170 154
18160 18176 16
18173 18209 99
18173 18184 14
18183 18211 169
18184 18221 203
18189 18194 126
18216 18226 237
18240 18243 85
18250 18281 150
18254 18284 36
18266 18286 81
18295 18327 9
18323 18354 220
18340 18342 122
18366 18416 157
18379 18383 27
18390 18407 89
18415 18423 47
18417 18443 81
18442 18450 271
18444 18493 94
18462 18473 114
18481 18491 58
18503 18511 75
18529 18536 155
18557 18607 266
18578 18595 294
18598 18639 176
18600 18648 150
18603 18634 219
18633 18667 145
18649 18661 97
18663 18681 218
18678 18685 98
18690 18716 48
18708 18758 12
18710 18760 150
18718 18726 169
18741 18757 203
18760 18800 106
18780 18830 285
18791 18821 218
18802 18833 164
18826 18867 129
18847 18848 221
18867 18906 195
18867 18888 102
18881 18888 224
18893 18936 272
18920 18925 153
18927 18932 267
18943 18968 187
18972 18979 269
18990 19004 141
18998 19042 273
19018 19025 276
19020 19032 288
19029 19034 217
19032 19066 226
19042 19068 181
19068 19072 208
19083 19096 200
19096 19141 254
19118 19142 158
19123 19132 167
19148 19184 139
19161 19198 130
19172 19222 99
19197 19239 108
19214 19226 66
19244 19270 286
19254 19301 65
19258 19272 8
19277 19308 33
19297 19345 267
19308 19345 40
19316 19347 253
19339 19368 114
19342 19346 74
19368 19371 80
19393 19401 165
19415 19452 289
19438 19452 283
19445 19460 136
19446 19448 220
19469 19519 204
19498 19544 144
19498 19505 53
19515 19551 172
19519 19549 263
19524 19538 211
19539 19552 49
19559 19567 178
19579 19580 3
19589 19625 109
19614 19632 172
19643 19670 110
19663 19676 90
19673 19713 180
19691 19696 216
19695 19717 175
19697 19724 132
19718 19753 169
19719 19752 243
19730 19747 300
19750 19761 228
19778 19780 158
19795 19820 207
19823 19838 115
19850 19882 234
19858 19885 7
19881 19917 27
19908 19935 79
19909 19921 109
19911 19920 185
19940 19946 15
19944 19968 285
19945 19985 60
19953 19992 119
19983 20011 220
19991 20005 153
20001 20011 63
20003 20026 161
20019 20020 208
20049 20066 186
20067 20117 29
20072 20115 239
20076 20078 107
20097 20138 271
20123 20157 44
20146 20186 197
20147 20178 87
20156 20170 144
20185 20215 204
20190 20193 66
20192 20223 13
20198 20233 170
20210 20238 17
20216 20243 139
20232 20264 33
20251 20280 236
20260 20277 15
20260 20268 136
20261 20274 202
20261 20263 75
20275 20318 185
20294 20298 138
20315 20352 202
20321 20347 97
20346 20385 154
20354 20380 5
20378 20419 117
20386 20416 165
20414 20433 19
20430 20466 265
20430 20466 85
20447 20470 253
20464 20499 228
20494 20532 37
20512 20538 218
20527 20566 265
20540 20590 145
20568 20599 132
20577 20605 206
20579 20618 81
20597 20603 237
20610 20634 92
20621 20628 156
20629 20646 141
20644 20674 75
20660 20677 102
20667 20709 257
20683 20728 68
20689 20694 99
20693 20729 63
20693 20696 214
20700 20713 167
20720 20769 258
20733 20780 105
20748 20779 67
20754 20760 137
20776 20780 210
20793 20815 73
20804 20852 69
20824 20855 51
20837 20871 212
20840 20869 192
20848 20863 99
20852 20889 162
20856 20875 193
20875 20894 173
20893 20908 276
20901 20918 58
20903 20945 184
20927 20965 171
20955 20979 60
20959 21002 132
20966 20996 94
20984 20990 108
20989 21037 66
21015 21036 10
21034 21073 15
21054 21072 240
21070 21111 142
21071 21103 283
21098 21144 77
21124 21135 96
21126 21134 113
21152 21185 282
21167 21170 198
21192 21220 133
21207 21224 157
21236 21254 26
21240 21275 221
21257 21282 171
21286 21328 192
21315 21361 147
21335 21378 234
21344 21353 295
21359 21409 217
21377 21424 9
21384 21424 242
21407 21447 77
21413 21420 188
21428 21474 122
21440 21463 255
21455 21461 79
21465 21483 84
21479 21521 72
21496 21526 132
21515 21539 199
21525 21549 100
21549 21588 179
21550 21589 236
21573 21580 300
21578 21628 63
21579 21605 96
21599 21628 32
21603 21636 20
21607 21618 299
21636 21665 238
21646 21667 111
21649 21681 168
21657 21680 70
21665 21714 17
21693 21731 212
21702 21719 87
21731 21739 105
21747 21766 64
21754 21776 133
21773 21774 193
21776 21819 140
21801 21829 76
21814 21845 258
21837 21851 92
21838 21878 295
21858 21881 300
21885 21894 59
21888 21901 238
21888 21914 155
21915 21917 142
21920 21962 110
21938 21947 157
21961 22006 236
21976 21982 279
21990 22040 253
21995 22007 156
22002 22027 128
22016 22041 136
22031 22036 220
22043 22053 90
22054 22103 248
22071 22115 100
22086 22131 130
22101 22142 205
22104 22117 121
22126 22129 246
22134 22181 144
22138 22183 271
22144 22171 144
22159 22205 75
22162 22166 273
22174 22187 265
22183 22193 49
22183 22203 14
22205 22245 253
22224 22251 222
22245 22279 79
22264 22281 238
22292 22342 13
22307 22324 219
22332 22339 261
22348 22368 112
22376 22382 119
22386 22407 239
22413 22425 220
22439 22463 286
22467 22503 121
22471 22514 75
22479 22526 273
22484 22488 107
22493 22498 189
22509 22537 68
22529 22561 123
22545 22566 300
22550 22569 148
22560 22584 115
22587 22629 244
22588 22633 230
22607 22643 197
22624 22633 17
22643 22667 184
22664 22702 123
22691 22704 276
22721 22771 174
22744 22754 163
22752 22753 3
22755 22798 21
22755 22796 207
22767 22804 281
22790 22835 266
22797 22831 39
22797 22808 115
22814 22829 296
22825 22826 244
22847 22897 274
22852 22872 28
22857 22887 34
22872 22917 179
22879 22880 200
22904 22915 53
22934 22978 15
22955 23002 291
22984 22991 160
22992 23006 110
23015 23041 16
23026 23068 282
23035 23072 214
23049 23078 133
23059 23101 261
23062 23072 94
23070 23118 4
23093 23118 196
23105 23125 170
23132 23170 224
23134 23182 141
23161 23197 1
23171 23179 5
23189 23211 9
23203 23238 148
23230 23257 247
23258 23292 179
23264 23309 36
23270 23281 41
23270 23273 212
23290 23328 227
23298 23305 233
23301 23328 56
23317 23332 4
23347 23397 103
23377 23423 268
23401 23442 77
23415 23460 63
23443 23476 236
23470 23513 298
23473 23520 252
23498 23505 251
23524 23534 200
23545 23582 272
23556 23561 148
23577 23611 73
23579 23590 125
23608 23615 267
23621 23634 64
23633 23677 129
23639 23689 148
23659 23699 91
23672 23683 113
23675 23680 35
23683 23727 89
23688 23727 127
23692 23706 242
23704 23735 280
23712 23717 156
23715 23725 79
23732 23747 263
23732 23780 9
23747 23767 36
23770 23807 240
23794 23833 71
23824 23866 255
23832 23834 66
23861 23881 138
23871 23894 155
23886 23901 18
23902 23936 220
23915 23937 196
23922 23929 94
23934 23937 297
23960 23968 283
23987 24032 228
23988 24037 31
23991 23997 234
24018 24041 179
24040 24076 182
24063 24074 43
24085 24095 33
24106 24121 12
24120 24141 184
24127 24131 273
24146 24153 184
24158 24160 232
24181 24230 213
24206 24239 260
24218 24261 157
24235 24262 114
24262 24287 47
24292 24330 278
24295 24343 123
24300 24323 268
24326 24343 232
24352 24369 145
24380 24408 202
24396 24431 123
24396 24404 279
24424 24435 136
24434 24471 240
24453 24456 129
24480 24494 208
24496 24538 82
24517 24566 297
24517 24556 193
24526 24542 110
24541 24561 92
24549 24590 260
24549 24550 87
24554 24590 214
24561 24592 121
24570 24606 40
24590 24611 114
24596 24618 267
24609 24653 136
24636 24642 255
24657 24705 133
24659 24664 135
24686 24729 134
24702 24712 37
24712 24756 275
24732 24771 283
24743 24757 248
24763 24764 103
24766 24799 120
24774 24822 115
24792 24834 40
24821 24855 156
24835 24856 210
24848 24887 126
24857 24863 6
24860 24891 45
24883 24922 86
24886 24900 99
24888 24933 109
24899 24928 180
24907 24927 197
24918 24928 18
24944 24992 160
24963 24970 86
24982 24990 237
24994 25041 92
25002 25038 108
25021 25069 168
25022 25028 22
25026 25066 155
25046 25089 253
25047 25092 46
25067 25071 153
25072 25088 59
25087 25126 155
25097 25129 101
25114 25124 165
25129 25177 82
25138 25188 28
25167 25210 9
25170 25181 192
25194 25229 37
25212 25228 232
25216 25250 189
25235 25236 83
25239 25253 142
25243 25279 136
25264 25302 285
25264 25299 86
25280 25317 145
25293 25341 88
25294 25317 240
25321 25326 42
25329 25374 93
25340 25374 68
25367 25380 98
25385 25393 272
25410 25441 15
25422 25441 192
25425 25446 246
25444 25460 176
25454 25502 27
25460 25479 123
25476 25508 151
25481 25490 111
25488 25537 209
25515 25530 198
25531 25565 145
25547 25587 245
25566 25583 86
25591 25604 55
25613 25646 134
25641 25656 137
25643 25660 85
25668 25708 71
25683 25708 126
25711 25738 78
25721 25769 169
25725 25765 218
25731 25778 290
25759 25772 87
25766 25809 114
25796 25800 101
25804 25851 100
25824 25839 194
25850 25859 213
25852 25853 13
25852 25869 284
25867 25900 38
25886 25927 90
25899 25946 95
25920 25933 75
25922 25959 176
25952 25953 74
25972 26003 276
25998 26041 242
26005 26016 162
26021 26068 157
26033 26061 245
26041 26053 93
26066 26107 105
26076 26116 23
26105 26135 248
26111 26140 263
26116 26124 202
26131 26149 261
26140 26174 182
26149 26197 202
26158 26183 122
26171 26179 87
26177 26223 46
26201 26225 57
26214 26257 127
26218 26232 292
26226 26270 9
26236 26253 274
26243 26287 111
26266 26273 258
26289 26332 217
26290 26323 33
26310 26354 109
26321 26322 144
26329 26379 150
26345 26390 17
26370 26387 271
26380 26423 281
26397 26426 144
26404 26410 298
26411 26442 160
26412 26438 217
26412 26414 101
26435 26444 295
26436 26476 184
26441 26471 95
26456 26497 266
26475 26476 17
26484 26494 167
26501 26502 149
26530 26549 62
26531 26550 204
26551 26575 101
26573 26612 213
26598 26617 209
26625 26659 237
26630 26636 298
26656 26672 39
26685 26690 240
26685 26730 293
26691 26733 190
26703 26747 109
26729 26730 126
26737 26745 287
26749 26796 22
26766 26789 292
26767 26794 54
26772 26773 81
26786 26797 172
26814 26816 57
26824 26833 207
26834 26835 40
26834 26862 295
26864 26903 82
26889 26892 291
26916 26927 286
26937 26975 238
26951 26991 205
26976 26978 207
26978 26990 277
27001 27016 148
27014 27028 12
27037 27080 24
27054 27066 124
27078 27108 221
27086 27135 27
27095 27105 134
27103 27107 216
27103 27145 135
27111 27145 23
27132 27169 132
27156 27171 187
27158 27204 236
27158 27161 210
27180 27202 184
27203 27216 83
27216 27242 148
27234 27257 235
27264 27268 220
27294 27308 238
27318 27349 207
27325 27354 24
27348 27373 43
27351 27368 37
27366 27388 125
27380 27415 140
27386 27436 13
27395 27418 111
27423 27459 238
27442 27460 115
27448 27496 75
27469 27473 106
27495 27533 227
27524 27535 150
27554 27560 84
27579 27615 70
27583 27630 39
27589 27620 8
27601 27646 277
27604 27636 21
27627 27650 289
27632 27657 39
27635 27656 267
27660 27707 225
27682 27726 296
27684 27730 275
27699 27742 95
27702 27743 111
27723 27750 70
27743 27755 78
27766 27796 48
27780 27809 25
27797 27834 239
27809 27819 22
27818 27833 211
27836 27860 300
27864 27896 241
27868 27900 142
27894 27921 101
27898 27932 222
27923 27936 125
27930 27970 272
27938 27980 140
27948 27969 67
27953 27962 99
27963 27981 100
27969 28005 72
27986 28014 251
27991 28032 21
28019 28045 42
28019 28041 247
28027 28064 116
28051 28076 191
28066 28092 172
28088 28099 266
28100 28109 171
28125 28151 172
28150 28183 267
28158 28160 287
28170 28204 220
28182 28203 19
28188 28216 20
28213 28259 276
28221 28245 32
28249 28289 115
28258 28303 39
28264 28280 24
28271 28294 166
28273 28309 258
28284 28309 232
28304 28332 105
28306 28342 47
28314 28334 236
28338 28350 9
28365 28382 276
28394 28399 53
28404 28424 210
28431 28469 54
28435 28454 300
28440 28449 198
28454 28455 259
28459 28498 88
28480 28483 182
28484 28507 129
28508 28521 39
28537 28574 172
28543 28590 269
28565 28583 221
28573 28590 94
28596 28633 74
28611 28638 83
28623 28637 4
28637 28656 24
28654 28694 214
28669 28684 120
28670 28709 21
28686 28705 242
28704 28744 84
28718 28742 40
28728 28757 262
28742 28772 179
28761 28774 81
28773 28814 68
28790 28825 291
28813 28835 228
28830 28834 28
28843 28844 234
28844 28887 33
28873 28904 87
28902 28916 140
28908 28942 255
28935 28978 235
28939 28946 251
28965 28978 73
28974 29004 15
29001 29046 244
29012 29025 193
29019 29069 165
29022 29046 58
29039 29043 11
29039 29076 120
29068 29069 68
29087 29131 215
29115 29117 197
29143 29178 230
29159 29187 236
29176 29179 63
29186 29190 122
29192 29218 29
29192 29215 23
29209 29251 262
29231 29254 160
29235 29262 158
29260 29267 94
29273 29299 95
29284 29324 200
29308 29315 53
29328 29340 213
29335 29353 299
29338 29347 293
29348 29378 23
29357 29380 103
29385 29416 205
29411 29461 39
29420 29450 5
29432 29448 42
29460 29510 194
29462 29502 54
29473 29512 217
29475 29491 255
29489 29529 258
29518 29541 3
29526 29570 215
29553 29570 251
29559 29589 118
29589 29627 213
29607 29628 144
29626 29651 147
29627 29634 99
29630 29634 22
29639 29669 295
29648 29668 31
29676 29710 146
29685 29686 46
29710 29735 23
29711 29758 73
29727 29734 14
29756 29758 1
29768 29802 245
29778 29813 191
29800 29822 66
29815 29862 67
29820 29850 276
29838 29878 230
29840 29860 207
29845 29892 270
29855 29876 235
29861 29876 86
29873 29920 7
29896 29903 276
29919 29955 113
29928 29939 6
29949 29977 21
29970 30020 177
29995 30002 190
30011 30013 288
30030 30076 53
30056 30098 205
30079 30124 79
30096 30109 222
30105 30120 201
30134 30173 254
30154 30161 232
30178 30188 31
30207 30209 58
30235 30240 188
30247 30268 29
30271 30314 31
30284 30286 161
30296 30323 118
30326 30357 284
30340 30344 16
30358 30359 109
30378 30411 40
30390 30392 199
30401 30423 88
30415 30446 225
30421 30448 200
30425 30429 278
30445 30495 106
30445 30478 285
30463 30479 240
30493 30499 242
30516 30530 220
30546 30586 118
30564 30585 9
30579 30583 277
30593 30637 54
30601 30633 236
30606 30611 238
30614 30663 225
30616 30622 219
30637 30644 237
30641 30658 87
30651 30696 136
30658 30693 141
30687 30701 70
30708 30710 265
30716 30758 300
30730 30744 155
30737 30781 106
30752 30755 175
30759 30808 211
30789 30821 279
30790 30796 213
30820 30865 205
30828 30853 91
30857 30877 111
30885 30906 160
30907 30932 35
30917 30957 48
30945 30947 94
30961 31009 92
30991 31009 171
30991 31027 269
30992 31023 14
31021 31037 26
31040 31061 141
31066 31109 279
31096 31119 135
31115 31120 75
31130 31163 166
31138 31156 162
31144 31159 28
31162 31177 222
31165 31183 73
31170 31174 101
31187 31210 214
31207 31250 99
31209 31255 191
31222 31229 81
31243 31289 2
31253 31275 158
31261 31301 145
31262 31306 45
31289 31291 119
31311 31323 218
31330 31347 219
31357 31364 233
31372 31399 7
31400 31404 84
31413 31446 45
31430 31465 286
31437 31455 48
31464 31504 73
31478 31482 161
31499 31523 118
31509 31522 285
31534 31570 280
31536 31581 165
31542 31568 168
31569 31591 258
31578 31584 211
31606 31649 101
31613 31647 2
31636 31659 245
31649 31669 99
31671 31677 170
31675 31724 283
31695 31717 188
31720 31736 296
31745 31786 50
31770 31813 173
31778 31820 174
31781 31817 92
31786 31812 1
31811 31812 142
31825 31863 2
31828 31847 122
31849 31857 85
31851 31872 294
31876 31895 27
31887 31917 32
31892 31895 278
31906 31921 250
31917 31930 166
31944 31966 46
31957 31971 224
31977 32001 169
31984 32022 99
31993 32042 110
32013 32027 54
32043 32048 238
32048 32064 151
32064 32092 237
32073 32093 214
32085 32133 45
32110 32120 271
32129 32176 109
32140 32187 139
32156 32160 130
32163 32201 14
32187 32205 16
32187 32209 60
32192 32220 212
32192 32197 125
32205 32245 15
32211 32261 161
32236 32284 199
32242 32272 262
32242 32253 137
32250 32265 171
32258 32267 194
32276 32325 141
32280 32291 114
32280 32285 231
32290 32337 188
32318 32364 69
32335 32351 294
32347 32397 24
32358 32374 186
32360 32400 131
32388 32436 12
32394 32438 242
32405 32449 250
32434 32482 191
32464 32469 76
32469 32483 241
32482 32498 280
32505 32515 93
32527 32541 255
32533 32558 110
32557 32587 7
32587 32636 35
32601 32610 226
32612 32639 57
32618 32643 285
32630 32641 80
32639 32671 150
32663 32692 151
32686 32731 260
32690 32715 128
32719 32763 296
32736 32773 272
32766 32806 214
32782 32816 157
32811 32854 269
32828 32875 263
32848 32889 4
32852 32866 233
32882 32894 2
32907 32939 31
32922 32972 269
32933 32973 159
32958 32989 229
32964 32997 249
32966 33001 283
32980 33000 72
32981 33024 159
32995 33025 168
33011 33026 263
33012 33032 7
33028 33037 143
33037 33087 99
33062 33065 163
33071 33084 75
33088 33134 264
33110 33136 292
33122 33170 214
33123 33138 54
33137 33163 256
33139 33173 157
33150 33160 118
33169 33179 213
33184 33192 207
33198 33224 183
33221 33271 294
33231 33252 270
33255 33278 48
33279 33322 29
33280 33323 16
33306 33348 140
33336 33372 239
33340 33380 138
33349 33393 242
33354 33386 168
33361 33363 214
33380 33385 91
33389 33417 104
33412 33432 276
33432 33466 286
33447 33482 252
33460 33479 69
33474 33512 181
33497 33498 134
33515 33540 210
33536 33574 161
33563 33613 26
33589 33639 105
33607 33653 267
33612 33648 206
33624 33632 291
33631 33676 174
33652 33653 213
33653 33684 137
33669 33670 146
33696 33717 192
33723 33726 115
33739 33753 114
33759 33765 201
33786 33799 198
33788 33835 56
33791 33840 137
33809 33816 76
33828 33868 161
33844 33851 247
33862 33901 8
33878 33916 220
33894 33896 218
33918 33927 141
33919 33944 163
33943 33953 243
33961 33993 261
33975 33984 142
33993 34023 4
34017 34018 271
34043 34051 154
34059 34086 184
34078 34079 18
34091 34113 244
34100 34112 116
34103 34129 106
34132 34155 173
34132 34134 114
34156 34187 20
34179 34224 92
34209 34243 6
34212 34259 260
34212 34239 172
34235 34271 231
34245 34261 203
34249 34260 75
34253 34295 77
34259 34300 1
34277 34299 107
34283 34301 4
34296 34312 168
34308 34325 213
34334 34363 174
34356 34387 255
34363 34379 169
34385 34401 221
34390 34426 61
34418 34420 72
34440 34479 148
34447 34487 244
34456 34469 298
34471 34517 154
34496 34531 160
34521 34564 181
34535 34550 148
34543 34569 294
34566 34597 58
34591 34635 134
34601 34603 249
34614 34655 260
34633 34643 298
34637 34641 295
34651 34685 221
34675 34704 65
34699 34748 260
34725 34755 145
34734 34740 235
34755 34759 34
34774 34814 81
34777 34827 113
34793 34799 115
34804 34831 214
34825 34862 286
34855 34885 233
34864 34869 174
34883 34887 100
34904 34909 219
34926 34945 226
34939 34941 145
34968 34991 91
34972 34973 298
35002 35050 97
35028 35075 238
35033 35043 67
35039 35078 149
35068 35094 287
35083 35089 192
35092 35130 68
35094 35134 275
35112 35121 68
35119 35120 191
35147 35159 136
35152 35200 38
35182 35195 238
35197 35247 42
35204 35220 250
35224 35246 102
35254 35271 218
35284 35290 139
35300 35317 148
35303 35350 118
35328 35341 247
35343 35365 236
35360 35378 296
35366 35371 153
35367 35375 70
35372 35418 21
35395 35431 260
35395 35445 200
35410 35427 76
35413 35463 236
35423 35467 205
35436 35459 24
35443 35458 218
35456 35500 198
35479 35496 149
35490 35528 249
35505 35553 94
35533 35555 261
35549 35558 38
35558 35606 286
35584 35609 229
35611 35612 221
35631 35664 233
35632 35674 105
35633 35654 156
35658 35670 113
35674 35680 15
35686 35724 160
35688 35705 73
35693 35742 159
35707 35728 204
35711 35716 46
35711 35732 249
35726 35737 67
35729 35779 143
35751 35781 277
35766 35784 163
35770 35807 292
35773 35820 109
35778 35794 280
35793 35839 146
35813 35861 200
35837 35841 173
35856 35904 234
35872 35873 196
35886 35891 77
35910 35924 61
35931 35947 221
35931 35958 223
35958 35966 252
35987 36005 70
36016 36057 285
36021 36057 122
36035 36040 266
36052 36069 226
36077 36114 42
36102 36116 92
36103 36126 297
36113 36123 29
36113 36136 213
36121 36152 104
36142 36159 168
36166 36190 291
36189 36201 90
36190 36236 6
36217 36250 148
36239 36259 128
36250 36267 8
36265 36305 33
36288 36329 286
36294 36334 211
36305 36327 127
36321 36352 89
36325 36350 35
36331 36356 135
36342 36345 134
36354 36404 17
36360 36408 55
36384 36414 198
36398 36411 229
36399 36437 292
36403 36421 282
36409 36435 254
36422 36466 95
36436 36458 74
36457 36485 216
36467 36499 16
36479 36491 268
36493 36505 292
36523 36530 248
36546 36553 276
36552 36576 128
36566 36612 44
36575 36601 276
36586 36631 5
36601 36614 126
36625 36668 14
36650 36679 81
36680 36696 180
36680 36714 148
36700 36712 199
36706 36708 75
36711 36719 134
36715 36756 144
36743 36778 204
36745 36753 143
36748 36770 80
36766 36787 282
36778 36783 35
36804 36824 35
36831 36836 142
36858 36908 66
36873 36883 192
36883 36923 169
36887 36922 16
36901 36942 82
36919 36924 225
36934 36964 168
36957 36959 99
36973 37000 172
36975 37011 251
36989 37003 149
36993 37008 57
37009 37035 225
37010 37059 12
37012 37047 86
37028 37034 155
37029 37061 71
37059 37085 36
37059 37080 206
37084 37114 28
37100 37122 273
37105 37127 109
37127 37154 192
37129 37158 161
37140 37179 244
37164 37165 146
37166 37194 16
37167 37207 122
37184 37214 195
37198 37234 220
37198 37237 124
37211 37215 164
37233 37257 264
37259 37283 45
37267 37278 48
37268 37302 95
37275 37308 249
37289 37302 114
37312 37313 43
37336 37345 28
37337 37368 115
37346 37375 162
37363 37402 265
37375 37422 209
37399 37438 39
37421 37450 211
37434 37446 133
37445 37464 270
37472 37499 253
37480 37515 195
37489 37493 78
37519 37524 228
37537 37554 142
37562 37568 176
37579 37580 118
37587 37631 19
37604 37614 38
37612 37646 242
37627 37654 1
37655 37699 79
37664 37686 104
37673 37719 292
37678 37718 163
37689 37701 252
37713 37742 184
37714 37724 160
37733 37749 269
37759 37805 24
37786 37832 115
37794 37802 198
37818 37844 270
37825 37872 94
37841 37890 169
37859 37877 205
37883 37888 146
37912 37921 120
37924 37955 47
37943 37949 134
37943 37993 17
37967 37969 246
37974 38016 169
37980 38017 298
37995 38016 282
38009 38024 135
38031 38034 88
38047 38088 172
38066 38114 77
38096 38134 95
38112 38128 179
38140 38155 1
38151 38159 225
38168 38209 290
38191 38237 132
38207 38222 38
38213 38252 77
38229 38270 266
38234 38267 145
38252 38290 253
38263 38303 25
38286 38322 6
38306 38325 253
38314 38354 288
38341 38355 283
38357 38400 287
38375 38402 153
38392 38415 281
38413 38455 38
38426 38476 126
38432 38458 108
38456 38492 92
38484 38518 100
38513 38546 22
38540 38559 219
38557 38565 119
38558 38584 228
38570 38598 243
38572 38589 175
38584 38595 6
38610 38628 179
38624 38635 205
38635 38676 161
38645 38688 93
38666 38679 76
38677 38682 221
38682 38699 288
38682 38731 119
38707 38723 275
38728 38740 58
38744 38783 213
38758 38779 9
38760 38768 4
38784 38821 14
38801 38808 14
38827 38829 191
38836 38861 72
38860 38889 127
38886 38904 6
38898 38939 150
38902 38926 168
38929 38965 50
38930 38964 132
38943 38949 41
38973 38984 141
38993 39030 145
39023 39037 20
39044 39064 5
39044 39081 278
39069 39091 117
39097 39136 247
39107 39117 47
39130 39147 161
39140 39174 242
39153 39203 14
39163 39179 64
39170 39178 289
39191 39219 283
39209 39246 130
39217 39251 251
39235 39253 262
39243 39273 85
39270 39279 171
39286 39314 138
39287 39300 201
39297 39340 150
39305 39338 181
39328 39330 100
39343 39347 133
39373 39394 265
39376 39415 58
39376 39423 69
39394 39438 130
39398 39415 242
39425 39451 219
39432 39452 162
39457 39478 63
39463 39479 163
39486 39489 199
39501 39536 93
39506 39544 225
39526 39530 94
39534 39566 157
39540 39551 145
39543 39576 29
39552 39590 198
39572 39602 216
39582 39626 196
39582 39629 27
39586 39595 235
39589 39631 29
39594 39637 24
39596 39608 24
39623 39626 83
39649 39684 102
39679 39720 295
39692 39728 280
39700 39738 294
39712 39736 26
39728 39774 41
39740 39754 119
39763 39775 81
39787 39795 55
39814 39831 85
39818 39837 257
39838 39884 145
39854 39869 73
39858 39869 264
39858 39887 202
39863 39869 70
39873 39916 60
39898 39901 33
39928 39954 258
39952 39976 86
39969 40004 169
39973 40019 248
39995 40029 26
40021 40059 168
40026 40043 251
40027 40062 71
40027 40058 80
40053 40097 226
40073 40106 81
40095 40106 49
40123 40165 51
40138 40160 137
40159 40190 182
40176 40185 197
40178 40212 112
40179 40180 252
40187 40217 247
40201 40222 101
40203 40238 107
40225 40235 57
40226 40255 158
40231 40242 170
40232 40237 292
40250 40257 22
40254 40291 93
40265 40277 127
40283 40330 297
40287 40310 271
40303 40304 68
40327 40372 276
40327 40372 98
40337 40384 34
40355 40397 17
40355 40388 115
40360 40392 98
40369 40390 179
40386 40418 133
40391 40427 147
40408 40456 245
40412 40445 279
40426 40449 19
40452 40498 145
40461 40508 37
40485 40494 294
40492 40502 52
40519 40556 276
40536 40559 269
40566 40576 214
40574 40590 78
40591 40625 126
40616 40627 5
40636 40685 222
40651 40698 291
40672 40691 261
40683 40687 143
40701 40715 151
40718 40759 115
40720 40764 294
40743 40788 202
40769 40803 18
40798 40839 227
40808 40830 97
40820 40833 165
40845 40884 282
40870 40890 134
40879 40894 168
40898 40900 264
40911 40930 13
40930 40934 6
40951 40956 11
40980 41030 253
40984 40996 174
41001 41036 166
41017 41064 114
41022 41049 184
41032 41068 36
41034 41035 233
41044 41082 106
41053 41059 31
41081 41100 85
41089 41100 250
41105 41126 19
41112 41155 55
41126 41138 111
41153 41188 231
41176 41218 35
41188 41220 91
41204 41207 75
41227 41233 167
41229 41277 34
41230 41242 139
41234 41273 250
41245 41288 71
41266 41279 60
41282 41327 182
41306 41310 206
41309 41315 84
41330 41354 220
41360 41388 66
41370 41384 31
41384 41433 37
41412 41414 164
41433 41462 151
41446 41456 253
41448 41465 239
41466 41513 121
41474 41496 77
41495 41534 226
41514 41535 223
41516 41536 260
41542 41587 53
41542 41545 13
41572 41587 249
41601 41630 287
41616 41656 3
41634 41658 74
41652 41684 212
41674 41688 248
41698 41735 117
41711 41714 187
41732 41743 262
41756 41767 97
41770 41799 208
41773 41778 149
41800 41838 91
41820 41822 150
41849 41887 210
41850 41876 255
41852 41880 49
41878 41884 56
41888 41902 287
41907 41911 165
41918 41956 283
41919 41933 153
41936 41967 92
41965 42014 154
41973 42006 125
42001 42045 65
42019 42049 234
42027 42048 116
42051 42079 249
42070 42118 144
42094 42109 280
42114 42136 30
42134 42137 219
42149 42153 293
42178 42197 110
42180 42182 74
42208 42216 163
42221 42222 200
42249 42284 181
42252 42256 210
42266 42284 53
42266 42307 85
42286 42299 282
42287 42302 258
42289 42296 157
42317 42361 197
42346 42354 211
42358 42381 166
42384 42433 116
42392 42429 283
42422 42448 25
42443 42478 74
42463 42473 249
42475 42524 217
42494 42538 182
42520 42565 295
42522 42556 253
42522 42543 222
42548 42598 179
42578 42613 230
42590 42595 117
42601 42626 158
42601 42630 134
42629 42630 129
42646 42668 15
42671 42700 250
42701 42716 227
42712 42736 167
42722 42733 85
42738 42768 281
42758 42770 159
42787 42820 199
42795 42816 293
42800 42811 290
42820 42822 279
42849 42872 22
42860 42908 126
42860 42897 284
42872 42878 247
42890 42903 23
42910 42956 128
42920 42969 19
42921 42957 129
42930 42956 225
42946 42980 124
42946 42955 269
42964 42984 38
42974 43021 152
42988 43034 121
42998 43034 99
43015 43028 250
43045 43077 44
43048 43063 93
43056 43079 186
43058 43103 3
43085 43100 84
43112 43138 26
43126 43167 105
43148 43191 57
43162 43166 248
43171 43203 290
43172 43209 26
43201 43227 122
43230 43263 230
43236 43256 217
43250 43293 300
43280 43313 133
43283 43310 296
43299 43328 281
43299 43310 201
43305 43347 148
43313 43331 114
43330 43368 52
43348 43352 88
43355 43388 84
43375 43389 174
43398 43445 226
43398 43411 282
43408 43457 294
43433 43481 259
43447 43497 216
43466 43470 295
43469 43484 67
43469 43510 61
43491 43523 148
43497 43540 246
43507 43514 34
43526 43541 74
43551 43596 136
43576 43618 126
43594 43618 139
43608 43640 167
43635 43637 284
43646 43655 15
43647 43671 293
43662 43697 263
43671 43709 268
43681 43684 134
43711 43715 231
43741 43751 17
43760 43769 220
43772 43797 171
43777 43819 50
43790 43797 68
43810 43820 32
43825 43863 254
43826 43870 37
43850 43884 221
43860 43908 66
43866 43875 145
43873 43911 122
43887 43924 206
43897 43945 21
43909 43921 54
43915 43934 52
43941 43990 295
43950 43975 267
43968 43973 1
43990 44029 299
43990 43992 30
44011 44019 300
44027 44042 153
44057 44085 25
44085 44108 168
44085 44096 88
44112 44130 240
44127 44148 103
44129 44160 26
44131 44153 169
44154 44197 53
44156 44200 48
44169 44177 9
44199 44233 33
44229 44255 2
44247 44295 73
44269 44295 286
44297 44315 198
44303 44335 34
44307 44326 174
44311 44342 204
44334 44350 202
44349 44361 178
44358 44384 266
44364 44386 171
44385 44386 225
44392 44402 62
44413 44456 239
44443 44480 58
44464 44511 254
44470 44481 260
44488 44499 80
44511 44530 109
44520 44541 69
44545 44576 90
44564 44601 206
44577 44589 282
44598 44642 127
44615 44643 246
44624 44651 58
44634 44680 144
44649 44677 245
44655 44663 60
44656 44671 116
44678 44721 132
44705 44750 69
44730 44741 244
44739 44753 160
44740 44787 238
44752 44768 211
44757 44789 297
44771 44790 156
44782 44806 109
44788 44807 238
44799 44846 233
44802 44819 151
44813 44841 59
44828 44833 215
44832 44837 114
44856 44880 3
44858 44906 229
44879 44920 232
44889 44908 135
44916 44929 279
44929 44967 99
44929 44973 207
44950 44961 270
44969 44978 66
44989 45011 258
45011 45012 18
45013 45027 68
45042 45048 189
45043 45046 154
45072 45116 255
45092 45138 170
45095 45126 8
45106 45137 12
45111 45154 22
45133 45150 114
45153 45178 133
45174 45197 151
45188 45223 20
45210 45217 92
45238 45262 185
45250 45281 118
45257 45293 42
45262 45284 4
45279 45300 216
45290 45299 100
45292 45294 272
45292 45334 23
45295 45320 30
45320 45368 279
45323 45371 2
45342 45361 151
45360 45402 176
45379 45418 152
45402 45444 207
45403 45407 106
45423 45467 26
45453 45462 288
45480 45505 15
45493 45515 41
45511 45515 292
45517 45550 109
45538 45577 67
45562 45574 43
45562 45576 286
45579 45590 168
45585 45613 119
45613 45615 247
45639 45679 22
45654 45664 296
45662 45702 129
45668 45678 25
45668 45670 41
45686 45692 133
45694 45723 105
45716 45766 211
45730 45773 72
45731 45736 76
45742 45750 212
45759 45764 179
45766 45804 8
45783 45833 144
45783 45813 281
45801 45818 103
45823 45867 187
45842 45871 24
45870 45882 92
45899 45947 276
45924 45963 142
45933 45939 244
45940 45948 79
45952 45987 87
45955 45962 234
45972 46001 149
45987 46006 91
45987 46027 98
45997 46030 16
46002 46019 293
46008 46019 242
46030 46064 218
46037 46056 66
46052 46057 101
46079 46080 125
46103 46127 215
46132 46180 289
46148 46173 290
46169 46175 131
46195 46212 47
46204 46222 201
46227 46237 153
46251 46272 37
46277 46312 28
46290 46313 294
46297 46310 21
46319 46355 243
46324 46356 140
46344 46383 233
46372 46400 271
46384 46414 167
46394 46424 131
46417 46462 159
46417 46453 163
46438 46484 37
46446 46476 24
46456 46485 53
46483 46528 12
46511 46521 38
46513 46548 205
46541 46562 239
46541 46577 72
46551 46580 26
46554 46597 48
46572 46600 156
46575 46585 48
46600 46604 300
46620 46624 11
46625 46659 66
46651 46701 19
46681 46696 193
46685 46724 144
46715 46717 1
46717 46762 249
46731 46753 124
46731 46779 244
46758 46800 25
46758 46760 18
46781 46811 18
46784 46786 35
46786 46797 87
46787 46816 31
46794 46824 9
46808 46835 299
46822 46831 274
46840 46861 101
46859 46874 190
46886 46912 292
46890 46901 111
46902 46927 30
46924 46937 97
46927 46944 65
46946 46963 228
46964 46982 7
46980 47010 66
47010 47051 9
47039 47044 256
47041 47083 70
47048 47052 277
47054 47095 150
47076 47077 255
47099 47119 296
47116 47162 191
47131 47140 12
47140 47158 227
47166 47190 274
47194 47242 193
47207 47239 142
47234 47251 146
47240 47287 259
47250 47275 153
47277 47292 72
47305 47349 228
47335 47339 212
47349 47371 127
47357 47369 269
47362 47405 193
47382 47427 27
47409 47440 256
47414 47416 186
47419 47465 230
47424 47466 101
47437 47442 267
47458 47473 167
47461 47470 168
47470 47514 134
47498 47547 112
47526 47552 227
47554 47561 67
47562 47572 45
47576 47585 144
47603 47633 125
47628 47653 91
47640 47688 75
47643 47677 22
47673 47688 178
47691 47698 162
47721 47758 134
47742 47758 28
47757 47770 20
47774 47798 131
47784 47827 137
47794 47821 214
47795 47822 158
47812 47848 62
47826 47835 63
47830 47873 268
47837 47873 258
47857 47874 28
47881 47910 90
47908 47958 50
47936 47979 149
47939 47969 259
47943 47975 58
47944 47947 121
47945 47969 88
47975 47992 165
47992 48007 207
48002 48033 229
48015 48017 287
48025 48050 165
48034 48049 201
48045 48078 85
48067 48075 202
48092 48121 129
48092 48113 186
48115 48139 262
48138 48173 109
48162 48211 58
48170 48183 280
48180 48194 184
48184 48209 151
48206 48212 137
48234 48260 96
48241 48261 243
48266 48310 2
48273 48307 48
48300 48323 29
48306 48349 214
48311 48354 28
48317 48365 182
48331 48366 127
48353 48374 142
48369 48388 265
48393 48404 140
48419 48456 266
48420 48439 79
48448 48493 183
48469 48508 49
48477 48520 11
48492 48518 44
48522 48543 9
48551 48570 179
48568 48602 270
48587 48621 43
48614 48628 128
48625 48638 295
48636 48659 58
48663 48697 182
48674 48717 92
48688 48691 177
48690 48713 159
48709 48717 162
48733 48737 178
48740 48762 33
48745 48782 277
48769 48807 1
48778 48814 69
48804 48848 265
48808 48840 261
48808 48850 199
48830 48872 9
48834 48858 145
48853 48890 214
48858 48878 23
48879 48915 220
48895 48938 167
48905 48945 86
48934 48939 214
48949 48994 299
48973 49001 93
49000 49038 199
49018 49020 3
49038 49086 144
49066 49085 59
49066 49113 61
49088 49114 13
49089 49101 95
49100 49118 113
49118 49143 65
49127 49155 19
49145 49177 21
49160 49181 276
49174 49184 218
49190 49192 146
49199 49226 194
49220 49232 159
49245 49250 120
49247 49266 84
49257 49286 57
49272 49277 275
49274 49286 209
49279 49286 20
49279 49309 128
49287 49296 108
49294 49317 79
49304 49324 98
49316 49322 44
49335 49340 152
49341 49359 11
49359 49367 49
49360 49396 203
49363 49407 261
49371 49397 248
49389 49397 208
49414 49432 17
49441 49451 297
49457 49504 235
49466 49497 102
49494 49514 28
49510 49544 136
49523 49534 123
49547 49584 236
49566 49601 185
49594 49601 201
49597 49605 7
49601 49602 95
49620 49639 85
49630 49648 207
49631 49662 227
49631 49650 287
49644 49665 175
49664 49704 8
49667 49709 141
49689 49734 55
49696 49701 243
49704 49711 175
49722 49764 249
49741 49785 263
49763 49785 8
49784 49811 51
49793 49816 210
49823 49827 298
49826 49844 165
49841 49867 278
49858 49892 33
49860 49898 264
49873 49915 298
49883 49923 88
49884 49886 150
49898 49909 188
49917 49953 163
49936 49959 241
49941 49951 285
49958 49961 68
49983 49992 23
49986 50025 81
49994 50043 212
50000 50048 136
50020 50068 46
50045 50093 56
50069 50086 294
50097 50132 81
50105 50130 219
50120 50151 138
50146 50151 250
50171 50208 83
50172 50206 188
50186 50223 18
50194 50206 101
50211 50243 182
50218 50230 39
50221 50225 211
50245 50289 196
50250 50289 219
50279 50327 291
50307 50349 37
50321 50341 225
50348 50393 41
50355 50369 141
50363 50386 115
50379 50429 77
50379 50402 245
50399 50420 177
50405 50451 257
50418 50466 167
50424 50440 274
50446 50483 119
50476 50498 104
50500 50508 155
50506 50552 59
50506 50553 227
50529 50543 69
50539 50565 236
50556 50585 28
50579 50604 243
50607 50616 222
50631 50647 28
50645 50681 249
50648 50670 285
50651 50672 294
50676 50684 263
50682 50716 34
50712 50722 109
50722 50756 141
50735 50740 21
50744 50786 213
50758 50766 233
50772 50795 287
50774 50822 234
50775 50784 24
50789 50805 206
50792 50842 154
50798 50803 45
50818 50846 235
50827 50850 79
50828 50848 199
50851 50870 260
50865 50870 165
50869 50880 97
50870 50894 44
50886 50908 266
50899 50942 124
50918 50933 280
50922 50926 7
50932 50956 265
50956 50992 28
50975 51024 145
50985 51003 101
51011 51031 123
51032 51036 37
51036 51061 215
51037 51069 86
51067 51070 167
51078 51109 100
51098 51137 42
51106 51109 127
51130 51179 17
51155 51191 159
51172 51207 244
51183 51213 40
51212 51224 225
51230 51249 236
51240 51276 224
51248 51255 46
51250 51281 78
51252 51296 52
51280 51328 264
51295 51328 229
51310 51360 276
51315 51356 126
51328 51366 79
51344 51350 138
51368 51410 98
51392 51436 170
51404 51409 58
51429 51439 165
51447 51485 72
51465 51508 124
51489 51494 241
51513 51520 185
51517 51520 163
51518 51560 235
51525 51572 85
51529 51576 249
51547 51564 184
51573 51616 126
51601 51620 45
51607 51612 252
51633 51643 298
51644 51681 79
51656 51700 76
51656 51694 45
51664 51708 33
51683 51711 211
51705 51749 126
51728 51778 55
51746 51754 92
51766 51784 103
51785 51813 62
51796 51830 178
51823 51872 283
51829 51839 90
51843 51883 96
51848 51854 96
51848 51863 265
51855 51886 6
51862 51876 40
51878 51890 259
51890 51892 102
51899 51915 146
51914 51930 281
51932 51970 187
51957 51998 27
51962 51991 11
51968 51976 221
51972 51993 63
51981 51991 35
52011 52045 236
52011 52014 145
52019 52026 94
52021 52025 154
52027 52071 293
52057 52070 262
52084 52134 156
52106 52148 42
52121 52139 297
52147 52179 239
52156 52168 147
52173 52200 48
52190 52191 57
52192 52238 253
52201 52219 233
52221 52250 48
52250 52282 54
52269 52290 55
52279 52317 218
52297 52331 164
52309 52352 113
52318 52328 91
52346 52391 63
52347 52383 223
52375 52413 42
52394 52395 15
52421 52470 219
52438 52450 273
52447 52467 251
52459 52507 97
52482 52500 83
52497 52515 149
52498 52520 273
52528 52550 139
52554 52595 192
52581 52616 158
52601 52611 165
52621 52622 33
52628 52676 26
52641 52668 115
52665 52690 67
52680 52699 124
52707 52725 181
52710 52759 107
52732 52741 267
52743 52783 240
52762 52809 178
52782 52804 110
52800 52821 164
52814 52862 209
52826 52840 267
52848 52852 138
52869 52894 142
52896 52933 197
52903 52912 107
52924 52947 207
52946 52951 93
52958 52963 93
52988 53004 21
53013 53044 59
53017 53043 50
53036 53067 4
53044 53084 54
53066 53116 73
53085 53132 110
53113 53152 264
53140 53190 22
53160 53207 205
53183 53220 188
53206 53228 165
53233 53267 139
53263 53297 44
53273 53280 264
53297 53301 1
53310 53356 28
53336 53385 114
53354 53366 105
53378 53415 251
53402 53404 5
53406 53409 71
53420 53447 75
53425 53442 144
53432 53450 172
53442 53450 280
53471 53477 67
53499 53547 282
53508 53514 189
53519 53562 166
53548 53550 178
53553 53566 108
53553 53573 232
53579 53618 140
53582 53626 46
53611 53655 223
53634 53636 14
53659 53677 218
53661 53678 236
53677 53706 250
53687 53699 65
53712 53754 44
53737 53757 17
53766 53805 195
53774 53780 28
53793 53815 96
53809 53857 74
53839 53844 225
53861 53884 39
53874 53899 156
53900 53926 40
53906 53934 162
53928 53964 210
53953 53966 259
53960 54008 102
53972 53999 182
53983 53984 111
53988 54004 14
54007 54028 105
54030 54057 263
54053 54100 124
54064 54091 84
54080 54106 98
54110 54123 60
54128 54162 28
54137 54159 283
54146 54168 91
54161 54189 291
54179 54216 105
54195 54230 47
54196 54210 232
54203 54228 134
54208 54219 280
54209 54251 187
54219 54269 262
54234 54281 109
54263 54297 238
54279 54317 215
54309 54342 245
54334 54374 53
54356 54362 197
54360 54373 169
54373 54402 135
54373 54396 35
54380 54429 145
54392 54401 278
54409 54426 109
54435 54478 20
54459 54508 132
54469 54481 282
54476 54500 117
54494 54541 293
54496 54533 232
54511 54519 128
54518 54530 213
54538 54572 138
54544 54572 245
54561 54604 160
54579 54589 78
54602 54639 233
54604 54652 270
54628 54663 246
54635 54651 25
54635 54684 278
54643 54660 281
54646 54648 53
54662 54681 122
54680 54698 285
54701 54751 166
54705 54734 160
54729 54776 184
54733 54759 48
54758 54806 279
54767 54775 5
54797 54830 271
54815 54826 227
54844 54848 176
54846 54852 12
54874 54885 114
54883 54897 63
54896 54926 206
54899 54927 219
54900 54924 261
54927 54976 209
54951 54960 111
54961 54982 218
54979 54993 10
55005 55026 185
55007 55049 56
55010 55049 270
55033 55041 107
55044 55079 248
55064 55109 138
55072 55097 45
55101 55136 162
55120 55147 162
55146 55187 201
55175 55198 259
55193 55196 212
55207 55235 199
55233 55260 269
55241 55257 23
55246 55269 259
55267 55274 216
55284 55304 287
55296 55302 105
55296 55332 248
55303 55342 185
55318 55326 34
55323 55333 39
55348 55369 89
55365 55378 211
55378 55403 270
55408 55426 62
55422 55451 177
55449 55451 265
55467 55496 160
55484 55523 159
55510 55543 66
55533 55562 169
55538 55568 191
55552 55564 297
55567 55580 75
55580 55622 115
55581 55606 236
55587 55602 44
55607 55622 237
55624 55631 154
55651 55654 268
55653 55696 149
55663 55691 59
55671 55702 229
55698 55748 160
55708 55745 254
55717 55756 268
55740 55748 159
55743 55785 195
55745 55748 218
55772 55805 103
55781 55830 5
55796 55823 28
55806 55816 282
55814 55859 92
55831 55834 91
55851 55886 220
55874 55911 101
55892 55942 101
55899 55902 293
55909 55928 135
55912 55918 192
55924 55951 82
55944 55951 174
55948 55965 109
55959 55986 191
55986 56021 68
56005 56023 182
56018 56060 97
56025 56056 286
56028 56037 31
56028 56045 251
56056 56059 108
56075 56079 153
56075 56093 150
56080 56126 190
56084 56110 188
56095 56127 141
56095 56145 48
56100 56113 283
56112 56160 294
56131 56137 235
56150 56169 181
56173 56190 57
56177 56209 80
56200 56211 191
56215 56240 197
56216 56225 54
56240 56262 278
56248 56287 88
56274 56313 249
56295 56325 201
56301 56316 275
56303 56331 257
56306 56330 258
56332 56374 146
56343 56373 160
56355 56397 27
56378 56421 166
56397 56445 68
56405 56441 241
56416 56438 268
56438 56486 291
56450 56478 78
56472 56498 284
56481 56495 245
56505 56514 257
56526 56549 91
56539 56568 156
56546 56582 117
56552 56575 209
56570 56588 9
56587 56605 89
56617 56631 265
56620 56627 288
56644 56690 78
56645 56660 69
56651 56659 42
56652 56681 2
56664 56672 196
56687 56736 29
56691 56705 249
56705 56718 270
56706 56722 235
56720 56746 202
56740 56790 148
56768 56809 85
56781 56829 275
56802 56845 58
56815 56844 143
56819 56843 30
56841 56885 92
56843 56883 79
56847 56888 81
56864 56869 206
56874 56918 231
56897 56914 119
56913 56921 89
56918 56955 68
56933 56942 84
56962 57010 294
56982 57001 208
57012 57059 102
57038 57068 87
57062 57078 66
57088 57091 227
57107 57126 134
57118 57145 251
57134 57142 265
57155 57200 132
57179 57188 96
57185 57233 75
57191 57222 207
57218 57239 87
57233 57283 268
57234 57263 275
57253 57302 225
57274 57322 29
57276 57286 184
57288 57309 194
57290 57293 147
57311 57333 143
57327 57371 23
57335 57373 297
57348 57366 145
57368 57378 69
57368 57398 149
57380 57392 109
57389 57398 81
57419 57442 295
57439 57483 254
57469 57500 36
57499 57503 238
57517 57562 198
57545 57580 114
57561 57597 94
57570 57595 65
57575 57621 235
57598 57610 93
57627 57650 190
57650 57658 43
57657 57691 275
57670 57700 247
57672 57701 252
57680 57711 253
57697 57716 33
57702 57704 86
57727 57745 131
57754 57763 147
57779 57799 102
57780 57809 203
57782 57797 287
57801 57837 11
57829 57838 275
57835 57883 255
57842 57854 288
57872 57917 176
57878 57899 87
57898 57934 202
57922 57925 180
57952 57980 224
57960 57993 213
57964 57983 189
57968 58015 36
57993 57994 16
58010 58058 39
58013 58032 298
58037 58082 10
58066 58103 151
58076 58106 116
58089 58121 143
58105 58155 64
58113 58114 257
58113 58133 3
58119 58141 270
58134 58137 61
58145 58155 276
58159 58192 142
58159 58186 28
58177 58189 226
58181 58203 70
58200 58222 104
58230 58272 294
58240 58271 7
58251 58262 189
58281 58289 166
58285 58316 34
58286 58308 112
58306 58350 25
58306 58323 195
58306 58313 17
58319 58322 258
58334 58363 290
58345 58355 11
58349 58356 295
58363 58375 115
58389 58408 98
58418 58436 204
58443 58455 171
58466 58476 274
58470 58480 213
58493 58513 259
58517 58559 196
58534 58567 140
58554 58597 80
58558 58564 142
58587 58611 246
58599 58645 113
58616 58629 30
58637 58672 96
58646 58685 184
58664 58697 228
58692 58705 64
58709 58750 279
58724 58757 248
58734 58744 130
58738 58756 228
58741 58755 269
58742 58786 52
58771 58799 237
58796 58797 43
58818 58836 231
58824 58828 53
58843 58893 175
58848 58875 132
58867 58895 90
58890 58935 279
58904 58925 63
58911 58930 45
58933 58974 122
58940 58960 77
58967 59005 146
58976 59008 187
58989 59004 96
59011 59046 252
59034 59055 56
59050 59068 11
59066 59094 93
59070 59116 225
59075 59119 28
59081 59112 44
59091 59128 223
59117 59135 126
59131 59136 222
59159 59187 12
59178 59205 56
59203 59251 296
59217 59258 262
59231 59256 27
59254 59281 71
59274 59276 63
59299 59343 113
59326 59342 199
59350 59399 202
59351 59364 218
59360 59374 110
59370 59414 19
59387 59400 196
59408 59409 254
59435 59469 8
59453 59459 187
59472 59495 272
59475 59524 71
59494 59534 114
59507 59535 210
59521 59569 274
59531 59556 171
59539 59547 88
59545 59578 36
59549 59558 236
59553 59593 242
59560 59561 51
59588 59590 14
59614 59648 19
59636 59645 182
59644 59690 259
59666 59674 28
59672 59693 113
59697 59722 81
59713 59718 183
59730 59773 58
59734 59755 21
59740 59771 44
59765 59772 25
59782 59794 217
59809 59855 182
59815 59831 175
59825 59873 248
59853 59879 200
59858 59874 164
59872 59885 247
59889 59934 207
59919 59940 108
59943 59981 14
59959 59997 147
59983 59991 143
59988 60034 154
59990 59995 95
59990 60022 270
60009 60038 36
60011 60059 80
60020 60042 153
60045 60074 295
60066 60109 288
60067 60074 197
60093 60109 228
60118 60168 31
60131 60145 243
60140 60178 89
60162 60184 256
60180 60189 24
60206 60250 58
60211 60251 216
60237 60252 142
60244 60260 121
60246 60278 284
60275 60281 71
60286 60295 83
60307 60312 119
60325 60347 116
60337 60372 33
60355 60389 140
60372 60400 29
60401 60429 208
60411 60435 123
60435 60459 245
60463 60511 263
60475 60495 62
60504 60526 193
60517 60535 13
60528 60533 33
60540 60570 108
60561 60572 267
60573 60595 23
60573 60577 189
60592 60599 21
60595 60637 116
60605 60616 287
60606 60645 126
60619 60640 238
60644 60667 78
60649 60665 289
60671 60713 257
60684 60694 209
60708 60724 126
60719 60723 149
60727 60776 256
60754 60789 55
60761 60805 77
60789 60830 33
60813 60821 56
60837 60849 30
60854 60864 118
60863 60884 165
60863 60909 185
60886 60909 176
60910 60946 158
60929 60956 17
60957 60971 243
60974 61019 176
60983 61033 61
61009 61049 279
61024 61048 94
61051 61052 197
61072 61089 265
61086 61130 259
61106 61156 133
61111 61117 67
61136 61184 19
61162 61202 294
61186 61206 255
61216 61224 221
61226 61237 59
61234 61250 265
61234 61268 14
61237 61282 8
61267 61279 296
61280 61282 185
61307 61313 198
61322 61371 59
61334 61378 159
61335 61337 290
61352 61393 79
61361 61388 242
61362 61370 27
61369 61377 126
61398 61445 256
61420 61467 133
61448 61497 34
61473 61515 143
61481 61523 254
61488 61534 295
61493 61519 164
61505 61521 50
61526 61542 93
61536 61578 19
61537 61559 129
61540 61577 209
61565 61597 15
61577 61586 162
61589 61622 251
61591 61611 263
61606 61614 90
61622 61661 218
61639 61665 263
61642 61659 52
61644 61647 86
61649 61699 43
61652 61653 251
61661 61698 210
61665 61705 103
61675 61695 245
61680 61694 119
61697 61737 186
61711 61721 142
61741 61764 141
61758 61760 124
61779 61823 226
61796 61831 296
61799 61814 168
61806 61824 140
61816 61823 231
61846 61870 171
61849 61855 254
61853 61890 247
61880 61911 292
61899 61927 183
61919 61956 152
61946 61973 235
61961 61975 257
61974 62005 81
62001 62049 161
62024 62027 102
62032 62053 220
62060 62110 156
62084 62106 148
62091 62117 27
62114 62155 161
62132 62179 127
62137 62177 184
62155 62201 251
62159 62200 21
62172 62212 68
62177 62209 129
62205 62217 237
62205 62238 37
62225 62230 106
62251 62277 259
62263 62282 116
62270 62290 185
62290 62318 3
62298 62320 139
62322 62335 299
62349 62397 138
62350 62353 190
62369 62405 117
62383 62415 204
62396 62406 98
62408 62410 220
62431 62435 215
62450 62481 133
62459 62479 7
62469 62510 143
62498 62519 94
62501 62528 53
62528 62564 34
62535 62554 175
62553 62588 72
62566 62574 165
62575 62582 2
62580 62611 254
62598 62647 100
62625 62653 300
62634 62659 31
62656 62684 68
62686 62717 172
62687 62734 148
62688 62723 139
62714 62755 38
62716 62759 203
62719 62737 252
62749 62799 253
62750 62772 157
62755 62784 160
62774 62799 76
62775 62785 154
62799 62841 262
62816 62835 217
62819 62822 82
62834 62836 78
62834 62854 165
62846 62883 37
62868 62901 159
62888 62901 160
62888 62890 283
62902 62917 217
62924 62925 279
62929 62972 235
62936 62946 179
62962 62965 294
62973 62997 292
62988 63026 123
63005 63043 137
63015 63058 173
63023 63058 165
63040 63080 199
63065 63104 43
63086 63104 157
63107 63150 39
63114 63145 32
63136 63144 261
63138 63146 178
63162 63165 73
63171 63194 43
63175 63180 276
63200 63204 45
63202 63210 278
63229 63236 110
63236 63279 2
63251 63262 126
63271 63286 3
63272 63277 41
63301 63351 131
63317 63345 239
63318 63325 270
63347 63356 88
63375 63406 188
63402 63418 229
63410 63440 239
63410 63432 227
63419 63433 166
63426 63444 2
63456 63506 147
63485 63523 57
63490 63514 158
63520 63535 75
63537 63548 85
63545 63546 172
63566 63592 87
63568 63584 5
63597 63632 5
63600 63637 35
63612 63630 79
63630 63678 282
63660 63708 95
63673 63687 195
63690 63715 197
63713 63753 92
63733 63757 120
63754 63787 34
63781 63827 237
63781 63808 295
63800 63825 108
63802 63812 142
63815 63833 10
63828 63839 59
63828 63875 199
63851 63883 234
63852 63875 169
63859 63860 280
63876 63885 90
63885 63922 137
63912 63924 226
63917 63953 139
63940 63975 287
63963 63996 158
63964 63980 79
63965 63995 130
63994 64009 246
64020 64024 240
64050 64057 205
64068 64069 102
64073 64114 111
64099 64131 267
64101 64147 292
64108 64122 241
64115 64124 186
64143 64164 198
64148 64172 162
64162 64196 249
64169 64189 188
64183 64205 79
64195 64208 126
64204 64205 71
64227 64247 52
64233 64247 33
64252 64261 152
64260 64265 240
64280 64304 90
64301 64322 249
64329 64362 117
64339 64344 71
64347 64362 33
64357 64358 50
64380 64384 125
64393 64435 194
64413 64460 180
64423 64440 248
64433 64435 195
64435 64476 233
64437 64452 64
64460 64494 176
64460 64480 45
64483 64499 141
64505 64533 40
64535 64581 79
64550 64556 75
64556 64576 128
64584 64621 134
64612 64621 95
64619 64636 192
64648 64690 120
64652 64659 27
64666 64673 189
64675 64714 107
64698 64734 281
64722 64771 260
64726 64738 61
64734 64739 198
64746 64789 49
64756 64806 81
64778 64800 173
64783 64791 139
64810 64857 86
64839 64880 84
64855 64876 240
64855 64868 138
64873 64895 7
64903 64936 174
64927 64959 285
64931 64974 77
64943 64986 16
64959 64995 193
64967 64999 149
64975 65001 285
64983 65021 136
64991 65041 194
65018 65027 94
65043 65064 117
65071 65116 268
65082 65115 13
65087 65107 100
65094 65142 74
65103 65127 106
65109 65122 79
65118 65159 89
65137 65166 151
65155 65194 275
65181 65225 256
65191 65210 70
65194 65223 215
65217 65220 214
65218 65264 220
65223 65229 256
65248 65271 258
65260 65287 100
65275 65305 49
65275 65319 160
65294 65333 289
65299 65326 70
65305 65348 179
65318 65336 219
65347 65357 138
65365 65408 56
65379 65412 246
65392 65432 247
65408 65456 229
65433 65480 159
65457 65491 19
65460 65478 30
65467 65468 266
65475 65520 217
65496 65521 4
65525 65542 53
65530 65552 160
65548 65560 79
65571 65612 273
65598 65644 106
65616 65629 187
65630 65670 205
65636 65672 210
65654 65704 198
65680 65728 80
65681 65695 54
65692 65696 276
65700 65725 229
65700 65726 208
65725 65742 20
65738 65771 239
65754 65797 43
65771 65802 7
65799 65821 9
65808 65845 65
65813 65823 201
65818 65857 186
65824 65839 49
65827 65858 237
65834 65855 38
65864 65910 155
65890 65937 127
65906 65909 24
65936 65955 53
65939 65982 106
65957 65973 156
65970 66019 185
65981 65989 272
66000 66048 4
66025 66032 147
66034 66068 63
66039 66041 52
66040 66078 273
66070 66088 197
66089 66115 293
66102 66125 268
66115 66163 83
66144 66160 96
66167 66175 130
66182 66198 87
66199 66219 167
66209 66239 2
66209 66248 49
66228 66276 91
66237 66265 34
66264 66296 162
66288 66327 100
66318 66350 15
66329 66335 50
66355 66379 219
66358 66392 194
66378 66413 276
66405 66419 237
66406 66435 144
66426 66465 142
66437 66448 52
66446 66479 297
66473 66516 283
66492 66510 221
66499 66531 62
66517 66538 287
66523 66554 288
66538 66559 178
66553 66593 201
66574 66586 117
66594 66602 22
66618 66622 246
66623 66665 224
66624 66653 19
66635 66668 17
66665 66672 247
66679 66729 58
66706 66745 266
66721 66756 188
66730 66744 212
66738 66782 291
66751 66756 70
66759 66763 139
66784 66818 75
66814 66851 204
66824 66833 274
66837 66872 292
66864 66894 183
66884 66929 6
66912 66937 279
66923 66960 27
66947 66963 62
66973 67001 2
66999 67041 81
67009 67026 111
67011 67025 278
67019 67059 72
67042 67050 131
67058 67079 271
67084 67123 178
67099 67135 180
67111 67123 211
67111 67114 35
67140 67151 199
67157 67177 119
67162 67167 121
67172 67217 257
67198 67228 93
67215 67263 70
67234 67263 102
67250 67274 278
67273 67316 182
67284 67289 62
67295 67342 267
67314 67334 49
67324 67346 150
67345 67367 161
67369 67387 201
67375 67412 13
67376 67385 151
67379 67385 219
67380 67406 181
67380 67398 141
67408 67435 258
67437 67470 275
67444 67490 119
67455 67502 111
67471 67484 119
67488 67507 107
67508 67557 149
67509 67525 231
67522 67526 238
67550 67587 214
67562 67587 133
67589 67610 202
67616 67618 294
67626 67650 63
67647 67660 70
67674 67716 114
67691 67718 235
67712 67715 153
67713 67742 4
67728 67732 14
67748 67773 252
67766 67774 295
67796 67835 57
67819 67831 298
67836 67865 81
67845 67884 86
67858 67888 69
67870 67914 60
67899 67905 249
67926 67951 200
67944 67974 295
67969 68007 291
67983 68024 285
67996 68044 116
68005 68028 9
68034 68044 89
68049 68054 184
68068 68100 183
68096 68121 84
68102 68103 127
68109 68138 169
68119 68168 161
68128 68165 162
68133 68180 279
68163 68201 42
68183 68227 184
68202 68226 155
68213 68234 35
68215 68233 131
68239 68286 92
68269 68275 223
68277 68283 255
68289 68299 206
68300 68306 111
68314 68354 52
68317 68326 35
68333 68383 249
68351 68362 261
68356 68390 165
68365 68367 216
68384 68401 145
68411 68427 296
68428 68444 260
68441 68457 134
68467 68482 188
68495 68505 182
68515 68555 97
68524 68551 293
68553 68562 12
68576 68578 215
68581 68616 160
68609 68630 49
68624 68655 19
68627 68664 229
68642 68667 201
68657 68662 177
68659 68705 294
68685 68707 186
68690 68732 112
68717 68751 36
68724 68757 232
68731 68781 152
68738 68752 47
68757 68804 153
68784 68821 248
68795 68839 127
68806 68827 224
68810 68811 175
68823 68845 297
68837 68855 295
68862 68889 194
68892 68917 265
68892 68932 132
68902 68932 299
68906 68934 296
68926 68960 78
68945 68967 104
68952 68996 209
68974 68997 163
68982 68996 192
69007 69025 82
69023 69061 278
69049 69086 42
69079 69123 300
69105 69125 74
69108 69119 130
69126 69168 124
69142 69165 68
69165 69205 147
69174 69207 21
69182 69208 29
69189 69233 27
69201 69233 236
69220 69248 122
69234 69241 38
69263 69303 11
69270 69300 220
69271 69295 239
69279 69290 190
69301 69337 67
69317 69319 43
69334 69345 40
69344 69369 6
69360 69368 202
69386 69393 38
69389 69427 117
69394 69440 278
69422 69450 22
69451 69497 111
69476 69503 179
69477 69505 157
69478 69508 285
69483 69510 39
69508 69541 156
69526 69544 31
69526 69532 148
69535 69569 166
69535 69577 275
69554 69578 22
69576 69614 4
69589 69624 44
69615 69642 259
69630 69640 158
69633 69668 2
69638 69642 129
69639 69681 29
69657 69674 239
69658 69693 136
69662 69683 17
69666 69689 292
69677 69691 161
69698 69736 274
69700 69707 42
69714 69744 185
69734 69748 267
69749 69773 149
69755 69797 228
69782 69812 60
69812 69813 26
69842 69890 214
69862 69864 276
69884 69908 175
69888 69889 62
69900 69903 252
69914 69921 272
69941 69947 94
69950 69977 269
69955 69959 65
69980 69985 152
69988 70002 184
69993 70008 53
70009 70057 202
70039 70080 81
70055 70090 25
70055 70086 204
70084 70122 103
70092 70097 61
70109 70134 283
70122 70164 214
70136 70160 257
70141 70167 37
70161 70200 277
70180 70190 241
70198 70220 165
70216 70225 253
70222 70269 252
70229 70268 101
70232 70263 245
70246 70262 223
70252 70293 175
70262 70293 19
70277 70279 191
70300 70329 52
70300 70306 130
70317 70347 245
70347 70392 62
70376 70391 120
70376 70413 77
70390 70440 100
70391 70417 112
70421 70455 141
70440 70452 140
70465 70485 27
70475 70521 295
70493 70535 208
70511 70531 276
70540 70549 121
70540 70545 175
70540 70577 95
70544 70568 252
70551 70600 109
70570 70610 25
70578 70580 116
70582 70589 283
70603 70610 201
70619 70650 74
70643 70691 18
70650 70654 106
70656 70684 18
70674 70715 261
70680 70715 54
70709 70718 175
70732 70740 175
70739 70780 15
70769 70780 118
70788 70794 78
70815 70864 96
70821 70866 108
70829 70866 99
70837 70856 243
70845 70873 72
70854 70864 190
70869 70883 86
70882 70903 56
70884 70930 284
70890 70931 154
70903 70928 84
70924 70926 247
70939 70947 256
70965 70986 85
70984 70986 3
71014 71032 203
71029 71055 218
71039 71068 282
71067 71082 109
71084 71104 82
71108 71143 222
71133 71173 23
71142 71190 8
71165 71191 79
71194 71224 83
71224 71244 188
71235 71273 282
71252 71257 288
71281 71318 256
71311 71328 235
71334 71339 103
71346 71394 10
71376 71392 282
71382 71411 17
71400 71434 122
71406 71419 149
71436 71461 204
71460 71478 138
71468 71479 58
71497 71542 195
71510 71514 162
71513 71562 23
71518 71543 161
71518 71552 63
71545 71568 225
71574 71590 70
71586 71599 205
71592 71600 7
71605 71609 193
71622 71654 73
71643 71688 230
71645 71695 117
71662 71663 212
71665 71709 178
71671 71699 145
71692 71701 136
71700 71709 71
71729 71741 42
71749 71763 225
71778 71807 223
71798 71819 105
71823 71862 92
71850 71880 279
71876 71923 280
71904 71915 196
71924 71957 24
71924 71939 122
71936 71941 293
71953 72000 291
71966 71983 209
71983 71989 182
72008 72038 102
72034 72072 113
72051 72072 228
72078 72081 104
72101 72146 109
72113 72125 250
72124 72134 240
72129 72177 18
72146 72183 209
72154 72174 227
72162 72172 81
72186 72231 286
72211 72256 296
72214 72219 201
72242 72245 90
72256 72276 175
72285 72300 235
72290 72293 142
72310 72328 144
72338 72345 112
72361 72371 229
72382 72407 43
72388 72415 121
72395 72402 120
72425 72458 65
72451 72488 74
72465 72495 74
72485 72504 69
72496 72517 82
72498 72501 298
72500 72529 140
72530 72565 26
72559 72569 120
72578 72609 278
72592 72634 137
72600 72635 22
72614 72658 23
72639 72663 188
72640 72662 205
72651 72658 24
72663 72706 43
72693 72711 120
72695 72733 103
72697 72723 125
72716 72756 93
72737 72764 220
72748 72790 93
72749 72764 164
72755 72770 247
72778 72822 167
72785 72804 102
72797 72798 193
72805 72815 101
72813 72860 179
72828 72873 164
72833 72848 182
72861 72874 258
72874 72888 281
72879 72906 58
72903 72938 111
72922 72929 45
72936 72965 171
72953 72968 71
72982 72986 1
72990 72999 152
73020 73057 19
73027 73033 55
73052 73065 284
73074 73104 275
73086 73113 259
73114 73118 286
73124 73167 89
73125 73146 287
73131 73155 196
73152 73199 120
73180 73215 67
73183 73199 240
73195 73219 146
73219 73240 210
73221 73251 80
73236 73262 297
73240 73288 89
73242 73254 36
73243 73288 29
73260 73286 209
73279 73293 163
73282 73310 8
73291 73328 265
73316 73318 151
73343 73386 274
73358 73374 26
73385 73423 78
73387 73422 256
73404 73432 9
73434 73458 206
73441 73482 148
73445 73468 80
73470 73473 37
73471 73495 108
73471 73520 225
73490 73518 273
73498 73520 143
73506 73555 176
73516 73535 62
73531 73560 34
73536 73559 114
73554 73594 15
73558 73571 246
73581 73624 129
73598 73620 124
73612 73651 250
73619 73633 144
73622 73647 267
73652 73674 293
73654 73655 105
73656 73675 50
73676 73700 130
73688 73735 287
73713 73740 5
73713 73729 168
73726 73746 67
73732 73779 87
73747 73767 202
73757 73790 72
73765 73805 246
73781 73821 147
73802 73846 115
73829 73878 201
73850 73874 65
73874 73895 26
73895 73936 60
73912 73956 218
73928 73940 122
73945 73946 224
73959 73970 22
73987 73994 218
73987 74037 65
73988 74010 19
74011 74025 198
74028 74078 256
74049 74081 229
74062 74065 95
74063 74075 164
74081 74090 47
74089 74138 11
74097 74136 269
74126 74127 121
74133 74171 99
74141 74162 115
74163 74188 35
74187 74228 119
74192 74208 124
74201 74206 105
74226 74235 266
74256 74281 176
74269 74301 71
74281 74325 10
74293 74303 125
74313 74333 53
74329 74379 232
74357 74407 64
74368 74398 102
74376 74400 241
74382 74385 263
74387 74408 110
74388 74418 256
74390 74423 232
74407 74440 155
74434 74484 212
74452 74479 294
74468 74501 235
