5000
28 56 75
58 95 151
70 74 279
79 109 138
96 107 119
125 152 203
147 188 20
168 208 284
172 196 272
200 228 74
228 231 153
242 258 232
255 271 81
267 271 136
280 289 261
308 356 187
318 342 103
346 381 34
376 405 257
389 439 44
417 454 111
424 467 151
448 462 290
470 512 269
471 503 15
476 516 205
487 502 25
504 554 227
522 523 213
545 589 150
570 577 31
593 641 24
594 599 21
596 645 83
612 630 138
642 687 253
660 701 220
666 690 262
672 713 43
682 730 68
697 698 143
700 746 11
721 747 112
726 750 62
748 780 67
756 802 282
756 761 231
786 803 289
810 829 156
810 853 217
821 857 127
846 855 88
865 890 259
889 908 287
890 904 130
891 895 192
913 931 153
927 974 143
938 952 219
961 974 246
964 980 14
975 1004 187
975 977 279
998 1016 51
1026 1063 171
1030 1067 44
1035 1081 249
1056 1068 122
1063 1093 56
1068 1076 78
1078 1112 48
1099 1102 205
1115 1157 242
1126 1142 88
1138 1168 62
1168 1199 99
1172 1177 113
1175 1223 230
1201 1245 289
1205 1242 87
1207 1210 210
1212 1222 156
1233 1263 247
1250 1280 10
1265 1276 72
1294 1303 69
1304 1312 105
1329 1378 48
1337 1361 207
1348 1363 255
1349 1360 67
1350 1379 88
1380 1409 93
1384 1424 118
1400 1440 255
1427 1437 294
1427 1456 101
1443 1481 118
1457 1458 278
1478 1479 19
1491 1497 291
1510 1547 32
1533 1562 39
1555 1601 134
1579 1612 184
1609 1637 237
1619 1641 276
1629 1673 10
1634 1639 94
1664 1703 121
1693 1709 209
1702 1739 244
1704 1728 33
1728 1756 24
1746 1793 61
1772 1780 282
1784 1821 7
1784 1822 132
1799 1834 230
1803 1813 269
1808 1846 36
1835 1882 200
1848 1887 266
1866 1885 257
1876 1899 80
1894 1929 267
1916 1941 40
1926 1966 191
1940 1974 288
1946 1979 161
1976 1996 284
2005 2050 97
2009 2040 185
2020 2046 26
2023 2054 201
2045 2091 83
2051 2067 294
2077 2118 12
2106 2147 278
2125 2169 142
2125 2136 147
2128 2143 155
2146 2176 125
2154 2204 152
2172 2195 60
2190 2214 17
2216 2263 106
2243 2270 271
2244 2256 147
2249 2262 33
2260 2308 281
2275 2318 258
2287 2295 133
2294 2295 96
2309 2336 220
2310 2349 269
2315 2346 82
2337 2365 264
2343 2384 139
2372 2399 275
2378 2407 299
2401 2405 78
2423 2444 296
2452 2466 100
2463 2504 117
2489 2515 230
2506 2515 264
2535 2580 87
2556 2591 132
2564 2572 14
2565 2604 28
2583 2602 104
2594 2610 210
2605 2625 273
2618 2662 273
2619 2665 160
2638 2659 290
2652 2697 173
2677 2710 265
2690 2708 82
2696 2717 180
2711 2730 2
2718 2748 267
2743 2750 5
2750 2783 274
2775 2808 9
2785 2833 231
2812 2842 242
2820 2822 218
2834 2841 265
2841 2850 279
2870 2915 135
2870 2916 141
2900 2950 114
2917 2935 258
2942 2967 121
2951 2966 175
2974 2985 155
2987 3007 265
2995 3035 82
3020 3021 33
3031 3033 1
3037 3066 210
3047 3072 55
3053 3083 181
3064 3083 34
3086 3128 159
3090 3112 68
3101 3128 113
3119 3124 63
3119 3157 181
3124 3155 225
3149 3159 38
3150 3156 174
3156 3191 198
3181 3229 75
3194 3208 131
3194 3234 206
3222 3263 145
3238 3257 257
3244 3289 198
3266 3289 48
3273 3282 265
3279 3315 278
3307 3328 244
3335 3354 31
3361 3393 98
3365 3397 103
3393 3420 83
3419 3462 58
3436 3456 180
3460 3464 166
3485 3513 87
3487 3520 130
3517 3563 57
3521 3558 174
3525 3533 60
3538 3568 233
3557 3569 74
3576 3586 87
3597 3608 134
3626 3665 183
3647 3669 278
3659 3674 120
3685 3734 29
3696 3708 166
3700 3750 254
3716 3757 265
3732 3736 37
3732 3780 170
3750 3792 12
3773 3819 156
3782 3809 35
3810 3835 28
3821 3845 8
3823 3867 292
3824 3827 195
3841 3882 71
3868 3881 266
3897 3915 17
3903 3917 217
3905 3951 212
3927 3960 206
3951 3973 234
3960 3962 170
3976 4018 247
3987 4035 203
3993 4006 47
4023 4028 254
4036 4070 185
4064 4087 160
4066 4100 183
4084 4120 50
4087 4129 14
4087 4123 86
4089 4131 146
4091 4115 83
4116 4154 101
4123 4161 234
4144 4159 136
4155 4167 149
4155 4196 67
4159 4162 158
4177 4204 29
4195 4229 126
4211 4214 12
4223 4263 278
4243 4247 111
4245 4284 36
4268 4295 255
4287 4303 252
4309 4351 188
4328 4345 87
4334 4384 129
4336 4360 40
4360 4387 118
4374 4395 187
4399 4445 171
4421 4457 266
4425 4474 27
4444 4472 257
4457 4494 39
4458 4493 261
4465 4481 24
4473 4517 147
4485 4490 102
4496 4526 88
4524 4554 58
4530 4543 130
4559 4574 28
4562 4584 119
4563 4577 107
4565 4586 179
4595 4604 3
4622 4643 236
4630 4673 215
4634 4671 218
4654 4677 10
4672 4707 27
4693 4735 45
4709 4726 148
4714 4755 272
4737 4780 34
4766 4786 169
4781 4823 234
4791 4828 252
4798 4825 141
4806 4844 210
4827 4857 222
4836 4847 208
4855 4868 89
4874 4913 104
4896 4918 190
4900 4920 248
4912 4923 163
4913 4926 256
4934 4951 284
4941 4977 206
4947 4977 164
4950 4951 18
4958 4993 22
4981 4988 74
5006 5052 230
5019 5034 77
5030 5038 300
5050 5060 232
5069 5082 25
5096 5104 22
5114 5122 1
5127 5136 12
5156 5195 291
5184 5220 133
5193 5229 210
5209 5233 164
5237 5279 237
5240 5259 6
5257 5265 175
5269 5293 121
5291 5309 279
5299 5329 161
5318 5342 160
5324 5328 92
5329 5331 276
5331 5379 77
5353 5399 159
5383 5418 167
5387 5392 72
5388 5415 153
5388 5393 217
5392 5428 253
5413 5423 2
5420 5429 169
5434 5457 39
5450 5464 262
5460 5500 152
5476 5485 11
5497 5504 67
5520 5560 8
5547 5565 53
5563 5572 165
5569 5611 24
5599 5606 254
5609 5628 217
5610 5650 92
5619 5653 142
5628 5664 16
5629 5631 287
5650 5670 19
5661 5680 254
5672 5675 292
5677 5688 255
5706 5749 189
5735 5771 206
5740 5785 155
5770 5800 126
5771 5794 27
5777 5827 112
5793 5815 155
5808 5816 198
5838 5874 107
5855 5892 198
5872 5922 198
5901 5931 263
5905 5935 69
5910 5938 71
5919 5967 96
5944 5983 250
5959 5993 298
5971 5988 193
5990 6037 34
6008 6043 263
6035 6055 179
6064 6085 284
6081 6085 42
6085 6127 69
6086 6097 161
6106 6140 185
6113 6128 293
6120 6145 130
6128 6149 21
6130 6168 70
6159 6194 99
6172 6182 186
6187 6199 253
6198 6213 299
6219 6249 218
6245 6251 107
6259 6260 182
6261 6277 123
6273 6311 208
6294 6339 64
6324 6350 253
6344 6351 99
6361 6375 124
6363 6381 188
6381 6421 268
6397 6415 52
6402 6418 67
6408 6434 185
6425 6438 298
6440 6468 86
6454 6499 142
6463 6475 112
6484 6491 164
6501 6507 82
6502 6543 97
6529 6543 238
6533 6554 272
6550 6564 216
6561 6590 7
6575 6613 178
6598 6607 104
6621 6655 227
6633 6669 1
6645 6680 249
6651 6685 186
6664 6713 195
6685 6715 230
6707 6755 233
6735 6746 142
6752 6783 151
6779 6785 84
6787 6794 67
6793 6835 102
6821 6838 217
6833 6866 59
6841 6887 20
6856 6885 236
6859 6909 261
6878 6881 88
6880 6911 26
6903 6928 272
6910 6919 166
6911 6940 99
6937 6985 208
6960 6971 244
6960 7009 214
6966 7011 199
6987 7015 31
7002 7050 229
7022 7050 280
7024 7072 127
7036 7063 285
7040 7058 20
7062 7096 51
7065 7112 228
7093 7107 179
7117 7166 56
7132 7168 221
7160 7206 55
7162 7210 217
7164 7201 247
7173 7195 147
7193 7242 195
7202 7245 14
7203 7217 177
7231 7264 274
7233 7276 18
7253 7281 268
7278 7321 259
7297 7335 159
7322 7353 101
7335 7376 50
7342 7344 270
7348 7352 114
7377 7409 118
7402 7433 143
7424 7454 45
7454 7504 80
7483 7522 26
7509 7541 282
7533 7543 143
7555 7593 277
7566 7616 203
7581 7611 63
7608 7637 229
7612 7621 181
7620 7653 21
7622 7635 170
7634 7650 130
7658 7661 173
7682 7714 47
7689 7692 205
7701 7745 158
7705 7719 27
7726 7775 101
7727 7767 241
7743 7762 91
7747 7790 39
7774 7813 19
7796 7815 30
7810 7811 24
7824 7829 127
7845 7862 33
7851 7869 19
7880 7905 31
7894 7927 145
7920 7969 268
7942 7991 31
7962 8008 138
7975 7997 292
7989 8026 235
7999 8027 143
8004 8028 91
8028 8038 22
8040 8052 263
8060 8063 63
8076 8104 192
8103 8105 163
8127 8129 168
8127 8129 20
8157 8184 69
8173 8200 71
8177 8202 251
8206 8218 250
8227 8277 254
8256 8265 259
8278 8302 87
8283 8287 224
8311 8342 26
8323 8340 221
8351 8395 142
8357 8359 278
8385 8434 114
8408 8432 168
8412 8453 266
8424 8451 300
8429 8443 196
8447 8458 183
8449 8483 291
8456 8481 177
8469 8517 77
8481 8490 247
8507 8532 88
8514 8521 246
8516 8528 281
8534 8559 46
8539 8580 65
8555 8578 36
8563 8592 274
8592 8616 260
8599 8615 272
8612 8642 57
8632 8679 239
8639 8684 223
8642 8687 174
8666 8680 190
8681 8719 4
8693 8701 126
8698 8733 163
8716 8766 80
8716 8736 35
8724 8730 109
8726 8769 72
8738 8776 110
8741 8773 50
8752 8782 89
8755 8774 286
8760 8766 176
8781 8789 46
8811 8859 166
8840 8883 272
8863 8867 202
8880 8919 197
8896 8941 167
8916 8955 170
8932 8963 201
8960 9001 147
8981 9018 299
9006 9043 294
9007 9013 74
9020 9057 87
9047 9097 216
9075 9112 83
9094 9129 234
9115 9116 13
9143 9163 288
9171 9208 236
9198 9234 188
9225 9237 38
9247 9251 85
9257 9283 231
9260 9300 277
9286 9328 262
9289 9331 145
9292 9298 42
9299 9327 23
9307 9345 297
9335 9344 169
9336 9362 119
9339 9376 293
9355 9358 226
9358 9407 196
9374 9399 295
9403 9437 265
9419 9421 3
9449 9495 6
9470 9503 268
9474 9497 10
9474 9508 296
9495 9539 222
9495 9534 158
9521 9525 163
9546 9596 283
9553 9567 1
9563 9570 175
9573 9583 158
9588 9605 137
9615 9632 248
9632 9664 164
9648 9651 188
9664 9669 51
9687 9706 36
9708 9754 25
9732 9756 107
9751 9782 131
9751 9790 296
9771 9786 234
9784 9785 253
9807 9850 56
9820 9860 137
9829 9837 112
9857 9890 298
9867 9895 178
9884 9887 140
9904 9907 215
9934 9969 92
9958 9994 157
9987 10012 201
9996 10006 65
10026 10031 68
10037 10057 105
10066 10116 47
10080 10094 229
10092 10137 75
10121 10145 153
10150 10182 27
10175 10186 263
10202 10236 151
10218 10249 180
10237 10240 189
10242 10260 43
10259 10278 166
10263 10282 36
10276 10296 34
10284 10286 161
10310 10311 69
10336 10351 190
10366 10381 41
10395 10434 122
10422 10433 252
10431 10446 63
10433 10480 65
10445 10481 93
10448 10468 144
10449 10474 199
10455 10485 166
10464 10489 221
10472 10514 292
10473 10514 32
10486 10489 8
10504 10527 64
10524 10568 280
10538 10582 196
10562 10605 8
10580 10601 286
10597 10630 96
10608 10646 5
10626 10638 75
10630 10657 152
10660 10670 84
10678 10713 285
10686 10717 77
10703 10736 234
10713 10729 100
10724 10768 186
10728 10746 80
10730 10751 33
10758 10763 131
10765 10810 74
10767 10814 124
10794 10827 193
10801 10844 226
10814 10857 273
10824 10825 46
10846 10896 17
10852 10864 87
10865 10879 265
10890 10923 299
10893 10929 17
10913 10923 175
10935 10968 267
10941 10956 57
10964 10994 31
10975 11000 234
10978 10995 66
11006 11029 87
11033 11048 187
11047 11056 105
11060 11078 134
11083 11102 52
11100 11136 241
11113 11127 161
11134 11165 51
11147 11160 142
11173 11180 56
11190 11198 69
11195 11227 268
11201 11228 291
11213 11256 89
11228 11237 161
11230 11232 159
11248 11266 229
11278 11318 267
11307 11350 195
11320 11346 178
11341 11371 195
11367 11396 273
11387 11418 158
11391 11414 142
11396 11421 188
11409 11433 13
11415 11424 134
11426 11471 113
11444 11493 32
11468 11469 1
11490 11512 258
11505 11513 200
11514 11563 84
11540 11582 80
11556 11600 229
11556 11599 26
11575 11623 249
11582 11588 197
11600 11611 201
11604 11616 132
11619 11655 26
11638 11663 108
11665 11677 117
11669 11679 232
11686 11711 135
11690 11693 269
11714 11728 33
11735 11777 232
11738 11740 73
11738 11786 94
11760 11806 136
11790 11792 113
11805 11807 269
11805 11841 280
11810 11855 271
11816 11852 93
11831 11865 215
11839 11868 262
11843 11880 52
11862 11907 176
11875 11914 251
11903 11948 223
11932 11970 269
11940 11969 135
11951 11957 103
11952 11969 179
11967 11997 196
11985 12029 109
11998 12007 73
12022 12070 153
12030 12052 172
12054 12094 175
12081 12087 27
12092 12142 155
12102 12128 252
12117 12147 80
12143 12148 185
12150 12165 136
12180 12186 59
12206 12248 38
12231 12263 298
12247 12253 7
12277 12296 157
12286 12325 151
12293 12307 271
12301 12337 132
12304 12315 3
12316 12364 292
12346 12363 86
12362 12379 71
12366 12414 57
12392 12436 296
12417 12433 300
12438 12476 46
12461 12472 222
12467 12501 293
12487 12515 108
12488 12533 85
12507 12516 112
12529 12535 171
12546 12558 70
12574 12611 128
12592 12633 113
12602 12643 197
12618 12656 136
12622 12648 61
12623 12651 135
12639 12659 295
12645 12688 139
12651 12669 92
12672 12682 229
12696 12714 247
12714 12730 218
12726 12747 175
12746 12790 202
12769 12773 266
12796 12802 275
12809 12843 198
12835 12851 243
12863 12874 165
12871 12884 136
12889 12906 201
12891 12926 11
12903 12941 294
12927 12936 81
12940 12971 31
12952 12977 102
12979 13000 35
12994 13030 197
12998 13021 111
12999 13032 274
13028 13055 273
13051 13079 134
13081 13116 19
13111 13112 216
13119 13124 81
13123 13169 274
13153 13189 21
13169 13195 189
13183 13230 86
13210 13241 197
13220 13229 43
13244 13293 23
13252 13270 290
13277 13289 19
13297 13318 2
13326 13334 158
13340 13388 13
13364 13374 293
13365 13405 208
13386 13436 51
13397 13400 165
13400 13443 8
13424 13469 240
13437 13450 264
13453 13456 102
13456 13464 134
13463 13513 119
13492 13494 217
13504 13522 14
13506 13524 98
13509 13552 297
13539 13553 246
13547 13591 7
13551 13594 19
13580 13615 36
13581 13607 108
13581 13626 103
13585 13597 210
13595 13642 276
13609 13625 46
13617 13663 93
13625 13635 51
13641 13648 127
13662 13707 251
13680 13713 275
13693 13740 103
13693 13728 123
13715 13751 34
13741 13776 121
13771 13820 275
13794 13817 221
13797 13798 236
13810 13831 226
13828 13872 23
13840 13845 252
13850 13874 33
13857 13890 149
13859 13876 180
13882 13920 266
13890 13910 190
13905 13930 209
13923 13964 76
13930 13958 112
13945 13946 277
13947 13963 293
13974 13981 42
13984 14005 238
14008 14047 209
14021 14029 10
14035 14076 57
14049 14054 131
14064 14091 215
14081 14121 221
14086 14103 172
14089 14130 223
14101 14121 183
14108 14132 142
14117 14145 115
14136 14160 109
14165 14200 243
14185 14210 160
14204 14234 126
14222 14237 251
14226 14256 76
14254 14285 41
14272 14293 226
14288 14303 220
14318 14347 28
14347 14392 272
14376 14410 78
14382 14428 4
14399 14437 187
14405 14432 150
14417 14428 116
14436 14480 5
14464 14477 240
14467 14511 240
14467 14468 213
14481 14525 261
14503 14532 137
14518 14560 131
14545 14549 141
14554 14557 217
14555 14600 61
14561 14583 254
14584 14589 168
14594 14600 106
14610 14652 125
14634 14654 254
14655 14665 159
14678 14716 291
14697 14705 294
14721 14743 76
14736 14755 184
14760 14806 181
14787 14819 93
14792 14808 190
14819 14842 84
14834 14846 224
14849 14850 291
14878 14920 246
14899 14920 121
14902 14904 104
14919 14931 96
14930 14943 210
14957 14969 62
14977 15003 211
14998 15014 176
15024 15047 91
15031 15075 117
15034 15046 5
15058 15063 58
15071 15082 60
15076 15085 151
15094 15098 294
15097 15124 1
15098 15140 268
15116 15125 178
15119 15169 56
15121 15139 300
15146 15163 115
15155 15200 275
15158 15183 182
15175 15220 5
15178 15208 171
15178 15220 18
15178 15190 70
15204 15220 27
15220 15262 20
15242 15245 208
15245 15267 272
15256 15290 59
15284 15305 261
15296 15309 35
15319 15347 261
15329 15352 286
15355 15391 122
15366 15397 298
15389 15421 167
15404 15423 282
15421 15441 148
15445 15484 50
15452 15496 198
15458 15488 240
15487 15502 83
15512 15517 185
15526 15547 220
15528 15531 240
15545 15577 77
15569 15602 184
15588 15626 215
15616 15653 273
15623 15647 181
15632 15666 149
15650 15662 26
15676 15679 141
15691 15716 236
15698 15706 144
15705 15738 75
15726 15754 237
15739 15771 198
15739 15750 160
15759 15763 235
15768 15817 175
15782 15802 149
15801 15842 109
15829 15865 252
15833 15847 30
15841 15843 57
15852 15893 175
15860 15905 134
15890 15924 270
15918 15961 12
15945 15975 238
15960 15983 280
15964 15988 207
15983 16029 250
15988 16007 124
16004 16025 261
16027 16066 231
16034 16052 18
16036 16058 177
16062 16066 149
16074 16108 142
16082 16101 237
16085 16121 72
16096 16121 239
16124 16149 96
16139 16159 11
16149 16151 202
16158 16177 42
16176 16220 253
16181 16223 6
16184 16191 202
16201 16204 184
16202 16212 181
16227 16233 58
16231 16250 82
16257 16275 298
16257 16263 180
16283 16321 99
16309 16327 237
16310 16320 46
16327 16348 80
16342 16391 182
16345 16355 247
16366 16391 85
16395 16401 98
16395 16420 139
16422 16430 291
16432 16434 193
16433 16462 69
16449 16469 123
16473 16506 269
16479 16493 146
16495 16541 132
16518 16536 268
16529 16541 281
16554 16584 190
16554 16594 149
16566 16589 26
16577 16602 246
16584 16628 265
16590 16593 215
16603 16621 85
16623 16660 36
16650 16677 214
16680 16689 257
16687 16691 186
16691 16739 75
16714 16730 281
16728 16742 74
16728 16730 29
16753 16785 129
16770 16786 89
16780 16792 7
16807 16815 205
16819 16840 79
16841 16878 278
16856 16900 55
16883 16888 199
16906 16911 230
16909 16919 127
16911 16918 159
16932 16947 115
16943 16968 182
16949 16983 212
16978 16980 175
16978 17012 268
16994 17038 165
17013 17061 49
17042 17056 262
17063 17097 89
17071 17091 40
17081 17088 72
17094 17101 288
17103 17134 100
17121 17140 278
17125 17172 94
17151 17185 63
17176 17206 4
17202 17249 34
17202 17203 78
17203 17216 164
17231 17273 42
17250 17260 2
17278 17324 225
17293 17303 52
17301 17337 167
17321 17368 21
17333 17381 37
17333 17344 179
17357 17406 124
17358 17371 50
17368 17375 291
17380 17392 85
17401 17409 273
17413 17449 227
17427 17446 54
17454 17458 150
17469 17495 299
17488 17527 150
17494 17511 128
17509 17551 60
17532 17553 269
17532 17563 162
17538 17568 67
17562 17602 162
17566 17603 291
17577 17615 136
17605 17627 7
17625 17649 170
17633 17665 152
17642 17662 230
17660 17672 114
17660 17691 24
17664 17685 201
17679 17696 233
17686 17720 260
17710 17723 56
17733 17747 136
17749 17753 283
17765 17777 45
17793 17839 159
17812 17843 219
17838 17857 276
17843 17872 159
17862 17887 166
17866 17867 244
17878 17902 166
17905 17951 6
17914 17944 60
17944 17967 215
17950 17980 186
17950 17995 120
17976 18008 133
17985 18025 256
17991 18038 21
18015 18033 239
18015 18051 17
18021 18028 180
18032 18077 100
18054 18063 181
18058 18089 35
18074 18119 220
18081 18121 61
18091 18123 197
18096 18128 3
18121 18149 225
18132 18180 297
18152 18159 283
18180 18185 265
18203 18230 233
18232 18236 68
18238 18254 222
18257 18292 235
18259 18283 13
18259 18275 103
18262 18293 114
18283 18296 32
18305 18347 211
18306 18315 106
18326 18355 78
18349 18376 9
18349 18393 122
18361 18371 117
18379 18397 255
18390 18400 75
18391 18428 233
18420 18470 255
18440 18482 225
18445 18489 101
18468 18477 72
18487 18521 30
18507 18548 234
18522 18558 187
18542 18551 11
18556 18579 251
18582 18608 108
18595 18635 177
18613 18653 263
18618 18648 160
18634 18678 121
18646 18668 133
18651 18667 108
18669 18685 82
18675 18714 103
18688 18725 234
18718 18734 27
18721 18771 93
18750 18768 280
18775 18785 6
18795 18817 240
18809 18849 204
18825 18829 2
18852 18868 227
18881 18918 31
18887 18926 259
18904 18923 155
18911 18931 18
18935 18939 210
18963 18989 168
18966 18993 291
18975 18976 248
19002 19035 76
19026 19066 190
19049 19073 61
19053 19067 104
19062 19065 94
19087 19110 253
19114 19153 235
19135 19177 150
19140 19169 155
19165 19213 80
19171 19175 123
19185 19196 2
19214 19258 298
19241 19249 276
19249 19288 48
19252 19279 123
19272 19277 79
19279 19316 102
19286 19314 222
19298 19303 236
19327 19357 75
19328 19331 33
19352 19368 55
19380 19413 80
19402 19440 37
19411 19436 127
19436 19464 239
19447 19491 284
19464 19491 284
19471 19489 72
19493 19536 59
19510 19552 35
19534 19566 99
19544 19549 188
19570 19599 59
19582 19609 288
19602 19635 15
19631 19664 250
19645 19656 129
19660 19673 159
19662 19690 26
19662 19669 33
19682 19707 8
19699 19701 140
19703 19736 283
19731 19743 3
19755 19776 194
19757 19797 165
19782 19828 229
19810 19857 21
19810 19815 21
19835 19878 236
19863 19899 136
19890 19926 116
19890 19905 298
19892 19920 236
19895 19900 30
19923 19958 5
19924 19925 245
19938 19950 208
19960 20001 176
19980 19995 233
19981 19987 155
19993 20001 128
20015 20034 48
20023 20024 112
20038 20070 4
20042 20055 256
20043 20052 25
20070 20093 91
20092 20138 298
20109 20139 256
20114 20141 263
20132 20162 104
20139 20188 3
20150 20151 239
20161 20197 61
20174 20194 207
20203 20209 170
20205 20254 243
20222 20259 15
20229 20238 282
20229 20255 188
20246 20262 9
20249 20284 143
20277 20289 50
20279 20316 35
20291 20297 156
20291 20331 34
20306 20311 150
20310 20343 184
20322 20366 252
20343 20353 215
20345 20378 277
20350 20386 250
20365 20369 234
20365 20381 148
20365 20409 269
20371 20420 284
20375 20417 6
20391 20431 2
20407 20442 100
20434 20476 204
20460 20464 296
20461 20466 174
20470 20481 125
20487 20510 230
20500 20525 39
20505 20514 297
20525 20574 40
20534 20558 50
20560 20579 254
20581 20627 13
20599 20600 218
20616 20635 240
20631 20646 18
20634 20655 17
20658 20695 108
20658 20672 222
20681 20688 146
20707 20750 75
20716 20757 270
20746 20767 24
20775 20789 122
20802 20830 242
20818 20854 170
20829 20849 292
20838 20843 70
20862 20906 115
20881 20918 191
20894 20924 264
20910 20933 281
20936 20973 179
20955 20970 181
20982 21016 40
20983 20999 133
20989 21031 259
20995 21011 286
21025 21051 119
21033 21080 29
21045 21046 125
21061 21073 181
21064 21107 192
21068 21116 211
21082 21125 4
21094 21102 33
21115 21128 20
21121 21141 164
21129 21154 48
21140 21176 260
21164 21210 230
21167 21203 287
21189 21236 275
21219 21255 209
21222 21255 62
21225 21275 45
21229 21264 198
21229 21250 251
21236 21254 238
21243 21247 150
21256 21268 33
21264 21288 286
21289 21312 126
21310 21311 39
21314 21356 237
21329 21352 224
21358 21390 223
21388 21406 141
21404 21433 149
21415 21459 139
21432 21446 5
21454 21502 208
21470 21519 178
21489 21511 53
21509 21554 236
21535 21565 299
21546 21553 284
21570 21577 286
21576 21598 258
21593 21623 154
21597 21641 149
21608 21656 10
21625 21667 252
21636 21684 259
21648 21693 8
21648 21670 214
21653 21678 251
21672 21718 58
21702 21728 248
21702 21740 122
21716 21746 113
21721 21742 297
21728 21772 236
21732 21736 115
21743 21782 58
21770 21798 216
21780 21795 91
21808 21856 11
21834 21842 198
21849 21865 272
21864 21897 158
21890 21935 39
21892 21895 181
21911 21930 34
21928 21953 46
21944 21974 270
21973 22014 20
21984 21986 154
21998 22029 83
22006 22055 247
22017 22046 287
22037 22054 90
22039 22058 273
22059 22069 182
22061 22068 109
22076 22101 254
22093 22121 297
22104 22115 6
22130 22162 60
22140 22157 265
22148 22175 260
22173 22175 154
22182 22208 98
22208 22228 83
22230 22258 245
22233 22245 192
22257 22291 272
22262 22294 67
22264 22266 165
22287 22295 157
22306 22308 3
22329 22331 164
22359 22366 25
22377 22425 198
22381 22421 287
22406 22414 272
22410 22429 106
22423 22430 132
22424 22466 112
22429 22461 102
22459 22476 121
22460 22464 250
22490 22511 222
22493 22518 129
22496 22519 53
22517 22544 95
22525 22560 91
22538 22556 9
22546 22591 75
22561 22607 14
22573 22619 226
22582 22622 288
22593 22636 152
22610 22636 45
22630 22666 138
22633 22673 242
22643 22667 50
22669 22676 13
22677 22678 140
22683 22703 172
22698 22710 91
22725 22728 290
22740 22750 232
22761 22782 53
22786 22794 205
22809 22815 98
22822 22862 4
22846 22872 238
22867 22894 67
22887 22926 158
22908 22955 111
22914 22920 85
22924 22961 15
22937 22948 22
22964 22988 105
22986 23014 189
22990 22998 7
22994 22995 294
23016 23018 203
23037 23054 123
23047 23095 24
23076 23099 140
23097 23134 111
23107 23124 179
23132 23148 60
23154 23187 273
23176 23213 287
23205 23243 210
23227 23260 93
23248 23294 168
23266 23284 123
23289 23316 53
23294 23298 289
23299 23337 163
23308 23314 188
23329 23352 201
23337 23360 199
23360 23368 197
23375 23415 232
23390 23396 245
23390 23393 131
23420 23463 242
23444 23456 256
23461 23479 188
23471 23482 300
23490 23528 227
23504 23506 289
23509 23512 137
23536 23539 288
23552 23588 93
23579 23622 188
23595 23635 77
23617 23635 95
23627 23651 266
23644 23679 82
23659 23693 45
23689 23737 41
23719 23723 156
23741 23767 149
23758 23796 258
23779 23797 206
23806 23815 22
23812 23845 219
23828 23875 300
23858 23867 72
23862 23900 146
23880 23905 121
23904 23941 241
23916 23928 70
23919 23963 189
23943 23989 90
23957 23997 84
23972 23989 173
24000 24038 235
24000 24003 245
24025 24028 274
24050 24087 102
24072 24084 72
24094 24117 52
24111 24143 238
24136 24146 135
24160 24198 245
24166 24208 23
24189 24218 156
24190 24228 125
24214 24261 196
24235 24280 281
24250 24273 88
24252 24273 274
24255 24261 53
24263 24283 39
24285 24296 202
24300 24337 162
24329 24362 232
24330 24370 166
24338 24373 137
24354 24402 207
24363 24410 213
24373 24377 119
24400 24449 176
24411 24435 23
24430 24479 39
24432 24482 279
24438 24442 160
24446 24456 120
24459 24464 13
24486 24504 154
24505 24523 31
24514 24542 249
24534 24577 91
24561 24581 211
24579 24626 30
24597 24634 213
24618 24627 153
24637 24639 209
24666 24685 290
24673 24682 19
24683 24725 213
24711 24721 188
24727 24728 63
24747 24756 197
24756 24785 34
24774 24817 249
24776 24819 33
24779 24786 20
24803 24809 32
24818 24834 299
24843 24856 271
24858 24900 173
24865 24866 147
24879 24929 71
24909 24929 193
24938 24980 223
24960 24977 170
24972 24998 293
24994 25007 225
24994 25009 299
25009 25048 154
25032 25069 35
25048 25063 265
25052 25088 298
25073 25102 70
25100 25147 190
25121 25154 100
25122 25147 198
25127 25137 272
25147 25175 119
25171 25184 83
25192 25232 206
25217 25239 176
25228 25267 184
25232 25264 64
25240 25242 96
25261 25308 71
25278 25287 171
25288 25331 164
25305 25337 287
25315 25320 101
25337 25376 285
25341 25344 220
25358 25362 259
25387 25418 132
25396 25434 80
25423 25446 50
25439 25466 292
25453 25478 287
25457 25484 168
25475 25476 120
25495 25514 252
25505 25519 235
25519 25566 90
25527 25568 103
25553 25564 9
25574 25586 137
25584 25629 41
25596 25625 217
25610 25637 55
25620 25666 249
25637 25672 4
25658 25702 207
25681 25730 49
25692 25713 51
25718 25732 3
25741 25753 110
25771 25810 44
25789 25808 120
25807 25822 120
25809 25829 181
25822 25831 240
25829 25859 113
25850 25884 217
25880 25902 206
25890 25898 242
25903 25916 126
25903 25931 257
25911 25937 133
25939 25942 30
25953 25969 79
25971 26014 100
25978 26023 7
25995 26031 115
26020 26035 229
26023 26064 210
26038 26046 283
26050 26099 221
26069 26084 236
26084 26119 251
26098 26120 77
26100 26148 150
26102 26152 222
26121 26122 194
26134 26175 221
26149 26197 68
26160 26173 244
26171 26190 273
26193 26226 193
26197 26227 230
26198 26233 205
26205 26212 23
26218 26255 140
26242 26272 14
26260 26272 169
26274 26301 75
26283 26290 287
26289 26328 46
26312 26329 187
26316 26352 281
26328 26371 193
26340 26348 94
26341 26375 33
26362 26366 284
26378 26391 46
26396 26415 125
26412 26450 20
26435 26454 84
26438 26488 48
26448 26456 108
26474 26505 69
26482 26503 145
26489 26508 133
26507 26537 167
26509 26532 299
26539 26542 219
26565 26572 216
26587 26604 258
26599 26625 50
26607 26631 24
26635 26679 297
26651 26685 238
26663 26682 201
26664 26673 77
26678 26725 76
26699 26719 63
26708 26711 163
26732 26772 24
26753 26800 265
26758 26788 23
26779 26787 191
26801 26829 146
26804 26812 239
26805 26843 125
26818 26863 115
26830 26845 254
26860 26909 134
26879 26888 228
26901 26912 220
26925 26931 6
26944 26985 143
26945 26965 71
26974 27002 79
26995 27033 192
27022 27067 176
27029 27065 263
27042 27061 299
27057 27102 182
27063 27104 218
27090 27139 236
27119 27130 88
27149 27193 35
27152 27185 198
27170 27176 12
27173 27197 151
27182 27210 219
27192 27234 189
27205 27227 48
27213 27239 284
27213 27236 202
27215 27262 275
27244 27247 72
27265 27268 130
27287 27301 107
27307 27348 240
27324 27338 281
27325 27357 207
27333 27342 55
27333 27374 81
27361 27393 260
27375 27404 186
27388 27414 271
27418 27423 104
27434 27436 268
27460 27466 291
27467 27516 38
27491 27499 245
27503 27506 125
27526 27553 18
27548 27560 284
27570 27587 154
27592 27634 70
27600 27647 88
27627 27665 20
27629 27669 55
27654 27661 2
27683 27733 178
27688 27718 285
27714 27725 79
27716 27727 277
27723 27748 186
27753 27799 256
27776 27822 211
27791 27830 139
27794 27827 72
27818 27825 266
27848 27853 287
27849 27888 98
27858 27865 238
27883 27910 96
27899 27918 289
27917 27967 84
27920 27958 216
27939 27980 76
27945 27975 169
27971 27973 197
27990 28039 64
28010 28017 118
28019 28063 1
28046 28060 185
28053 28054 115
28054 28078 172
28063 28084 196
28071 28083 154
28094 28100 267
28108 28130 300
28121 28137 144
28146 28168 83
28151 28198 78
28151 28189 163
28161 28168 60
28163 28180 124
28191 28223 237
28193 28229 63
28218 28252 204
28244 28276 104
28249 28279 175
28259 28280 183
28286 28304 11
28296 28297 41
28299 28334 136
28313 28358 79
28325 28370 145
28334 28338 127
28357 28362 38
28362 28380 235
28392 28412 8
28414 28459 107
28421 28452 114
28433 28472 62
28459 28501 121
28468 28515 151
28497 28502 71
28508 28547 77
28519 28556 47
28542 28573 226
28566 28606 36
28566 28588 282
28589 28594 171
28603 28636 167
28619 28621 30
28628 28636 115
28652 28696 250
28657 28662 231
28669 28670 143
28697 28700 230
28709 28743 16
28722 28741 119
28733 28755 81
28742 28755 182
28750 28753 193
28768 28782 183
28776 28800 236
28786 28823 159
28799 28824 195
28807 28819 112
28835 28877 201
28862 28901 187
28885 28918 71
28907 28942 280
28926 28955 159
28934 28974 273
28936 28967 167
28962 28995 135
28964 29004 156
28976 28988 81
28979 29015 209
28985 29022 82
28989 29010 185
29012 29027 33
29037 29067 55
29038 29048 101
29055 29079 88
29081 29103 264
29111 29139 286
29138 29149 15
29157 29175 3
29162 29207 113
29165 29203 145
29183 29188 264
29206 29234 102
29209 29232 232
29215 29229 212
29239 29287 176
29257 29307 5
29257 29275 238
29283 29293 39
29311 29313 44
29332 29344 236
29355 29373 153
29380 29411 284
29393 29432 1
29399 29432 91
29399 29438 214
29424 29448 219
29437 29472 109
29466 29516 75
29493 29496 284
29505 29549 283
29513 29553 9
29514 29547 295
29541 29551 98
29552 29578 97
29554 29591 91
29572 29575 198
29581 29624 168
29585 29593 110
29606 29608 171
29635 29665 147
29660 29692 274
29666 29700 23
29679 29682 37
29679 29682 13
29693 29740 94
29693 29731 212
29698 29734 183
29708 29745 143
29719 29757 178
29744 29766 245
29757 29807 223
29757 29780 132
29773 29791 53
29801 29833 95
29805 29810 247
29830 29879 94
29859 29881 284
29874 29914 79
29891 29906 201
29917 29918 253
29918 29935 287
29932 29959 27
29950 29967 75
29980 30019 70
30003 30043 30
30018 30027 15
30021 30065 82
30037 30063 110
30045 30046 157
30047 30068 229
30055 30056 166
30079 30124 45
30100 30120 49
30102 30107 73
30119 30140 191
30134 30154 186
30164 30201 28
30189 30201 155
30205 30222 239
30222 30228 33
30227 30236 165
30248 30275 296
30266 30310 137
30288 30320 233
30297 30335 227
30301 30351 84
30331 30345 297
30350 30378 19
30373 30393 24
30401 30410 273
30429 30450 5
30453 30491 239
30457 30506 276
30462 30475 123
30490 30495 170
30510 30511 214
30523 30542 273
30527 30571 60
30554 30569 280
30578 30628 127
30589 30595 65
30605 30641 86
30624 30667 139
30650 30692 60
30680 30710 5
30710 30743 164
30712 30755 170
30737 30752 278
30764 30805 192
30779 30786 220
30804 30853 191
30825 30863 294
30828 30849 82
30832 30841 215
30839 30845 274
30852 30879 91
30876 30887 291
30895 30915 7
30896 30927 103
30897 30938 29
30901 30931 234
30904 30934 294
30920 30921 141
30948 30971 115
30959 30989 134
30973 30995 243
30984 31012 243
31003 31050 28
31012 31030 208
31026 31038 158
31028 31047 112
31035 31055 131
31047 31071 281
31053 31092 18
31054 31097 165
31082 31113 189
31100 31120 130
31113 31156 265
31129 31136 239
31158 31198 32
31177 31226 12
31177 31219 270
31204 31240 234
31221 31247 180
31240 31274 23
31255 31275 139
31257 31303 225
31269 31302 83
31299 31330 13
31328 31345 146
31339 31389 117
31347 31377 146
31352 31361 205
31370 31412 130
31382 31408 285
31388 31413 176
31411 31429 71
31431 31461 49
31460 31471 144
31485 31490 222
31507 31550 216
31513 31526 77
31523 31570 153
31547 31551 266
31566 31588 187
31568 31577 213
31574 31588 276
31584 31601 300
31585 31591 238
31594 31627 122
31606 31655 66
31611 31632 251
31620 31642 238
31634 31658 254
31638 31658 205
31646 31683 179
31652 31661 253
31667 31698 206
31685 31701 144
31706 31737 99
31728 31775 99
31741 31787 192
31750 31797 6
31779 31802 75
31796 31806 118
31822 31868 283
31844 31860 6
31846 31850 118
31847 31867 289
31861 31862 34
31866 31878 133
31886 31890 280
31899 31949 255
31904 31935 97
31928 31950 117
31933 31973 138
31956 31984 210
31960 32002 113
31963 31993 79
31968 31985 103
31989 31994 249
32016 32045 273
32031 32077 195
32054 32099 145
32081 32102 203
32090 32126 297
32117 32165 135
32117 32143 109
32128 32150 60
32150 32175 167
32153 32202 100
32155 32203 153
32160 32192 289
32180 32211 211
32205 32240 200
32226 32243 233
32228 32240 190
32240 32289 116
32250 32299 13
32265 32284 166
32292 32330 116
32316 32321 177
32320 32337 230
32340 32383 26
32361 32390 110
32391 32397 43
32397 32436 216
32420 32421 166
32427 32436 168
32453 32464 44
32472 32506 266
32488 32521 276
32502 32546 106
32528 32535 63
32551 32590 88
32558 32565 46
32582 32612 84
32605 32643 138
32623 32670 158
32643 32677 166
32668 32683 194
32685 32707 39
32711 32718 102
32713 32724 154
32733 32780 37
32736 32763 227
32739 32781 45
32757 32776 293
32776 32784 41
32806 32842 89
32815 32823 260
32841 32870 288
32868 32912 170
32896 32911 87
32897 32916 259
32901 32937 269
32927 32960 246
32953 32993 180
32983 32987 110
33012 33059 210
33040 33055 80
33059 33098 45
33074 33090 125
33097 33114 109
33102 33122 144
33109 33157 200
33127 33167 96
33151 33192 204
33159 33192 6
33167 33195 37
33195 33198 159
33203 33222 300
33209 33228 180
33238 33241 222
33252 33263 298
33261 33308 279
33276 33280 274
33288 33338 167
33289 33327 203
33307 33320 296
33336 33349 113
33338 33380 193
33345 33365 290
33355 33358 106
33381 33423 127
33388 33402 31
33398 33401 132
33398 33411 12
33411 33422 103
33436 33464 181
33446 33483 59
33447 33454 252
33453 33499 204
33457 33458 225
33484 33523 210
33489 33499 219
33508 33524 258
33518 33550 197
33536 33576 268
33555 33590 231
33578 33596 83
33586 33591 167
33602 33624 124
33631 33666 72
33650 33671 196
33669 33707 78
33692 33698 43
33703 33728 203
33703 33744 214
33713 33751 80
33723 33750 135
33747 33755 153
33771 33798 298
33781 33821 138
33792 33809 293
33822 33870 162
33840 33860 156
33853 33889 179
33857 33886 110
33884 33913 6
33904 33925 171
33922 33936 145
33949 33957 66
33959 33983 54
33971 34015 102
33996 34002 167
34016 34024 201
34041 34053 260
34047 34070 50
34054 34085 177
34081 34114 163
34089 34119 31
34100 34109 299
34112 34141 37
34116 34119 30
34135 34151 45
34141 34186 75
34163 34212 119
34187 34191 45
34216 34266 188
34234 34276 164
34248 34270 53
34274 34314 176
34304 34348 170
34307 34318 240
34337 34382 89
34366 34389 54
34396 34440 293
34426 34475 153
34450 34453 286
34459 34501 75
34469 34503 63
34478 34498 245
34507 34526 160
34522 34526 32
34551 34561 290
34564 34597 276
34564 34590 108
34589 34638 177
34598 34599 137
34605 34643 29
34632 34668 58
34661 34675 232
34666 34704 187
34671 34715 150
34681 34730 213
34703 34749 27
34733 34769 65
34743 34779 179
34743 34786 164
34744 34762 103
34746 34793 85
34751 34779 192
34777 34823 196
34784 34800 145
34784 34834 147
34806 34822 118
34827 34868 105
34833 34873 278
34834 34873 262
34859 34877 300
34872 34879 161
34890 34927 136
34905 34907 49
34919 34966 233
34935 34938 221
34949 34991 54
34953 34988 168
34959 34963 129
34973 34979 207
34999 35045 79
35013 35029 14
35038 35074 76
35044 35094 183
35051 35071 83
35061 35074 299
35079 35089 128
35083 35086 75
35110 35119 133
35128 35131 18
35130 35164 276
35147 35171 22
35164 35190 115
35164 35180 123
35190 35203 236
35215 35253 188
35233 35279 155
35248 35265 107
35264 35269 246
35277 35278 32
35277 35285 271
35297 35329 143
35300 35333 155
35318 35342 22
35347 35376 69
35354 35393 198
35381 35411 264
35404 35415 5
35416 35440 119
35443 35480 65
35452 35501 225
35482 35490 167
35504 35524 128
35533 35570 230
35561 35575 300
35588 35630 47
35592 35601 96
35603 35609 85
35619 35639 260
35637 35645 270
35649 35659 168
35652 35666 167
35670 35710 196
35700 35741 69
35720 35751 49
35750 35760 259
35777 35824 215
35777 35804 183
35782 35828 66
35782 35817 174
35795 35804 286
35816 35828 143
35821 35845 240
35834 35851 109
35859 35869 282
35866 35902 279
35884 35888 24
35905 35914 103
35921 35945 54
35930 35969 189
35939 35963 235
35942 35970 70
35953 35976 277
35962 36003 89
35987 36010 28
35994 35999 15
36013 36026 21
36023 36024 20
36048 36093 230
36065 36112 139
36074 36110 163
36080 36124 250
36091 36094 33
36096 36139 7
36115 36118 118
36134 36183 118
36156 36188 163
36173 36174 78
36192 36236 11
36193 36216 176
36195 36212 174
36212 36251 39
36227 36233 256
36248 36258 193
36270 36292 99
36284 36297 90
36288 36292 204
36296 36330 158
36320 36335 252
36326 36376 247
36326 36357 89
36337 36387 161
36354 36397 92
36364 36389 247
36364 36398 277
36391 36432 63
36391 36423 66
36415 36434 275
36443 36463 153
36467 36498 271
36475 36477 159
36490 36500 226
36499 36548 90
36517 36550 111
36540 36552 299
36550 36569 259
36571 36603 157
36594 36634 162
36594 36618 101
36611 36646 295
36622 36662 261
36638 36666 138
36663 36696 110
36665 36701 263
36670 36712 91
36695 36705 88
36719 36724 296
36747 36787 272
36775 36786 7
36776 36809 163
36797 36828 294
36817 36836 150
36846 36889 257
36875 36918 258
36900 36917 263
36928 36978 65
36943 36960 230
36953 36977 289
36977 37005 180
36990 36991 148
36995 37001 60
37006 37019 56
37013 37042 127
37028 37073 170
37055 37056 132
37057 37058 103
37077 37121 288
37080 37092 121
37106 37117 24
37135 37180 243
37147 37186 201
37164 37192 129
37172 37213 240
37183 37231 198
37202 37223 245
37208 37211 99
37222 37226 48
37226 37262 17
37248 37279 33
37257 37296 28
37277 37324 26
37279 37280 53
37291 37337 1
37318 37324 54
37320 37338 201
37337 37381 104
37362 37398 101
37387 37419 32
37399 37417 190
37418 37428 228
37424 37430 71
37444 37453 206
37446 37468 25
37461 37507 50
37465 37471 255
37484 37501 97
37514 37516 169
37544 37580 87
37553 37594 104
37555 37590 169
37567 37572 211
37590 37621 250
37603 37626 177
37619 37656 196
37644 37686 28
37665 37680 38
37695 37727 151
37702 37735 269
37705 37737 201
37733 37740 110
37733 37775 192
37740 37789 220
37754 37778 240
37768 37775 49
37789 37815 237
37794 37833 9
37800 37821 208
37819 37838 3
37836 37875 276
37862 37883 277
37892 37895 52
37922 37938 136
37930 37953 103
37960 37989 220
37961 37997 30
37991 38032 42
37995 38042 266
37999 38016 191
38012 38046 81
38014 38053 16
38034 38038 4
38040 38050 124
38058 38074 246
38067 38080 261
38087 38133 77
38095 38118 65
38104 38119 150
38122 38144 273
38131 38146 151
38136 38160 21
38140 38149 7
38165 38187 110
38182 38212 38
38206 38255 242
38208 38214 43
38222 38235 149
38224 38247 65
38232 38256 159
38239 38243 104
38269 38282 164
38296 38311 186
38324 38325 133
38330 38364 287
38331 38369 255
38354 38362 74
38375 38382 31
38378 38396 228
38401 38435 219
38425 38439 63
38443 38488 290
38451 38498 246
38479 38497 299
38497 38517 115
38501 38520 208
38502 38526 79
38523 38547 102
38549 38567 171
38566 38567 273
38591 38626 247
38613 38645 224
38618 38668 215
38625 38646 155
38639 38676 100
38642 38690 149
38644 38669 116
38670 38695 59
38676 38726 165
38696 38723 138
38718 38737 39
38722 38748 272
38751 38801 34
38759 38786 254
38785 38808 275
38786 38796 107
38793 38805 192
38800 38817 21
38825 38869 126
38833 38851 106
38854 38885 226
38884 38913 277
38913 38918 287
38936 38968 115
38943 38986 208
38948 38993 13
38949 38977 196
38972 38978 111
38990 39016 136
39014 39018 132
39017 39060 192
39030 39032 133
39042 39051 284
39067 39084 193
39088 39116 252
39111 39145 69
39141 39155 73
39152 39164 121
39160 39168 51
39170 39204 157
39173 39177 163
39191 39217 287
39207 39233 25
39220 39224 19
39247 39248 137
39254 39263 70
39264 39300 207
39293 39339 300
39318 39350 46
39338 39342 39
39348 39359 53
39352 39362 238
39353 39368 248
39362 39368 71
39387 39433 241
39397 39418 152
39417 39465 170
39424 39471 297
39435 39445 20
39435 39476 229
39447 39486 288
39456 39485 164
39482 39505 197
39507 39508 291
39517 39520 267
39524 39571 94
39535 39544 256
39547 39572 2
39548 39584 200
39555 39600 171
39575 39623 262
39580 39616 235
39600 39612 189
39615 39619 294
39616 39653 197
39632 39635 144
39643 39645 42
39643 39649 291
39653 39700 35
39660 39692 46
39684 39719 58
39691 39722 92
39709 39721 192
39719 39766 225
39741 39765 140
39764 39765 289
39793 39833 27
39818 39838 82
39820 39854 118
39842 39891 191
39854 39864 94
39854 39892 4
39880 39929 156
39902 39916 2
39919 39923 284
39929 39932 104
39957 39987 192
39984 40025 28
39991 39995 149
39997 40003 84
40009 40012 60
40039 40041 136
40049 40062 42
40074 40078 210
40081 40125 211
40101 40122 24
40119 40147 70
40134 40140 125
40147 40153 212
40153 40170 114
40182 40185 120
40210 40238 263
40223 40260 205
40239 40285 138
40243 40255 38
40270 40315 71
40285 40331 212
40294 40298 118
40303 40321 34
40319 40366 289
40332 40358 83
40338 40362 18
40341 40386 41
40348 40391 229
40370 40409 249
40377 40391 263
40403 40440 34
40426 40453 286
40451 40500 13
40466 40516 91
40469 40471 247
40470 40513 234
40485 40510 297
40494 40528 271
40511 40555 63
40519 40545 224
40523 40545 190
40542 40555 92
40554 40588 83
40568 40596 159
40574 40599 18
40590 40618 277
40592 40610 182
40607 40656 220
40614 40618 41
40630 40671 3
40631 40638 54
40657 40702 219
40661 40706 161
40687 40701 51
40711 40759 201
40723 40771 60
40745 40779 235
40769 40788 55
40777 40790 262
40794 40796 293
40794 40801 107
40802 40833 145
40831 40879 104
40849 40857 245
40858 40906 105
40885 40913 134
40913 40932 186
40913 40935 205
40935 40953 71
40965 41015 234
40969 40978 43
40995 41030 48
41021 41064 3
41023 41036 115
41024 41027 124
41049 41091 93
41075 41089 14
41099 41137 84
41110 41123 63
41113 41126 98
41123 41138 274
41130 41132 156
41139 41147 242
41154 41191 291
41160 41183 270
41170 41194 16
41192 41193 57
41197 41228 213
41201 41244 189
41207 41231 62
41229 41249 7
41252 41295 106
41280 41307 235
41286 41308 139
41293 41324 52
41302 41336 74
41320 41357 241
41332 41381 159
41352 41363 133
41353 41385 21
41374 41388 198
41391 41437 281
41394 41441 1
41401 41444 193
41423 41427 118
41436 41484 175
41464 41471 132
41489 41527 44
41510 41548 165
41537 41547 259
41554 41589 299
41565 41605 253
41574 41622 131
41592 41622 149
41605 41645 13
41634 41684 124
41634 41669 3
41653 41680 189
41663 41698 193
41667 41687 163
41671 41688 117
41696 41706 21
41701 41722 217
41704 41717 209
41707 41752 242
41734 41743 213
41745 41763 277
41761 41789 34
41783 41828 100
41791 41820 267
41801 41820 139
41816 41832 80
41820 41854 57
41821 41864 115
41826 41859 279
41854 41902 46
41880 41913 255
41894 41901 109
41917 41958 259
41943 41959 100
41951 41956 175
41976 42010 217
41997 41999 43
42026 42055 182
42039 42056 259
42066 42086 69
42085 42086 187
42106 42116 143
42136 42163 278
42155 42202 64
42167 42199 7
42173 42188 62
42190 42217 8
42205 42242 139
42235 42252 157
42251 42301 162
42254 42262 131
42263 42272 203
42282 42320 104
42309 42340 183
42317 42331 228
42344 42356 154
42365 42367 23
42373 42404 148
42381 42400 83
42392 42433 40
42396 42418 187
42410 42441 27
42439 42483 116
42447 42491 293
42455 42500 243
42468 42497 124
42493 42509 161
42508 42536 200
42511 42559 1
42512 42517 194
42518 42562 199
42540 42569 41
42541 42557 59
42545 42551 86
42548 42557 197
42578 42627 91
42580 42595 39
42582 42628 38
42591 42601 236
42618 42625 290
42620 42660 291
42638 42656 284
42649 42687 46
42649 42684 51
42653 42688 170
42660 42700 190
42680 42725 211
42689 42732 128
42706 42708 175
42720 42736 119
42738 42766 37
42755 42789 63
42759 42799 51
42787 42837 87
42814 42820 91
42817 42845 285
42846 42870 144
42866 42900 6
42889 42936 191
42908 42949 75
42937 42950 124
42946 42953 187
42959 43009 20
42970 42987 50
42999 43028 248
43014 43026 16
43024 43036 236
43047 43069 195
43072 43121 12
43082 43117 187
43082 43128 59
43087 43131 22
43102 43131 295
43126 43154 29
43147 43176 173
43148 43194 21
43153 43155 131
43165 43176 261
43188 43200 251
43216 43229 197
43238 43256 243
43258 43287 44
43287 43334 213
43301 43345 276
43325 43374 223
43327 43369 115
43352 43360 274
43366 43412 167
43379 43405 27
43403 43433 158
43423 43426 10
43440 43486 35
43440 43484 201
43442 43470 121
43454 43492 81
43480 43529 243
43488 43498 97
43498 43540 51
43510 43511 270
43521 43569 282
43536 43540 278
43566 43584 104
43589 43600 184
43604 43618 94
43619 43656 54
43623 43638 26
43640 43646 113
43668 43684 86
43684 43692 173
43708 43714 47
43715 43739 239
43728 43743 162
43754 43783 65
43755 43804 241
43768 43778 102
43795 43824 119
43810 43818 19
43830 43860 229
43856 43869 123
43860 43903 44
43866 43904 19
43873 43884 251
43888 43892 1
43909 43935 286
43922 43962 295
43925 43959 153
43940 43958 141
43962 44012 109
43968 43982 143
43984 44023 86
44006 44029 2
44034 44036 40
44052 44053 130
44053 44094 8
44068 44102 234
44092 44138 112
44116 44122 47
44124 44155 68
44151 44198 215
44180 44194 36
44194 44223 68
44213 44254 233
44242 44282 118
44270 44306 40
44281 44320 67
44298 44333 200
44314 44330 14
44322 44353 128
44348 44359 277
44378 44420 75
44388 44420 19
44417 44442 118
44427 44442 249
44445 44466 187
44448 44479 269
44475 44508 25
44500 44537 228
44500 44531 76
44502 44519 99
44516 44542 168
44546 44582 62
44560 44576 72
44563 44584 107
44582 44632 86
44607 44626 70
44629 44631 14
44650 44697 54
44652 44673 20
44678 44701 269
44682 44726 227
44712 44755 7
44712 44749 280
44714 44726 83
44724 44770 69
44743 44789 81
44758 44787 252
44786 44812 193
44814 44821 300
44818 44819 71
44834 44846 138
44843 44877 251
44849 44877 275
44857 44858 262
44865 44904 76
44886 44898 227
44903 44953 5
44926 44975 233
44927 44938 225
44932 44944 299
44944 44947 194
44964 44997 240
44972 44992 41
44997 45007 232
45000 45023 79
45012 45039 203
45038 45042 191
45038 45055 11
45041 45053 242
45069 45083 257
45089 45124 25
45091 45117 281
45092 45131 136
45116 45157 49
45119 45162 232
45122 45126 34
45141 45154 76
45145 45182 173
45161 45171 155
45177 45227 193
45185 45218 227
45215 45238 145
45216 45258 66
45242 45247 50
45253 45273 33
45282 45327 61
45301 45306 284
45321 45324 156
45338 45359 205
45359 45380 6
45389 45392 25
45412 45448 264
45433 45440 34
45449 45495 178
45453 45475 275
45453 45466 8
45478 45515 152
45487 45503 293
45504 45520 218
45510 45545 217
45513 45518 255
45541 45572 239
45543 45548 185
45573 45611 254
45600 45606 91
45609 45657 217
45625 45652 87
45635 45659 144
45659 45703 6
45660 45662 190
45676 45726 283
45690 45709 14
45707 45751 9
45723 45741 233
45747 45787 233
45776 45803 266
45782 45815 243
45795 45831 77
45807 45832 74
45814 45845 291
45818 45856 19
45830 45848 166
45840 45861 299
45865 45900 129
45877 45895 202
45900 45925 238
45927 45969 18
45935 45960 51
45948 45987 133
45958 45976 107
45976 46025 56
45991 45994 32
46009 46052 172
46029 46071 208
46037 46069 173
46054 46072 235
46065 46102 276
46080 46117 211
46108 46116 69
46109 46112 155
46125 46140 146
46128 46148 277
46152 46162 297
46162 46210 276
46183 46224 189
46198 46222 256
46227 46232 103
46232 46264 252
46255 46260 76
46264 46297 246
46271 46314 74
46298 46307 138
46301 46326 143
46303 46305 249
46320 46343 268
46334 46345 17
46350 46388 218
46377 46387 105
46398 46441 204
46424 46453 52
46449 46470 188
46458 46506 56
46473 46505 175
46501 46551 288
46512 46527 33
46518 46545 114
46537 46551 146
46566 46609 41
46575 46610 143
46586 46609 220
46606 46655 43
46613 46643 180
46618 46654 86
46628 46656 219
46638 46667 213
46657 46703 202
46667 46674 270
46678 46728 232
46692 46707 216
46709 46729 273
46730 46764 99
46758 46795 193
46787 46809 39
46803 46825 206
46825 46874 243
46833 46863 296
46842 46882 264
46844 46849 11
46857 46895 236
46860 46888 157
46890 46902 28
46920 46933 117
46942 46946 272
46947 46949 122
46951 46966 28
46975 47016 76
46994 47031 203
47005 47025 238
47007 47056 4
47015 47030 145
47035 47040 221
47060 47102 80
47062 47082 175
47067 47068 19
47072 47109 292
47088 47108 187
47088 47133 90
47110 47142 68
47121 47129 129
47130 47145 39
47142 47176 268
47165 47215 110
47166 47199 195
47196 47231 263
47200 47244 220
47228 47270 97
47228 47262 116
47255 47289 55
47278 47302 94
47280 47323 74
47302 47337 33
47324 47367 200
47351 47378 113
47362 47396 163
47372 47381 81
47381 47406 147
47387 47395 30
47402 47409 229
47409 47421 159
47422 47454 55
47433 47460 21
47456 47481 299
47467 47505 288
47494 47532 220
47497 47530 205
47521 47540 112
47544 47594 51
47549 47595 230
47559 47570 152
47559 47598 260
47562 47585 97
47574 47580 66
47597 47627 60
47623 47671 219
47632 47662 266
47633 47677 39
47640 47675 54
47640 47669 280
47643 47674 44
47664 47694 55
47686 47731 3
47714 47735 163
47738 47770 197
47751 47791 1
47764 47779 150
47779 47792 34
47788 47789 299
47794 47828 187
47822 47844 130
47826 47837 224
47849 47875 224
47876 47889 288
47906 47945 186
47932 47979 11
47960 47968 175
47982 48007 254
47984 48014 281
48009 48030 83
48019 48024 261
48044 48071 285
48064 48076 94
48087 48123 100
48094 48102 292
48098 48140 99
48106 48146 188
48106 48119 268
48109 48117 11
48125 48146 188
48143 48170 29
48154 48173 272
48180 48198 287
48188 48215 13
48215 48244 58
48226 48250 223
48226 48237 80
48248 48298 234
48248 48297 27
48273 48290 285
48287 48322 64
48317 48337 129
48338 48388 55
48354 48399 149
48364 48370 140
48384 48401 294
48407 48435 130
48412 48415 124
48440 48480 19
48463 48511 284
48467 48505 111
48473 48481 282
48500 48529 78
48518 48563 199
48531 48539 67
48539 48547 31
48567 48579 123
48595 48609 186
48607 48657 249
48609 48624 152
48617 48655 245
48639 48644 89
48652 48701 265
48675 48677 94
48676 48717 15
48689 48734 64
48717 48726 242
48719 48735 163
48724 48768 174
48738 48767 150
48752 48781 193
48762 48771 153
48778 48818 87
48794 48799 159
48814 48823 106
48832 48880 262
48854 48855 63
48883 48905 251
48912 48961 94
48925 48930 170
48936 48940 164
48937 48981 71
48960 48998 271
48968 49014 124
48994 49016 92
49000 49048 118
49006 49045 92
49008 49026 295
49019 49036 147
49032 49056 49
49044 49070 178
49068 49074 57
49093 49110 224
49108 49156 59
49130 49169 233
49140 49158 96
49141 49178 283
49142 49165 194
49164 49199 163
49192 49193 213
49211 49214 33
49211 49247 146
49236 49251 118
49262 49286 168
49275 49297 13
49295 49336 248
49325 49345 259
49354 49403 272
49360 49376 109
49369 49398 120
49379 49422 46
49384 49409 277
49408 49427 300
49432 49474 183
49459 49500 233
49460 49494 210
49486 49515 193
49496 49504 40
49511 49513 242
49527 49548 205
49538 49575 240
49553 49576 65
49568 49613 269
49584 49597 241
49602 49643 29
49625 49675 127
49630 49643 189
49654 49684 17
49676 49718 262
49696 49719 274
49723 49753 59
49735 49757 30
49752 49774 83
49761 49769 211
49789 49820 104
49809 49822 263
49835 49842 203
49850 49870 101
49871 49899 5
49885 49926 56
49914 49946 134
49927 49957 146
49946 49982 283
49947 49953 84
49957 49970 171
49957 49997 292
49964 50012 268
49965 49993 256
49966 49992 132
49976 50010 293
49988 49994 40
50017 50051 64
50029 50074 206
50042 50047 216
50042 50083 265
50048 50091 14
50051 50070 162
50054 50091 96
50075 50089 262
50077 50098 252
50096 50143 86
50124 50152 197
50124 50127 95
50133 50165 27
50143 50179 148
50151 50165 234
50163 50199 85
50167 50195 139
50189 50230 239
50204 50216 26
50230 50270 173
50233 50251 171
50254 50281 266
50273 50323 30
50274 50289 220
50291 50318 20
50292 50301 11
50316 50352 43
50341 50367 193
50357 50375 275
50367 50394 275
50369 50384 147
50394 50417 223
50401 50439 267
50430 50433 178
50446 50482 259
50446 50483 147
50475 50511 289
50478 50509 82
50483 50520 10
50486 50493 18
50497 50525 243
50500 50522 88
50515 50530 211
50535 50560 211
50560 50590 86
50575 50579 236
50593 50620 21
50613 50660 150
50630 50672 70
50640 50650 211
50670 50700 26
50676 50726 300
50692 50709 180
50719 50749 194
50736 50761 241
50745 50776 46
50750 50784 74
50770 50771 83
50798 50846 63
50821 50847 5
50825 50866 111
50839 50845 4
50862 50883 20
50881 50897 246
50898 50934 198
50924 50935 266
50941 50963 139
50953 50980 41
50955 50983 91
50961 50990 48
50982 51004 61
51012 51021 274
51012 51041 121
51016 51041 133
51032 51067 136
51045 51047 129
51063 51112 220
51089 51100 41
51099 51140 272
51100 51112 227
51124 51128 101
51129 51155 230
51130 51153 170
51142 51146 121
51151 51181 178
51170 51220 251
51173 51203 267
51194 51202 291
51198 51225 222
51208 51213 290
51233 51277 280
51233 51245 104
51253 51258 14
51274 51286 153
51292 51330 38
51316 51328 140
51330 51365 296
51339 51358 95
51362 51366 146
51369 51416 296
51385 51401 43
51411 51419 29
51412 51439 220
51434 51444 267
51434 51460 37
51458 51470 24
51463 51487 23
51470 51478 38
51478 51519 219
51495 51538 103
51498 51547 294
51508 51512 264
51514 51563 96
51536 51552 190
51557 51568 109
51583 51591 54
51588 51603 287
51612 51630 161
51619 51621 68
51622 51659 12
51622 51655 243
51623 51631 240
51633 51644 91
51662 51683 86
51685 51689 135
51708 51750 234
51714 51734 79
51728 51763 42
51733 51739 97
51758 51801 162
51769 51776 92
51796 51821 81
51816 51865 240
51843 51884 75
51845 51865 95
51862 51912 229
51888 51891 285
51895 51901 183
51924 51938 148
51931 51979 124
51951 51953 40
51968 51974 108
51977 52015 182
51981 52012 126
52001 52040 155
52013 52046 22
52019 52058 171
52036 52054 154
52050 52055 83
52075 52096 12
52100 52108 17
52125 52146 142
52137 52158 48
52160 52203 138
52160 52172 238
52184 52221 249
52193 52220 147
52195 52213 35
52202 52221 43
52212 52216 212
52217 52253 34
52218 52264 34
52230 52249 188
52251 52300 86
52253 52286 136
52253 52303 300
52283 52299 108
52306 52325 5
52322 52330 181
52334 52366 137
52346 52384 129
52358 52360 211
52360 52395 260
52382 52394 173
52392 52428 252
52397 52401 52
52420 52440 166
52442 52474 66
52471 52474 93
52476 52494 101
52495 52544 38
52503 52519 56
52520 52522 229
52542 52561 277
52569 52606 153
52579 52610 188
52599 52644 253
52605 52631 214
52619 52657 190
52624 52663 83
52650 52664 126
52665 52676 149
52694 52722 237
52698 52721 224
52708 52730 149
52710 52743 202
52739 52770 216
52746 52755 87
52760 52762 126
52768 52799 65
52773 52787 14
52784 52816 131
52789 52796 53
52804 52806 246
52809 52812 92
52809 52812 194
52817 52844 152
52837 52864 162
52837 52843 214
52838 52848 134
52852 52856 100
52853 52861 262
52882 52932 159
52905 52941 132
52905 52916 13
52929 52939 70
52941 52979 97
52950 52973 228
52967 52988 229
52990 53008 241
52995 53041 177
52999 53013 268
53017 53032 130
53044 53080 208
53048 53052 196
53064 53106 8
53078 53082 292
53086 53131 53
53113 53144 141
53131 53151 130
53133 53175 246
53137 53157 247
53154 53157 129
53156 53195 98
53159 53164 101
53165 53178 263
53171 53216 107
53175 53223 16
53188 53192 300
53216 53227 164
53225 53261 14
53234 53247 286
53262 53273 224
53285 53320 219
53307 53331 30
53308 53331 49
53329 53336 215
53357 53400 37
53362 53401 252
53376 53426 196
53377 53405 156
53379 53385 181
53386 53426 83
53390 53434 274
53417 53444 4
53444 53479 156
53471 53477 16
53471 53481 137
53486 53515 26
53490 53518 98
53505 53542 43
53526 53552 56
53531 53545 262
53542 53546 9
53566 53603 3
53586 53593 3
53606 53628 149
53610 53640 161
53612 53648 134
53618 53627 240
53629 53651 37
53641 53679 158
53670 53689 293
53694 53731 106
53698 53725 30
53718 53755 287
53722 53738 239
53735 53765 187
53764 53796 75
53780 53807 260
53799 53824 73
53808 53819 188
53819 53868 46
53842 53850 242
53842 53856 35
53844 53889 71
53857 53861 26
53862 53885 47
53880 53898 197
53891 53924 58
53904 53920 172
53930 53950 107
53937 53955 16
53953 53970 163
53967 53970 14
53984 53986 198
54006 54034 49
54020 54054 15
54043 54064 104
54069 54072 60
54090 54108 162
54100 54113 256
54102 54150 8
54122 54165 13
54138 54147 21
54140 54172 96
54165 54181 133
54190 54208 217
54206 54249 63
54227 54261 267
54245 54290 224
54263 54302 245
54290 54339 23
54319 54341 73
54334 54360 275
54353 54373 109
54366 54368 219
54370 54417 50
54374 54416 18
54400 54448 105
54429 54450 125
54451 54455 178
54460 54474 103
54477 54486 84
54485 54512 24
54490 54538 230
54495 54534 234
54504 54513 126
54521 54540 200
54544 54578 242
54563 54576 73
54583 54595 202
54613 54659 164
54626 54673 251
54655 54695 175
54676 54725 112
54686 54726 231
54686 54688 121
54711 54737 204
54739 54744 236
54764 54780 282
54766 54796 285
54766 54786 138
54777 54790 110
54791 54839 156
54813 54836 20
54828 54831 125
54836 54857 279
54850 54854 190
54860 54875 114
54860 54884 264
54861 54892 228
54868 54901 173
54885 54922 142
54913 54941 71
54927 54939 239
54942 54969 246
54944 54984 265
54972 54975 258
54982 55023 294
54985 55029 153
55013 55060 228
55040 55084 83
55051 55062 20
55073 55109 30
55096 55127 156
55115 55133 275
55139 55176 81
55139 55158 51
55160 55177 249
55161 55211 292
55191 55211 96
55198 55242 43
55207 55230 206
55218 55238 39
55226 55233 205
55245 55295 111
55263 55284 287
55293 55318 8
55295 55306 97
55316 55365 152
55338 55380 99
55356 55360 18
55356 55403 33
55381 55408 81
55387 55427 113
55409 55444 297
55431 55462 276
55435 55464 155
55446 55450 287
55469 55475 134
55485 55500 202
55491 55505 296
55497 55546 24
55509 55515 27
55527 55565 23
55553 55570 135
55582 55607 82
55604 55606 143
55609 55629 99
55623 55642 139
55650 55671 225
55676 55682 56
55680 55710 232
55684 55706 287
55694 55699 29
55719 55750 152
55743 55764 220
55755 55756 24
55782 55800 13
55796 55805 266
55813 55827 189
55827 55875 76
55839 55842 251
55863 55892 289
55883 55922 78
55885 55886 152
55908 55946 64
55911 55914 210
55938 55972 118
55952 55985 197
55973 56017 29
55978 55999 174
55999 56031 212
56015 56055 215
56016 56022 288
56032 56057 165
56055 56090 167
56078 56123 244
56080 56108 16
56098 56142 73
56114 56126 266
56121 56144 147
56135 56180 148
56141 56150 259
56155 56185 95
56176 56226 237
56193 56238 211
56215 56244 71
56217 56258 42
56229 56245 91
56229 56232 46
56232 56255 254
56257 56273 294
56275 56298 86
56277 56306 238
56305 56312 149
56332 56381 194
56352 56369 256
56359 56407 10
56376 56391 34
56377 56396 52
56391 56412 4
56396 56428 6
56416 56421 177
56443 56492 98
56452 56499 199
56456 56477 229
56485 56493 167
56497 56521 178
56511 56539 61
56539 56557 42
56553 56601 24
56565 56578 292
56592 56624 242
56613 56653 126
56630 56680 37
56646 56655 90
56673 56723 52
56687 56698 276
56689 56726 176
56696 56720 109
56717 56725 225
56736 56737 163
56752 56784 243
56780 56801 27
56792 56812 33
56822 56831 239
56851 56852 45
56860 56903 175
56866 56884 32
56867 56887 296
56893 56930 251
56910 56934 152
56919 56934 287
56928 56963 21
56954 56995 297
56978 57027 277
56998 57013 241
57000 57017 64
57019 57066 159
57036 57068 107
57037 57062 49
57062 57098 185
57076 57120 246
57101 57107 256
57120 57169 50
57140 57167 290
57158 57199 202
57180 57206 169
57198 57216 42
57200 57230 38
57230 57234 30
57244 57259 139
57269 57305 22
57289 57307 54
57315 57349 254
57324 57363 55
57331 57375 5
57348 57362 275
57372 57421 64
57395 57433 166
57407 57417 261
57418 57434 259
57446 57467 201
57464 57489 294
57470 57477 15
57473 57488 78
57474 57482 131
57495 57497 91
57515 57521 151
57530 57571 79
57541 57577 276
57551 57574 192
57553 57593 183
57562 57588 101
57564 57572 265
57564 57582 152
57580 57601 51
57596 57633 46
57611 57615 152
57620 57645 102
57633 57634 20
57647 57681 114
57662 57695 137
57678 57683 255
57699 57718 1
57718 57758 35
57731 57750 147
57743 57756 151
57754 57792 135
57774 57778 36
57782 57809 292
57794 57827 93
57814 57838 105
57835 57846 139
57844 57860 104
57872 57876 23
57894 57937 187
57919 57932 130
57941 57959 111
57963 57969 295
57983 58015 134
58011 58022 55
58025 58033 45
58045 58073 151
58058 58081 161
58080 58118 38
58109 58136 5
58115 58165 144
58124 58158 134
58142 58163 101
58160 58162 78
58174 58180 265
58187 58220 150
58194 58215 131
58221 58253 264
58234 58280 120
58234 58277 245
58241 58272 136
58263 58305 64
58284 58329 158
58312 58330 234
58322 58335 47
58325 58358 80
58327 58337 91
58353 58384 14
58369 58383 41
58395 58420 39
58411 58449 284
58426 58449 56
58433 58472 17
58446 58453 259
58473 58513 112
58476 58502 63
58490 58500 52
58499 58540 164
58526 58561 189
58553 58555 244
58565 58576 95
58579 58595 273
58599 58605 82
58619 58643 72
58619 58662 178
58641 58682 183
58652 58697 6
58654 58668 153
58682 58695 10
58709 58751 5
58711 58757 59
58735 58746 107
58744 58782 243
58745 58795 286
58761 58788 29
58773 58778 262
58785 58819 51
58786 58791 190
58806 58833 148
58808 58833 65
58826 58861 57
58856 58884 14
58880 58895 244
58884 58921 249
58890 58922 15
58920 58941 272
58945 58981 255
58961 58979 205
58982 58986 213
59000 59030 276
59018 59052 108
59033 59038 36
59048 59085 67
59063 59075 256
59068 59092 221
59091 59120 257
59097 59136 132
59123 59146 283
59128 59153 102
59158 59188 77
59188 59236 156
59192 59215 239
59208 59245 220
59235 59285 202
59257 59287 262
59258 59303 281
59288 59310 57
59307 59330 38
59310 59342 23
59325 59349 55
59333 59341 211
59353 59369 126
59383 59414 128
59398 59402 235
59400 59409 247
59401 59403 48
59407 59410 192
59428 59441 267
59431 59478 121
59439 59443 237
59464 59504 202
59464 59495 154
59486 59497 300
59516 59542 295
59539 59551 60
59548 59577 84
59574 59592 62
59595 59601 296
59622 59640 277
59650 59688 49
59672 59721 265
59685 59721 295
59709 59759 271
59712 59713 24
59726 59765 278
59744 59762 84
59756 59796 108
59763 59791 277
59786 59796 95
59793 59834 81
59805 59819 154
59818 59847 121
59819 59837 152
59832 59881 201
59848 59894 116
59857 59897 198
59879 59901 213
59903 59910 206
59931 59966 176
59932 59982 275
59940 59985 21
59969 59998 270
59988 59993 197
59996 60000 39
60004 60031 39
60006 60009 65
60017 60027 32
60033 60067 222
60055 60060 26
60061 60076 265
60072 60080 186
60078 60120 290
60085 60103 237
60088 60098 70
60112 60146 94
60117 60149 290
60137 60142 103
60161 60199 46
60161 60203 294
60181 60223 280
60190 60231 32
60196 60210 15
60201 60205 77
60214 60243 277
60220 60257 293
60245 60271 186
60274 60302 6
60292 60321 269
60313 60324 129
60320 60342 152
60330 60359 185
60352 60401 27
60378 60401 194
60392 60396 3
60393 60433 89
60402 60446 13
60428 60471 258
60447 60475 221
60451 60474 243
60478 60527 227
60482 60505 33
60501 60525 99
60529 60555 31
60529 60557 194
60551 60593 160
60577 60596 119
60578 60607 95
60589 60598 171
60616 60652 188
60633 60654 214
60651 60692 1
60666 60679 87
60694 60721 127
60708 60723 203
60738 60770 171
60750 60756 224
60760 60808 125
60766 60773 157
60796 60816 160
60801 60822 234
60812 60825 191
60839 60854 33
60869 60900 168
60872 60912 286
60884 60905 47
60887 60916 7
60893 60935 167
60907 60955 59
60920 60942 121
60921 60927 212
60921 60925 174
60922 60958 56
60927 60962 54
60941 60967 257
60970 61013 136
60976 60996 249
60978 61021 82
60991 61020 20
61004 61009 22
61005 61025 60
61012 61042 142
61023 61033 199
61027 61052 48
61040 61079 170
61051 61098 262
61063 61101 68
61074 61095 222
61080 61100 62
61083 61116 143
61084 61085 3
61087 61094 185
61104 61131 111
61122 61130 95
61123 61169 284
61137 61148 67
61137 61173 92
61148 61186 181
61162 61194 263
61162 61181 24
61165 61208 125
61170 61174 146
61199 61226 175
61201 61221 180
61210 61244 47
61230 61279 119
61240 61243 130
61268 61310 224
61281 61310 95
61307 61335 59
61334 61352 90
61341 61349 30
61350 61388 174
61354 61366 274
61363 61386 121
61365 61403 108
61394 61407 63
61421 61439 64
61437 61478 298
61460 61467 20
61477 61483 266
61498 61507 48
61508 61515 154
61534 61561 72
61548 61583 182
61571 61594 159
61581 61617 200
61596 61633 55
61606 61653 228
61620 61635 229
61626 61637 300
61656 61699 121
61665 61714 103
61685 61696 257
61690 61736 41
61719 61732 172
61743 61787 105
61769 61813 181
61793 61825 166
61794 61829 1
61811 61836 140
61811 61817 118
61827 61867 265
61849 61858 147
61860 61873 41
61887 61893 266
61900 61919 147
61922 61954 182
61951 61980 150
61955 61975 281
61980 62009 63
62006 62034 296
62024 62071 44
62032 62033 26
62049 62063 151
62053 62075 16
62075 62103 148
62079 62129 298
62084 62132 34
62114 62162 231
62143 62157 296
62154 62176 291
62169 62202 294
62177 62224 156
62189 62214 45
62201 62222 32
62219 62266 43
62246 62288 277
62274 62279 252
62275 62324 147
62280 62296 194
62285 62289 75
62293 62301 147
62310 62356 13
62334 62335 65
62353 62385 207
62373 62391 27
62374 62410 111
62381 62409 158
62392 62437 47
62400 62441 13
62403 62447 109
62407 62438 279
62431 62481 101
62447 62476 198
62463 62495 263
62492 62500 210
62516 62517 86
62516 62560 256
62544 62572 230
62554 62599 285
62554 62604 276
62557 62590 140
62572 62621 104
62585 62612 4
62605 62618 56
62627 62659 182
62632 62646 82
62657 62661 250
62658 62698 264
62685 62706 141
62696 62736 84
62716 62766 297
62742 62777 176
62743 62778 174
62766 62800 292
62768 62815 17
62774 62814 78
62782 62802 291
62808 62825 255
62816 62818 150
62817 62862 33
62819 62838 207
62823 62840 272
62844 62889 92
62848 62858 75
62874 62896 161
62879 62900 74
62894 62935 220
62896 62916 113
62896 62929 225
62903 62934 132
62905 62949 227
62913 62956 73
62931 62940 4
62939 62970 50
62961 62981 105
62973 62984 223
62981 62993 265
62994 63000 88
63012 63053 270
63035 63058 22
63047 63068 45
63056 63073 190
63058 63066 72
63086 63121 299
63096 63135 210
63106 63110 171
63119 63122 279
63122 63157 210
63131 63172 53
63158 63172 25
63163 63200 76
63175 63192 82
63197 63205 161
63221 63235 131
63240 63269 279
63246 63266 13
63260 63277 205
63273 63279 45
63295 63328 82
63317 63322 187
63319 63331 199
63337 63371 272
63337 63387 125
63358 63371 114
63369 63385 224
63399 63422 281
63425 63466 143
63429 63453 5
63434 63484 53
63457 63478 210
63481 63514 46
63503 63550 209
63516 63558 255
63521 63566 108
63521 63570 46
63527 63553 172
63555 63586 260
63585 63604 104
63609 63654 141
63625 63633 224
63634 63646 145
63638 63685 265
63652 63654 115
63661 63665 34
63691 63693 280
63691 63699 140
63718 63748 248
63745 63780 29
63775 63794 166
63804 63832 267
63819 63852 31
63831 63853 120
63846 63848 102
63865 63874 8
63891 63902 213
63907 63954 286
63925 63940 241
63932 63972 242
63954 63960 23
63968 63990 289
63977 64024 9
64006 64056 17
64023 64059 198
64043 64083 105
64071 64075 246
64088 64106 296
64107 64129 53
64118 64166 44
64129 64135 7
64143 64184 39
64145 64147 78
64172 64191 222
64179 64193 173
64189 64219 33
64214 64264 204
64241 64290 133
64263 64281 198
64286 64311 30
64314 64337 69
64339 64362 215
64368 64375 112
64379 64422 13
64399 64422 186
64410 64445 257
64425 64439 94
64440 64463 278
64451 64462 300
64464 64472 188
64487 64524 62
64498 64540 266
64527 64528 243
64552 64589 144
64563 64604 34
64580 64590 212
64591 64622 258
64606 64612 128
64611 64651 208
64617 64622 213
64618 64625 172
64647 64690 182
64677 64679 197
64687 64733 139
64690 64713 226
64697 64709 278
64722 64739 240
64734 64736 45
64752 64778 89
64752 64797 38
64763 64768 180
64777 64802 46
64786 64818 36
64797 64818 164
64799 64820 193
64799 64803 171
64825 64861 228
64841 64861 138
64867 64889 220
64883 64902 98
64894 64940 62
64918 64936 172
64948 64971 273
64972 65008 40
65002 65052 62
65022 65029 300
65026 65076 94
65030 65046 206
65030 65050 291
65050 65051 271
65073 65123 235
65083 65132 97
65103 65122 121
65104 65141 159
65132 65162 60
65133 65153 91
65137 65150 195
65166 65201 278
65180 65185 52
65204 65229 245
65227 65270 199
65253 65261 284
65262 65303 193
65292 65340 206
65301 65308 275
65316 65349 30
65325 65332 177
65346 65388 293
65361 65376 257
65380 65395 118
65404 65423 241
65425 65454 290
65441 65451 239
65451 65485 83
65480 65494 256
65503 65549 156
65517 65529 57
65519 65564 26
65540 65568 30
65567 65571 230
65570 65610 155
65581 65608 79
65586 65597 117
65586 65631 22
65614 65622 235
65615 65640 100
65618 65626 24
65646 65694 124
65650 65665 159
65651 65660 18
65670 65697 243
65694 65719 289
65704 65739 149
65715 65763 217
65730 65743 215
65731 65780 31
65755 65789 99
65778 65816 79
65791 65804 145
65802 65806 289
65818 65837 300
65831 65837 193
65854 65863 50
65866 65901 194
65876 65905 105
65894 65910 16
65894 65914 137
65903 65926 248
65906 65948 184
65920 65924 157
65946 65977 201
65964 65965 265
65985 66017 19
66015 66024 10
66027 66077 212
66036 66060 76
66048 66069 253
66070 66115 81
66085 66103 56
66088 66122 105
66099 66138 28
66110 66159 258
66128 66150 62
66142 66170 194
66157 66191 240
66167 66199 151
66176 66225 212
66195 66245 119
66208 66243 261
66237 66273 191
66249 66286 285
66278 66283 23
66308 66315 160
66321 66326 188
66350 66354 211
66373 66395 85
66379 66416 65
66380 66390 146
66404 66445 64
66428 66468 15
66448 66483 197
66453 66463 216
66462 66485 214
66476 66479 21
66503 66516 192
66521 66560 133
66539 66580 270
66565 66588 35
66589 66597 125
66611 66623 240
66611 66647 286
66621 66653 222
66638 66657 298
66662 66676 113
66671 66672 13
66682 66710 230
66708 66756 267
66732 66777 117
66732 66770 285
66744 66762 195
66755 66801 173
66769 66784 277
66786 66810 31
66792 66819 102
66801 66809 108
66823 66859 218
66833 66877 279
66851 66874 61
66857 66906 17
66881 66889 128
66884 66890 290
66902 66912 98
66908 66944 45
66932 66978 99
66953 66994 262
66959 66983 289
66971 66975 244
66981 67021 281
66985 67021 199
67014 67062 273
67042 67068 212
67058 67087 294
67073 67090 247
67100 67149 194
67129 67150 208
67141 67163 197
67150 67168 124
67151 67188 155
67175 67197 190
67187 67237 286
67192 67235 209
67192 67206 12
67203 67240 87
67208 67224 166
67236 67249 60
67250 67251 34
67260 67305 73
67280 67294 176
67290 67339 143
67319 67350 23
67330 67380 124
67358 67377 288
67366 67412 34
67367 67395 45
67381 67406 212
67384 67424 127
67409 67430 125
67412 67435 90
67437 67460 184
67437 67441 287
67447 67487 22
67453 67502 224
67457 67468 294
67464 67509 122
67469 67470 237
67489 67501 239
67517 67529 174
67546 67562 138
67560 67593 101
67569 67596 21
67573 67579 152
67596 67609 47
67615 67637 50
67619 67643 259
67632 67681 226
67643 67674 236
67673 67677 291
67687 67704 165
67696 67727 141
67705 67748 38
67725 67731 153
67739 67747 280
67752 67776 152
67768 67813 31
67790 67815 204
67818 67863 100
67839 67872 18
67864 67911 41
67871 67872 189
67873 67905 212
67884 67929 31
67890 67891 25
67909 67957 5
67930 67949 158
67949 67979 238
67973 67998 222
67985 68006 146
68001 68005 94
68015 68038 106
68043 68083 257
68067 68071 147
68097 68123 75
68125 68135 150
68137 68179 7
68161 68174 170
68165 68200 211
68193 68195 11
68222 68246 20
68225 68262 296
68250 68273 68
68261 68295 156
68263 68285 252
68289 68299 242
68308 68334 113
68311 68313 276
68327 68364 271
68335 68347 5
68355 68368 220
68375 68405 300
68393 68441 59
68404 68434 63
68422 68441 93
68452 68454 3
68477 68495 250
68507 68531 116
68519 68563 184
68544 68592 148
68552 68563 253
68559 68587 82
68587 68610 222
68615 68662 126
68645 68649 198
68661 68690 97
68681 68693 136
68697 68698 152
68713 68746 218
68715 68759 283
68731 68777 227
68742 68751 227
68763 68794 173
68786 68833 196
68793 68802 153
68802 68820 112
68814 68851 288
68830 68861 264
68849 68861 163
68876 68894 62
68897 68937 294
68921 68934 281
68939 68957 5
68950 68962 86
68972 69009 220
68992 69036 153
69011 69020 15
69038 69085 290
69063 69085 134
69089 69122 198
69101 69126 297
69120 69124 67
69124 69137 166
69136 69150 63
69152 69165 251
69160 69181 186
69171 69198 117
69193 69241 205
69217 69236 296
69220 69270 80
69245 69269 221
69258 69300 86
69280 69318 218
69283 69307 281
69307 69348 12
69313 69335 84
69330 69331 69
69354 69393 211
69371 69380 242
69373 69387 296
69388 69422 32
69403 69406 139
69404 69444 81
69424 69439 72
69450 69488 273
69474 69489 13
69479 69528 47
69486 69506 278
69487 69502 269
69494 69509 268
69515 69563 159
69545 69587 112
69559 69588 285
69562 69587 27
69571 69596 274
69578 69587 171
69589 69628 128
69607 69620 283
69610 69653 294
69611 69633 161
69614 69652 130
69627 69655 47
69640 69677 205
69669 69676 164
69690 69709 3
69708 69728 55
69720 69721 164
69729 69758 239
69733 69777 55
69739 69749 204
69741 69782 128
69770 69809 190
69792 69834 138
69801 69825 2
69823 69837 188
69853 69894 246
69856 69887 13
69880 69888 31
69907 69916 233
69907 69943 291
69907 69953 282
69920 69956 234
69933 69967 266
69945 69993 273
69966 70007 74
69970 69974 295
69989 69990 84
69990 70027 124
69994 70017 53
69999 70001 90
70008 70031 286
70009 70031 44
70021 70057 180
70022 70058 21
70048 70093 84
70063 70098 234
70092 70095 165
70096 70098 127
70114 70124 90
70118 70141 145
70133 70157 269
70138 70187 36
70156 70200 283
70182 70224 228
70182 70217 256
70211 70221 133
70238 70286 132
70260 70272 241
70267 70282 200
70288 70304 225
70313 70358 292
70325 70326 163
70352 70355 197
70378 70380 10
70378 70425 257
70406 70455 288
70416 70440 217
70426 70435 12
70440 70472 258
70455 70482 61
70479 70524 228
70479 70521 95
70483 70489 152
70486 70493 264
70506 70547 183
70535 70582 191
70560 70602 92
70574 70580 97
70579 70597 88
70606 70625 215
70634 70677 52
70659 70681 299
70677 70709 201
70700 70732 32
70730 70757 126
70741 70777 28
70748 70770 39
70776 70784 209
70803 70844 170
70818 70838 241
70833 70839 287
70860 70867 197
70869 70902 203
70895 70933 163
70919 70964 174
70930 70974 279
70955 70978 119
70972 71017 99
70990 71031 73
71004 71051 227
71025 71058 197
71030 71039 93
71050 71059 23
71067 71072 139
71077 71090 260
71078 71105 227
71089 71135 69
71112 71150 115
71112 71118 1
71130 71155 165
71146 71188 193
71154 71172 292
71169 71181 145
71187 71199 17
71211 71254 17
71230 71267 149
71248 71280 134
71274 71282 78
71279 71303 273
71297 71315 126
71324 71333 289
71351 71359 11
71359 71384 65
71388 71389 164
71396 71434 210
71408 71434 146
71436 71454 187
71465 71497 115
71475 71521 103
71488 71504 158
71500 71537 87
71511 71546 52
71536 71568 295
71542 71570 166
71566 71580 117
71567 71604 16
71583 71622 73
71602 71642 295
71604 71651 68
71627 71675 58
71630 71636 19
71631 71668 170
71641 71647 41
71643 71659 144
71645 71692 171
71661 71701 33
71682 71716 79
71695 71727 82
71714 71720 76
71741 71781 42
71747 71774 44
71766 71790 248
71778 71801 283
71796 71826 122
71812 71823 63
71815 71849 194
71845 71867 187
71865 71882 253
71887 71916 63
71905 71926 171
71935 71950 34
71943 71945 149
71954 71956 256
71961 72002 154
71967 72004 199
71990 72011 173
72011 72024 272
72028 72061 199
72031 72045 193
72038 72050 159
72044 72052 157
72062 72102 41
72086 72094 99
72097 72117 70
72120 72141 192
72144 72182 81
72160 72208 154
72187 72204 171
72195 72198 272
72208 72243 142
72224 72245 214
72246 72282 2
72260 72305 182
72266 72316 30
72271 72305 283
72291 72328 263
72307 72319 219
72323 72356 233
72351 72401 249
72369 72395 102
72371 72421 105
72378 72399 177
72379 72416 278
72408 72455 205
72424 72451 12
72439 72472 165
72445 72455 177
72465 72486 251
72465 72482 58
72475 72513 254
72501 72506 228
72514 72537 135
72541 72581 64
72545 72587 4
72555 72577 25
72561 72590 202
72574 72597 291
72581 72617 108
72604 72619 2
72624 72656 238
72648 72660 257
72663 72708 50
72690 72701 41
72699 72710 246
72702 72735 215
72732 72779 67
72740 72741 199
72741 72747 47
72744 72769 18
72744 72771 91
72769 72800 102
72775 72821 1
72791 72818 225
72802 72822 232
72803 72805 86
72822 72851 133
72849 72854 164
72867 72871 214
72890 72923 12
72906 72954 15
72923 72949 1
72929 72950 12
72939 72970 264
72961 72984 102
72983 73014 102
72998 73018 61
73008 73038 135
73014 73058 26
73033 73061 282
73034 73058 28
73053 73084 62
73077 73103 113
73083 73085 259
73098 73145 20
73123 73163 151
73146 73173 55
73153 73164 106
73153 73173 270
73174 73196 115
73184 73203 212
73188 73198 13
73214 73219 219
73232 73258 47
73258 73271 56
73258 73280 135
73287 73296 103
73317 73357 185
73346 73396 226
73374 73424 175
73400 73435 144
73413 73447 81
73443 73471 184
73468 73476 298
73479 73488 41
73490 73526 275
73504 73515 113
73532 73576 220
73562 73604 143
73584 73587 32
73608 73617 179
73631 73678 273
73655 73698 56
73673 73701 92
73697 73707 75
73721 73757 253
73740 73758 252
73748 73768 77
73769 73790 144
73786 73825 187
73805 73838 137
73819 73833 241
73838 73886 294
73843 73873 153
73857 73864 241
73868 73875 12
73875 73918 256
73887 73895 98
73887 73934 81
73913 73937 54
73938 73953 292
73952 73993 239
73971 73974 16
73982 74004 179
74007 74019 6
74025 74069 124
74042 74072 211
74058 74099 73
74059 74077 61
74066 74101 135
74094 74109 175
74110 74114 126
74133 74175 215
74161 74182 262
74178 74228 13
74188 74214 153
74196 74201 6
74198 74242 62
74203 74244 23
74221 74270 262
74250 74252 223
74256 74300 67
74282 74285 145
74289 74321 8
74309 74339 175
74319 74348 138
74349 74386 185
74349 74388 51
74374 74419 226
74392 74413 133
74412 74453 92
74418 74433 2
74430 74436 24
74438 74453 199
74439 74446 288
74453 74468 172
74467 74510 256
74493 74507 212
74517 74551 31
74535 74571 15
74560 74576 82
74569 74570 168
74589 74627 91
74612 74648 245
74641 74669 198
74657 74701 141
74679 74714 283
74705 74716 165
74727 74746 295
74750 74779 66
74771 74796 245
