5000
4 30 214
33 57 266
56 66 84
59 64 211
81 97 82
86 121 170
105 149 262
121 144 209
151 191 107
173 221 228
201 213 65
224 243 23
235 236 206
238 254 264
267 292 226
285 324 113
307 324 123
335 365 6
338 342 228
355 392 258
360 390 132
388 402 229
388 400 254
388 397 208
418 460 299
447 461 1
477 526 23
492 530 178
522 538 251
551 591 243
578 596 80
604 606 24
605 654 37
628 658 202
642 679 41
643 662 9
653 680 186
667 711 4
693 714 254
721 746 226
747 780 199
747 779 176
756 762 2
765 795 107
788 794 222
796 837 131
814 837 165
830 863 214
846 851 102
847 851 116
849 892 75
853 873 46
876 878 231
896 939 191
913 916 246
921 928 99
925 964 210
928 973 169
939 942 116
941 985 292
951 995 106
975 1009 217
982 993 34
984 1023 26
993 1021 148
1004 1005 28
1007 1057 174
1012 1022 184
1037 1061 90
1059 1096 243
1059 1089 68
1060 1096 1
1061 1106 53
1083 1129 243
1093 1094 131
1108 1150 294
1117 1152 257
1137 1157 71
1160 1182 203
1175 1189 208
1191 1205 224
1203 1223 98
1215 1259 256
1242 1265 113
1246 1273 286
1246 1267 234
1270 1289 282
1281 1328 208
1282 1309 61
1302 1322 49
1311 1346 74
1311 1352 259
1333 1381 232
1363 1386 29
1383 1415 207
1385 1431 158
1393 1413 52
1406 1435 183
1427 1459 183
1432 1468 122
1454 1492 81
1462 1501 147
1480 1481 167
1509 1533 83
1538 1540 168
1561 1580 82
1583 1603 228
1588 1623 163
1590 1595 131
1620 1660 147
1627 1668 122
1628 1675 10
1648 1669 70
1665 1709 160
1691 1741 116
1702 1725 126
1706 1735 15
1730 1768 32
1755 1800 278
1783 1804 259
1788 1825 268
1807 1830 274
1837 1880 53
1860 1888 8
1888 1938 293
1897 1928 196
1897 1926 170
1915 1917 18
1929 1931 296
1935 1936 22
1936 1969 58
1940 1951 237
1968 1985 22
1992 2028 259
1993 2028 23
2006 2011 192
2007 2025 259
2015 2033 148
2027 2050 141
2038 2070 149
2042 2091 109
2066 2111 282
2095 2129 149
2110 2137 141
2139 2149 4
2164 2208 123
2193 2197 183
2207 2237 101
2215 2260 154
2230 2268 139
2255 2270 71
2276 2294 130
2295 2313 186
2315 2343 293
2334 2370 229
2335 2362 94
2347 2354 88
2377 2403 163
2381 2411 158
2408 2457 77
2409 2454 141
2425 2454 48
2443 2447 25
2445 2480 39
2471 2503 21
2501 2517 284
2504 2543 280
2523 2526 68
2541 2574 3
2560 2605 59
2570 2573 122
2587 2608 47
2617 2649 73
2645 2678 232
2672 2707 291
2693 2706 107
2704 2742 14
2708 2737 101
2728 2775 164
2733 2757 297
2743 2749 36
2762 2803 278
2774 2816 105
2798 2847 105
2813 2831 156
2836 2841 277
2863 2881 54
2869 2919 85
2873 2906 11
2887 2904 134
2897 2943 224
2919 2929 83
2925 2958 14
2925 2932 8
2930 2941 213
2955 2984 210
2972 2996 178
2999 3013 235
3008 3015 12
3020 3047 86
3025 3044 5
3052 3054 253
3069 3117 289
3099 3100 49
3112 3143 162
3132 3180 187
3143 3164 172
3170 3194 189
3194 3226 5
3223 3234 93
3249 3256 121
3275 3294 124
3282 3330 92
3301 3335 164
3331 3359 72
3342 3365 247
3348 3363 150
3365 3389 153
3392 3409 124
3421 3424 144
3442 3474 67
3467 3506 98
3492 3505 87
3522 3532 117
3535 3585 93
3556 3595 106
3586 3599 83
3606 3655 92
3632 3673 137
3644 3671 127
3666 3704 262
3681 3687 60
3699 3739 244
3708 3756 270
3725 3740 122
3746 3781 266
3756 3784 12
3763 3796 55
3790 3795 291
3805 3833 183
3822 3831 68
3828 3867 47
3856 3898 91
3873 3900 264
3900 3908 170
3926 3940 115
3950 3978 131
3965 3971 60
3994 4008 187
3996 4002 97
4012 4057 86
4039 4074 80
4044 4066 65
4049 4068 238
4060 4095 241
4080 4125 176
4110 4122 109
4125 4163 210
4151 4197 14
4167 4193 86
4188 4215 64
4217 4248 210
4229 4255 45
4258 4273 92
4278 4319 80
4303 4351 136
4308 4315 2
4312 4317 139
4334 4352 184
4340 4378 206
4343 4362 224
4367 4397 235
4372 4392 263
4397 4432 152
4404 4438 214
4414 4416 142
4442 4452 131
4443 4446 157
4472 4495 189
4475 4486 167
4475 4502 297
4481 4485 215
4481 4519 50
4493 4543 287
4505 4510 30
4521 4557 147
4523 4538 2
4530 4543 254
4558 4598 78
4588 4596 223
4605 4631 100
4612 4635 281
4615 4652 270
4619 4659 183
4619 4669 235
4638 4669 47
4649 4658 139
4651 4681 92
4655 4672 97
4673 4704 25
4693 4737 249
4701 4737 81
4727 4743 121
4748 4755 7
4762 4775 162
4784 4827 161
4805 4830 87
4831 4841 208
4837 4858 269
4837 4841 98
4861 4873 30
4871 4885 157
4879 4889 144
4881 4913 91
4911 4923 169
4915 4952 182
4935 4966 284
4962 4966 300
4974 5011 4
4975 5006 7
4999 5045 293
5022 5058 2
5036 5067 120
5047 5073 71
5075 5086 179
5079 5089 195
5107 5152 84
5137 5169 181
5154 5200 131
5157 5158 185
5166 5211 146
5195 5225 124
5220 5229 278
5224 5232 260
5247 5256 238
5250 5258 179
5256 5301 109
5261 5287 106
5265 5276 179
5292 5331 91
5314 5324 119
5318 5350 116
5339 5347 108
5359 5396 155
5375 5401 74
5380 5387 148
5386 5387 169
5415 5421 258
5437 5467 56
5460 5472 88
5469 5506 132
5469 5499 159
5492 5528 36
5512 5548 160
5522 5526 256
5544 5557 163
5550 5591 84
5555 5565 67
5581 5628 94
5587 5628 274
5604 5622 157
5604 5647 197
5623 5672 215
5633 5639 194
5648 5689 282
5658 5661 283
5672 5682 234
5675 5697 7
5682 5715 102
5704 5747 68
5715 5750 53
5726 5746 103
5729 5775 174
5735 5761 266
5745 5768 54
5754 5763 132
5757 5770 203
5763 5789 205
5783 5833 89
5811 5831 251
5834 5844 192
5851 5887 106
5880 5881 101
5904 5919 95
5924 5965 275
5935 5945 188
5941 5958 212
5944 5945 119
5952 5982 203
5980 6029 117
6004 6013 72
6014 6048 138
6017 6028 243
6038 6070 258
6060 6097 53
6073 6102 297
6084 6133 167
6086 6111 260
6087 6132 57
6104 6139 184
6126 6146 152
6138 6151 188
6160 6200 90
6169 6177 10
6187 6230 291
6215 6265 90
6222 6228 149
6243 6282 51
6258 6269 275
6274 6308 218
6284 6293 59
6286 6317 191
6315 6364 133
6335 6361 82
6338 6350 252
6363 6365 33
6387 6420 62
6400 6440 94
6411 6416 10
6423 6466 219
6428 6467 69
6436 6470 27
6461 6485 22
6482 6519 238
6508 6535 134
6516 6537 150
6519 6548 206
6542 6544 109
6552 6561 171
6573 6579 185
6592 6606 67
6618 6642 25
6645 6692 138
6652 6654 224
6663 6694 287
6693 6710 245
6696 6713 43
6716 6747 247
6739 6743 75
6763 6809 116
6776 6814 259
6784 6824 72
6806 6841 183
6817 6860 134
6836 6874 61
6861 6863 175
6883 6902 129
6888 6903 56
6913 6958 122
6939 6970 223
6955 7000 92
6977 6988 55
7002 7039 219
7011 7058 41
7034 7066 17
7062 7075 277
7084 7123 289
7094 7116 96
7123 7143 102
7148 7197 293
7161 7176 35
7161 7209 200
7172 7204 270
7174 7224 260
7177 7193 55
7202 7220 261
7221 7253 64
7241 7243 55
7270 7291 92
7295 7341 157
7321 7368 113
7330 7352 90
7344 7346 238
7355 7386 48
7382 7397 181
7408 7438 74
7417 7423 77
7426 7427 25
7430 7477 125
7430 7466 170
7440 7470 106
7457 7501 106
7483 7526 56
7494 7509 3
7512 7543 52
7535 7582 89
7563 7585 260
7575 7614 180
7582 7607 84
7587 7615 38
7616 7639 210
7625 7634 150
7632 7675 44
7645 7677 10
7674 7693 184
7694 7718 284
7713 7732 90
7741 7763 217
7769 7788 197
7769 7813 104
7783 7799 217
7785 7817 274
7798 7848 53
7816 7829 217
7816 7850 221
7845 7892 19
7862 7898 133
7892 7940 223
7921 7949 199
7934 7948 250
7946 7983 188
7969 7979 31
7977 8006 25
7983 8013 102
7989 7999 250
8012 8026 24
8025 8031 200
8046 8072 225
8071 8103 182
8088 8097 206
8103 8127 200
8107 8121 90
8123 8136 251
8136 8169 148
8144 8163 275
8145 8195 80
8169 8198 295
8173 8223 26
8199 8219 155
8216 8253 91
8216 8221 68
8243 8289 79
8271 8280 175
8298 8326 21
8326 8355 246
8348 8396 99
8370 8398 215
8372 8375 299
8373 8422 48
8389 8397 170
8396 8413 40
8421 8462 159
8449 8478 281
8455 8505 239
8476 8482 242
8502 8528 285
8508 8527 203
8521 8548 183
8546 8560 209
8561 8586 13
8561 8583 75
8579 8591 265
8580 8589 119
8604 8632 117
8607 8652 82
8610 8656 279
8639 8640 228
8653 8666 265
8674 8693 39
8702 8724 78
8716 8724 273
8718 8740 171
8740 8770 82
8757 8796 265
8761 8795 272
8769 8818 139
8779 8818 261
8796 8837 173
8813 8828 175
8819 8839 37
8830 8837 134
8851 8899 131
8877 8905 41
8885 8889 201
8887 8915 265
8902 8944 63
8929 8931 236
8956 8980 278
8973 8982 34
8979 9020 84
9008 9043 31
9020 9040 275
9049 9078 43
9051 9070 207
9066 9081 252
9096 9126 38
9107 9128 206
9125 9169 224
9137 9139 176
9150 9194 73
9180 9227 1
9189 9223 209
9210 9256 135
9214 9259 120
9244 9283 256
9259 9303 33
9281 9290 118
9308 9320 15
9324 9340 144
9353 9376 283
9367 9403 215
9384 9421 112
9394 9395 255
9423 9452 21
9423 9438 216
9425 9446 202
9445 9459 180
9448 9465 43
9458 9472 222
9474 9481 147
9478 9486 7
9490 9517 15
9492 9494 86
9497 9522 99
9522 9566 180
9536 9548 50
9545 9555 74
9551 9570 51
9560 9605 76
9585 9628 237
9603 9618 207
9626 9640 140
9644 9649 87
9654 9674 213
9662 9695 246
9692 9713 297
9694 9736 18
9719 9724 232
9731 9750 289
9751 9774 134
9768 9799 200
9789 9826 61
9815 9859 92
9840 9843 97
9867 9904 257
9872 9911 9
9891 9902 146
9909 9923 154
9913 9953 166
9930 9936 218
9931 9979 234
9958 10007 126
9978 9985 212
9978 9999 172
10001 10029 284
10009 10032 23
10017 10057 133
10025 10075 249
10036 10053 262
10043 10080 250
10055 10079 100
10073 10080 191
10079 10106 48
10089 10091 166
10106 10150 174
10136 10183 202
10153 10178 260
10170 10190 153
10170 10174 139
10188 10196 226
10194 10232 240
10224 10257 45
10248 10252 130
10273 10311 239
10292 10317 128
10321 10354 38
10326 10357 118
10337 10378 33
10337 10340 15
10358 10402 233
10377 10414 171
10399 10429 222
10410 10427 232
10439 10467 142
10443 10455 92
10468 10483 121
10497 10540 59
10508 10539 283
10509 10517 50
10515 10561 74
10533 10548 285
10536 10585 230
10551 10577 16
10565 10594 36
10565 10568 164
10570 10614 261
10586 10620 294
10612 10660 289
10629 10641 166
10657 10675 111
10672 10719 20
10682 10711 227
10698 10709 19
10719 10721 9
10725 10733 66
10738 10744 188
10751 10761 15
10764 10810 16
10776 10820 240
10776 10788 213
10797 10818 273
10818 10868 207
10834 10836 253
10856 10874 200
10886 10927 284
10906 10908 33
10914 10962 282
10940 10957 72
10967 11008 44
10967 10984 251
10995 11013 204
11012 11017 184
11040 11080 248
11055 11065 262
11064 11099 61
11088 11123 46
11114 11154 291
11133 11135 173
11138 11160 224
11165 11172 55
11168 11175 246
11178 11211 12
11182 11187 35
11186 11194 35
11209 11254 292
11233 11242 94
11263 11298 13
11290 11312 185
11295 11319 40
11306 11333 3
11312 11332 94
11316 11341 255
11326 11359 1
11329 11336 107
11341 11344 282
11359 11392 149
11362 11382 123
11375 11398 245
11375 11421 26
11400 11436 278
11422 11472 191
11424 11467 195
11429 11456 243
11453 11495 156
11483 11497 296
11488 11489 78
11498 11540 235
11518 11557 249
11538 11558 260
11549 11578 239
11556 11588 177
11560 11601 7
11570 11571 106
11584 11632 147
11593 11595 253
11610 11637 202
11633 11657 73
11640 11668 124
11657 11700 287
11657 11704 251
11674 11679 258
11677 11690 115
11699 11718 82
11722 11761 207
11727 11740 247
11745 11793 268
11769 11798 64
11794 11813 134
11802 11818 210
11817 11826 224
11817 11830 232
11820 11849 293
11843 11890 37
11861 11904 121
11865 11909 111
11882 11893 233
11907 11951 197
11924 11926 263
11943 11988 220
11947 11964 168
11971 11998 58
11986 12030 154
11992 11997 19
11998 12018 224
12005 12039 42
12027 12056 132
12034 12070 75
12057 12061 53
12057 12072 56
12075 12113 199
12085 12111 192
12102 12122 268
12122 12126 26
12141 12156 91
12148 12195 242
12164 12202 36
12173 12210 60
12178 12192 106
12208 12252 100
12230 12244 166
12260 12272 57
12290 12306 229
12309 12331 273
12337 12343 92
12341 12351 186
12369 12419 15
12379 12423 54
12388 12421 259
12413 12435 48
12429 12434 263
12444 12479 220
12445 12450 144
12449 12481 255
12473 12506 206
12478 12522 184
12500 12518 146
12515 12533 198
12524 12546 247
12543 12548 212
12553 12582 30
12561 12610 243
12573 12594 24
12594 12608 230
12616 12666 198
12638 12687 180
12655 12671 243
12677 12712 162
12687 12702 57
12705 12722 143
12725 12757 261
12747 12758 275
12777 12779 247
12780 12814 114
12804 12820 35
12826 12856 204
12851 12876 156
12870 12873 83
12894 12924 242
12921 12956 220
12932 12966 101
12958 12988 250
12972 13003 23
12972 12986 94
12973 12995 296
12983 12993 274
13012 13013 158
13034 13063 16
13039 13045 288
13069 13110 269
13079 13106 105
13079 13128 295
13093 13105 265
13118 13145 208
13143 13177 4
13164 13181 192
13191 13214 80
13217 13225 91
13236 13255 166
13261 13303 55
13285 13314 216
13290 13312 37
13317 13350 226
13327 13345 253
13338 13369 207
13360 13405 90
13389 13407 296
13411 13451 79
13437 13451 297
13458 13506 281
13465 13472 230
13487 13524 84
13503 13525 172
13524 13564 105
13525 13540 119
13526 13563 10
13544 13588 57
13564 13586 249
13588 13631 96
13589 13600 30
13598 13603 13
13606 13613 9
13620 13653 300
13621 13662 270
13651 13693 252
13657 13687 93
13666 13696 123
13679 13726 111
13691 13709 248
13709 13720 276
13710 13753 63
13727 13760 251
13746 13778 16
13763 13780 59
13766 13787 143
13792 13832 141
13792 13839 142
13819 13835 110
13830 13837 165
13847 13850 228
13875 13881 29
13876 13921 181
13897 13944 142
13901 13928 107
13930 13942 44
13938 13979 189
13946 13983 284
13974 14003 30
13983 14000 214
14000 14013 259
14029 14032 197
14056 14091 141
14084 14132 233
14092 14103 282
14101 14123 132
14115 14161 7
14123 14158 12
14133 14167 52
14147 14172 259
14169 14191 53
14179 14228 226
14190 14212 173
14191 14211 287
14214 14246 238
14228 14241 120
14248 14267 129
14270 14289 86
14293 14316 261
14322 14337 73
14327 14356 126
14356 14377 291
14385 14406 171
14403 14425 19
14416 14423 23
14437 14442 80
14445 14486 105
14464 14467 261
14492 14522 160
14515 14560 84
14534 14551 30
14564 14607 174
14575 14610 120
14590 14617 232
14616 14639 68
14633 14651 17
14635 14641 44
14639 14673 280
14658 14700 116
14686 14715 126
14693 14715 260
14697 14726 55
14721 14756 20
14723 14725 35
14727 14758 15
14737 14768 35
14758 14804 258
14769 14784 198
14776 14818 23
14803 14805 105
14820 14865 135
14838 14844 299
14841 14869 284
14847 14857 221
14847 14894 149
14859 14892 43
14871 14891 129
14888 14934 112
14914 14947 28
14915 14953 36
14943 14969 28
14951 14955 61
14952 14986 97
14976 15022 123
14976 15023 157
14984 15029 24
15009 15021 199
15035 15052 262
15058 15083 42
15070 15081 241
15080 15087 130
15107 15148 136
15137 15141 127
15167 15193 48
15175 15190 262
15186 15229 140
15201 15246 136
15201 15204 196
15216 15226 220
15242 15283 190
15266 15279 28
15290 15334 263
15297 15345 139
15301 15328 26
15331 15374 38
15338 15348 37
15341 15347 73
15346 15395 166
15360 15371 202
15370 15404 101
15374 15423 4
15377 15414 18
15384 15400 235
15402 15403 134
15420 15435 42
15449 15451 114
15453 15490 83
15456 15464 15
15478 15496 123
15483 15515 90
15500 15544 200
15520 15564 217
15546 15547 271
15548 15566 134
15573 15620 9
15587 15614 94
15593 15601 156
15621 15645 169
15623 15673 291
15645 15666 290
15672 15684 286
15682 15721 287
15698 15717 59
15716 15753 61
15719 15740 40
15721 15736 24
15749 15761 210
15767 15816 40
15788 15811 217
15803 15818 97
15822 15840 260
15852 15878 183
15870 15897 64
15893 15921 285
15894 15911 193
15894 15914 31
15904 15922 264
15934 15944 234
15954 15966 293
15975 16005 279
15978 16003 248
15991 16007 159
16019 16029 228
16025 16046 180
16039 16072 122
16069 16100 138
16088 16118 176
16113 16124 248
16140 16174 300
16150 16159 70
16160 16162 226
16166 16188 281
16188 16200 134
16196 16240 239
16220 16264 284
16220 16237 95
16238 16263 298
16261 16309 258
16268 16314 63
16281 16326 101
16285 16331 218
16286 16289 78
16286 16310 146
16296 16303 30
16307 16347 99
16330 16334 90
16356 16404 237
16365 16373 251
16382 16414 173
16398 16410 229
16415 16456 112
16424 16455 166
16438 16467 27
16462 16495 299
16466 16486 171
16471 16496 280
16482 16497 145
16490 16522 130
16502 16551 282
16518 16548 223
16523 16561 195
16548 16567 89
16558 16577 161
16574 16614 132
16581 16602 170
16600 16650 211
16610 16620 85
16622 16651 290
16625 16651 71
16640 16675 103
16667 16673 258
16696 16730 65
16707 16719 108
16724 16768 160
16734 16744 14
16736 16765 117
16758 16803 171
16760 16808 119
16779 16789 272
16792 16794 102
16816 16827 50
16840 16841 10
16847 16879 179
16870 16902 164
16881 16896 183
16882 16897 127
16888 16909 66
16910 16911 283
16915 16927 209
16931 16948 211
16955 16974 153
16966 16999 66
16990 16991 62
17019 17057 283
17044 17078 214
17073 17105 239
17076 17090 103
17102 17150 145
17117 17137 294
17128 17167 90
17128 17133 176
17156 17182 259
17179 17184 163
17180 17222 283
17198 17241 296
17201 17241 203
17205 17228 32
17228 17271 254
17258 17270 134
17262 17263 36
17263 17278 264
17292 17303 158
17302 17351 208
17326 17376 68
17356 17376 283
17368 17388 9
17385 17396 257
17390 17400 154
17417 17428 173
17447 17476 53
17467 17491 30
17484 17520 278
17500 17536 124
17519 17547 279
17521 17526 157
17532 17561 15
17541 17579 242
17544 17574 28
17574 17581 154
17586 17612 102
17611 17639 252
17611 17654 8
17620 17642 79
17646 17676 289
17651 17692 152
17658 17679 279
17671 17691 100
17676 17709 190
17694 17732 113
17708 17734 31
17729 17738 154
17757 17802 123
17762 17802 185
17766 17800 26
17779 17793 183
17805 17851 268
17806 17829 93
17808 17814 60
17834 17843 163
17863 17874 33
17878 17926 71
17892 17919 187
17909 17950 106
17924 17946 300
17926 17939 289
17931 17939 67
17939 17961 26
17966 17998 57
17974 18000 237
17997 18019 69
18000 18021 128
18001 18024 58
18019 18069 259
18031 18047 67
18054 18096 204
18072 18093 278
18088 18090 205
18107 18108 263
18120 18132 113
18141 18143 73
18152 18186 213
18160 18199 190
18187 18207 63
18200 18201 277
18209 18239 227
18231 18248 129
18259 18308 245
18262 18293 298
18281 18310 67
18302 18319 116
18325 18342 256
18328 18372 46
18353 18368 255
18362 18364 280
18390 18409 140
18420 18432 49
18420 18467 158
18438 18472 119
18447 18483 274
18453 18499 22
18470 18511 245
18497 18540 14
18526 18573 123
18528 18558 271
18544 18553 139
18547 18591 8
18574 18585 264
18581 18599 46
18590 18607 232
18609 18641 122
18613 18630 3
18642 18666 213
18662 18704 104
18691 18707 256
18717 18746 271
18720 18761 8
18733 18780 19
18763 18781 256
18772 18776 169
18774 18817 281
18788 18808 274
18791 18795 170
18797 18810 126
18809 18836 26
18835 18885 245
18835 18843 155
18851 18871 294
18870 18872 59
18878 18912 133
18908 18941 217
18912 18940 292
18924 18970 2
18952 18964 174
18964 18996 105
18991 19017 292
19019 19058 164
19035 19062 124
19050 19057 248
19065 19092 18
19077 19097 28
19078 19112 234
19081 19092 287
19105 19121 288
19121 19146 66
19151 19164 286
19162 19173 145
19165 19207 62
19166 19203 260
19174 19219 190
19179 19196 238
19194 19197 253
19198 19220 33
19207 19253 17
19217 19256 296
19219 19226 135
19229 19240 169
19233 19273 278
19262 19266 163
19277 19312 143
19305 19324 238
19305 19328 189
19322 19357 184
19347 19367 214
19351 19386 180
19370 19391 67
19371 19413 258
19378 19414 154
19400 19421 202
19420 19426 36
19434 19455 270
19448 19462 27
19453 19480 161
19458 19462 32
19483 19509 116
19483 19508 95
19490 19515 205
19511 19534 291
19517 19518 37
19523 19535 91
19533 19583 230
19555 19585 78
19557 19568 4
19565 19606 72
19595 19618 269
19597 19629 104
19599 19614 238
19601 19606 147
19604 19622 256
19607 19636 195
19609 19643 171
19621 19643 237
19646 19672 136
19668 19706 49
19672 19699 277
19680 19701 131
19689 19700 230
19696 19700 134
19696 19732 250
19719 19736 61
19746 19747 41
19759 19780 267
19765 19775 11
19789 19798 2
19809 19850 57
19823 19834 115
19831 19853 131
19859 19870 128
19873 19876 236
19897 19941 117
19908 19946 93
19916 19936 4
19943 19958 45
19963 19998 46
19964 19981 57
19965 19989 288
19967 19993 80
19968 19994 51
19974 19983 291
19975 19998 103
19978 19991 48
19999 20013 41
20013 20033 258
20027 20035 32
20028 20036 274
20041 20088 288
20046 20055 165
20053 20072 91
20059 20083 234
20085 20126 102
20089 20139 241
20113 20160 279
20117 20147 45
20140 20148 115
20142 20148 149
20142 20190 266
20144 20155 288
20173 20200 142
20199 20217 275
20228 20243 142
20254 20291 67
20283 20305 157
20302 20340 282
20309 20321 277
20319 20367 43
20342 20343 206
20368 20370 271
20393 20439 119
20416 20466 126
20446 20466 131
20473 20515 144
20479 20528 14
20504 20540 188
20520 20529 112
20532 20551 236
20554 20564 222
20560 20586 270
20586 20620 261
20616 20636 176
20626 20649 122
20630 20661 139
20659 20671 35
20680 20712 29
20687 20731 187
20688 20690 63
20696 20710 253
20701 20742 153
20725 20734 58
20737 20740 205
20761 20801 206
20784 20834 21
20813 20853 45
20834 20876 242
20854 20860 161
20855 20881 239
20871 20920 117
20890 20897 121
20895 20923 6
20905 20923 212
20931 20969 83
20947 20959 237
20958 20992 22
20984 21029 67
21010 21051 268
21037 21086 223
21048 21067 9
21059 21104 2
21077 21084 52
21100 21150 38
21112 21162 294
21121 21128 137
21140 21163 103
21141 21153 275
21158 21186 226
21185 21204 215
21212 21223 291
21228 21250 216
21242 21288 186
21249 21285 269
21279 21309 47
21290 21293 113
21302 21351 93
21311 21333 110
21329 21372 18
21349 21391 60
21371 21402 146
21376 21387 14
21394 21438 28
21396 21410 81
21423 21450 211
21453 21478 102
21457 21490 225
21483 21514 179
21492 21529 223
21515 21562 64
21534 21559 217
21541 21565 55
21551 21595 270
21571 21585 83
21598 21641 101
21612 21661 163
21621 21642 190
21630 21636 119
21649 21698 138
21653 21665 69
21683 21705 265
21704 21728 76
21714 21737 9
21739 21782 129
21745 21788 168
21763 21769 179
21773 21800 103
21779 21798 75
21801 21849 177
21808 21812 251
21832 21857 218
21835 21878 113
21839 21855 205
21866 21871 122
21890 21896 2
21898 21906 209
21905 21935 115
21935 21975 267
21939 21960 86
21944 21952 98
21954 21962 231
21961 21967 84
21972 22018 240
22002 22018 103
22007 22043 109
22028 22050 293
22055 22080 278
22069 22080 17
22073 22077 44
22082 22113 228
22082 22123 109
22102 22137 26
22117 22138 180
22124 22125 176
22138 22162 242
22147 22149 222
22147 22173 135
22152 22202 271
22169 22187 226
22189 22229 119
22217 22227 160
22221 22224 178
22250 22292 80
22276 22278 205
22281 22315 230
22292 22312 191
22304 22347 90
22330 22374 45
22330 22353 77
22336 22380 284
22366 22374 6
22391 22404 270
22419 22466 27
22432 22476 29
22435 22448 191
22456 22490 226
22457 22464 118
22473 22521 54
22477 22488 31
22492 22495 18
22514 22519 290
22544 22556 144
22562 22570 16
22585 22596 235
22608 22609 122
22612 22618 48
22613 22623 215
22634 22665 166
22637 22644 202
22663 22690 214
22669 22713 237
22674 22700 16
22678 22722 283
22685 22728 152
22709 22742 16
22727 22729 45
22729 22771 41
22733 22745 90
22748 22790 274
22768 22794 249
22791 22813 54
22813 22835 290
22814 22829 174
22823 22871 93
22853 22863 73
22878 22904 236
22896 22897 144
22904 22939 140
22915 22947 275
22924 22937 56
22927 22948 178
22938 22970 57
22945 22982 132
22972 22979 224
22997 23000 69
22998 23012 135
23025 23035 104
23045 23055 152
23051 23096 4
23067 23106 170
23067 23087 77
23083 23090 250
23084 23122 137
23099 23135 80
23111 23136 121
23135 23160 265
23158 23182 21
23181 23204 171
23188 23209 192
23200 23249 179
23207 23227 200
23226 23239 9
23254 23295 23
23269 23284 280
23279 23301 107
23307 23355 259
23316 23332 54
23338 23359 141
23362 23404 14
23382 23396 89
23400 23412 176
23403 23409 142
23410 23435 149
23437 23446 106
23461 23485 35
23471 23496 19
23487 23509 289
23497 23511 236
23512 23526 291
23516 23561 101
23539 23565 280
23540 23562 286
23558 23568 259
23578 23609 277
23602 23615 32
23628 23671 129
23647 23668 203
23654 23683 241
23664 23699 295
23689 23690 293
23714 23730 82
23732 23766 230
23758 23792 44
23775 23817 245
23786 23787 233
23794 23807 213
23800 23849 121
23818 23842 139
23825 23831 155
23844 23850 10
23861 23909 27
23885 23905 300
23890 23933 50
23920 23958 110
23927 23949 203
23940 23980 103
23968 23976 102
23990 24033 67
24007 24054 168
24032 24057 90
24041 24052 6
24043 24064 77
24053 24092 180
24063 24072 279
24092 24140 181
24118 24122 117
24141 24182 249
24156 24184 152
24167 24206 57
24170 24174 104
24191 24196 275
24204 24213 1
24232 24235 277
24246 24283 43
24257 24271 162
24282 24329 4
24308 24331 189
24310 24328 171
24323 24336 30
24333 24373 201
24352 24396 75
24352 24389 149
24359 24385 271
24373 24410 81
24402 24431 21
24405 24429 22
24421 24439 155
24446 24459 99
24454 24498 60
24483 24498 78
24491 24528 233
24518 24533 87
24543 24548 130
24573 24607 81
24573 24614 113
24601 24605 158
24612 24644 155
24638 24681 94
24660 24669 63
24690 24729 47
24710 24714 66
24726 24754 37
24754 24800 25
24777 24809 142
24784 24793 27
24798 24811 43
24824 24871 237
24827 24848 46
24837 24852 296
24848 24873 4
24875 24925 165
24890 24904 100
24892 24923 228
24903 24917 219
24908 24942 32
24926 24967 119
24930 24931 71
24959 24963 223
24978 24983 15
24984 24991 248
24986 24989 281
25015 25030 122
25033 25054 218
25046 25085 291
25072 25079 254
25095 25119 193
25124 25126 265
25127 25134 124
25135 25185 48
25141 25143 41
25148 25154 120
25168 25202 32
25177 25210 129
25185 25205 51
25191 25238 118
25197 25233 14
25224 25269 278
25227 25231 242
25230 25251 119
25237 25278 105
25250 25287 126
25258 25300 155
25285 25311 147
25306 25349 87
25334 25377 34
25345 25379 215
25354 25398 165
25368 25413 174
25380 25388 280
25393 25438 207
25395 25428 106
25417 25444 198
25446 25459 107
25463 25486 7
25470 25489 177
25489 25514 34
25502 25505 141
25508 25533 28
25534 25576 263
25544 25586 71
25554 25587 143
25569 25617 41
25577 25622 197
25592 25618 158
25603 25630 197
25622 25627 290
25629 25651 201
25647 25660 34
25656 25668 172
25673 25680 29
25698 25725 92
25705 25707 68
25728 25754 232
25728 25773 27
25735 25768 135
25760 25790 68
25764 25810 8
25766 25799 172
25775 25825 189
25780 25803 89
25791 25819 90
25819 25831 240
25821 25826 198
25831 25835 275
25858 25900 209
25881 25928 297
25885 25892 119
25906 25923 246
25925 25965 152
25935 25975 274
25942 25962 63
25951 25983 63
25961 25962 195
25987 26028 282
25992 26028 93
25993 26017 245
26010 26055 126
26040 26070 30
26055 26072 252
26065 26084 147
26077 26084 140
26081 26086 48
26096 26134 60
26096 26129 222
26121 26137 230
26123 26167 235
26143 26185 262
26143 26185 275
26145 26181 273
26158 26205 180
26184 26197 245
26205 26249 156
26226 26244 159
26252 26282 10
26271 26305 246
26275 26286 63
26289 26321 194
26292 26317 44
26316 26349 22
26331 26376 36
26332 26350 23
26346 26364 272
26354 26374 102
26367 26413 136
26394 26399 117
26411 26424 194
26418 26467 40
26438 26471 45
26457 26476 62
26468 26494 123
26496 26517 45
26526 26534 268
26550 26567 215
26552 26564 157
26556 26578 9
26559 26587 271
26572 26621 209
26598 26605 86
26606 26618 110
26606 26629 94
26619 26628 179
26633 26650 121
26652 26673 190
26652 26682 178
26679 26708 224
26699 26729 270
26725 26772 30
26752 26765 104
26770 26791 146
26771 26791 3
26782 26789 120
26805 26831 65
26819 26849 224
26828 26851 264
26854 26892 1
26881 26910 83
26897 26926 67
26907 26927 128
26937 26971 244
26963 26971 30
26987 27032 259
27017 27048 218
27045 27049 258
27056 27077 28
27076 27090 128
27091 27104 219
27101 27139 54
27126 27148 222
27142 27146 190
27147 27156 248
27173 27220 286
27196 27216 27
27211 27233 258
27220 27266 100
27230 27279 213
27247 27297 142
27257 27258 172
27287 27304 175
27295 27340 20
27321 27331 128
27344 27361 281
27347 27382 237
27358 27390 187
27365 27370 181
27387 27419 56
27394 27435 244
27402 27425 141
27423 27447 200
27431 27458 3
27455 27504 27
27468 27494 73
27476 27521 203
27481 27512 230
27510 27513 82
27534 27573 298
27540 27585 189
27555 27582 32
27566 27580 147
27570 27613 34
27581 27610 41
27585 27591 106
27604 27613 44
27628 27652 278
27644 27645 188
27671 27677 58
27696 27710 286
27706 27751 34
27711 27729 154
27735 27769 57
27748 27782 57
27756 27759 164
27785 27819 7
27796 27818 178
27825 27869 170
27846 27853 19
27866 27870 119
27866 27882 267
27875 27897 212
27886 27890 83
27912 27955 61
27939 27957 47
27948 27990 127
27955 27985 197
27956 27996 110
27982 27988 170
27988 28017 130
28003 28007 238
28026 28052 128
28028 28047 119
28035 28044 26
28049 28075 171
28069 28092 20
28084 28109 94
28112 28115 144
28114 28123 207
28140 28170 181
28156 28168 15
28178 28226 53
28189 28205 83
28214 28220 144
28221 28270 187
28245 28279 278
28256 28285 89
28272 28313 235
28276 28325 55
28289 28323 17
28309 28349 266
28339 28347 1
28339 28354 87
28358 28368 235
28364 28382 23
28367 28416 220
28371 28417 89
28382 28421 157
28385 28408 22
28409 28455 29
28418 28465 220
28420 28424 267
28431 28445 100
28431 28443 294
28457 28472 95
28469 28497 149
28481 28520 253
28509 28525 230
28511 28557 93
28519 28557 165
28530 28532 120
28554 28598 177
28558 28587 18
28572 28574 40
28596 28619 300
28623 28651 212
28634 28668 281
28645 28667 99
28654 28698 2
28672 28698 231
28678 28690 214
28708 28743 131
28728 28755 202
28731 28766 57
28748 28754 284
28755 28774 139
28766 28794 31
28795 28845 35
28806 28848 284
28814 28822 167
28815 28830 194
28821 28833 139
28834 28867 119
28856 28900 26
28871 28890 166
28876 28889 161
28904 28911 150
28905 28944 1
28910 28951 113
28927 28962 39
28940 28982 182
28948 28988 25
28977 29026 273
28981 29016 53
29009 29016 162
29032 29075 191
29035 29075 204
29036 29084 38
29041 29047 47
29066 29067 159
29066 29091 189
29094 29103 120
29109 29122 36
29110 29142 265
29124 29149 104
29124 29139 267
29145 29178 35
29152 29175 194
29179 29196 42
29197 29243 69
29223 29270 222
29228 29278 269
29232 29253 120
29253 29266 38
29253 29259 112
29278 29287 87
29296 29311 266
29302 29308 44
29311 29323 206
29329 29369 259
29348 29371 68
29355 29398 111
29377 29412 79
29400 29425 202
29422 29472 30
29428 29448 206
29434 29445 200
29452 29479 107
29454 29470 277
29472 29507 254
29477 29506 16
29483 29485 127
29501 29533 45
29530 29545 169
29551 29580 37
29562 29571 22
29565 29582 125
29580 29608 234
29588 29622 283
29613 29638 181
29637 29651 249
29648 29665 16
29677 29682 238
29679 29713 240
29701 29729 118
29729 29768 12
29736 29784 185
29756 29777 133
29768 29815 125
29784 29824 37
29797 29823 246
29803 29832 270
29805 29850 168
29823 29856 273
29824 29867 18
29838 29857 163
29864 29881 43
29867 29914 189
29896 29946 133
29922 29953 258
29938 29957 56
29961 29996 196
29991 30006 228
29997 30045 50
30001 30042 297
30011 30038 222
30032 30068 45
30058 30086 60
30063 30083 261
30063 30089 42
30068 30081 23
30080 30102 145
30083 30105 292
30094 30144 141
30097 30124 131
30102 30126 284
30124 30156 218
30154 30197 77
30179 30213 27
30186 30207 217
30214 30226 179
30227 30272 138
30250 30259 174
30272 30292 105
30289 30309 165
30309 30312 41
30321 30341 259
30326 30334 285
30335 30380 108
30349 30375 203
30366 30414 46
30378 30418 233
30404 30410 30
30433 30446 214
30435 30438 145
30457 30484 171
30473 30483 200
30482 30511 139
30509 30543 265
30510 30530 74
30534 30539 152
30540 30573 83
30569 30610 238
30595 30598 40
30606 30633 201
30630 30672 178
30642 30659 268
30670 30713 32
30692 30740 112
30705 30718 252
30717 30758 207
30747 30756 211
30752 30775 291
30753 30777 126
30778 30821 224
30786 30788 231
30798 30819 275
30819 30864 290
30831 30833 210
30850 30879 206
30879 30882 186
30879 30889 266
30883 30885 137
30887 30933 49
30912 30960 10
30918 30934 254
30926 30935 126
30936 30984 4
30961 31001 20
30970 31008 126
30987 31033 117
31010 31032 177
31015 31050 263
31024 31054 30
31033 31040 275
31037 31057 195
31060 31071 174
31080 31123 112
31089 31132 234
31102 31130 184
31119 31156 122
31130 31149 266
31134 31154 296
31135 31150 134
31162 31174 130
31180 31207 227
31208 31247 77
31222 31254 66
31229 31273 118
31231 31245 40
31239 31259 213
31256 31276 247
31286 31297 186
31314 31358 17
31316 31366 36
31346 31392 190
31373 31412 46
31390 31423 130
31419 31420 218
31447 31449 20
31475 31508 36
31476 31506 155
31495 31530 226
31509 31557 215
31526 31532 21
31546 31576 4
31563 31583 140
31582 31584 88
31600 31622 171
31608 31638 83
31637 31671 271
31657 31701 186
31664 31670 238
31689 31736 83
31711 31759 133
31718 31729 160
31733 31750 75
31749 31764 273
31778 31783 131
31798 31812 134
31813 31854 57
31840 31843 13
31854 31901 88
31875 31889 40
31875 31886 110
31879 31918 99
31897 31916 135
31908 31957 216
31925 31961 67
31930 31933 60
31944 31977 87
31955 31985 114
31972 32012 80
31985 31994 88
31991 32039 25
32017 32057 140
32032 32079 228
32058 32076 238
32078 32125 54
32095 32143 55
32107 32132 59
32107 32146 151
32134 32184 125
32142 32165 79
32164 32189 20
32181 32215 25
32195 32236 102
32207 32223 50
32216 32225 147
32245 32261 286
32259 32285 7
32270 32288 27
32279 32290 106
32295 32313 181
32301 32342 283
32321 32328 226
32341 32387 284
32363 32397 9
32387 32437 54
32394 32420 26
32406 32451 64
32422 32439 132
32436 32478 115
32456 32457 64
32481 32525 213
32500 32531 173
32508 32534 122
32523 32553 89
32552 32582 114
32565 32578 144
32589 32624 17
32619 32656 277
32626 32673 17
32648 32690 10
32675 32697 226
32687 32696 191
32708 32718 1
32730 32731 76
32752 32789 210
32757 32759 221
32778 32804 223
32804 32827 225
32809 32811 65
32815 32835 21
32845 32876 97
32851 32890 253
32867 32907 73
32883 32916 243
32887 32897 210
32888 32907 263
32910 32928 117
32927 32929 74
32934 32964 275
32955 32998 41
32980 32993 92
32988 33012 218
33003 33008 222
33018 33057 294
33035 33073 237
33060 33091 32
33080 33105 178
33091 33136 200
33104 33129 21
33127 33129 134
33143 33151 105
33145 33158 31
33163 33168 247
33184 33191 166
33204 33244 278
33231 33253 18
33249 33294 37
33264 33311 9
33293 33309 77
33318 33348 39
33332 33345 144
33360 33393 282
33365 33402 300
33379 33408 249
33406 33446 123
33423 33432 285
33426 33472 97
33445 33480 296
33457 33472 26
33460 33468 71
33470 33514 56
33475 33481 222
33491 33516 280
33504 33536 50
33533 33583 233
33540 33562 254
33563 33571 194
33566 33576 267
33567 33586 276
33574 33622 35
33575 33611 193
33576 33583 133
33593 33607 185
33610 33639 114
33614 33621 249
33618 33623 30
33634 33644 132
33658 33707 184
33685 33720 32
33701 33727 231
33702 33723 48
33713 33754 283
33731 33748 63
33731 33762 213
33737 33763 90
33754 33758 128
33765 33800 95
33782 33819 245
33793 33833 66
33819 33827 234
33825 33850 116
33850 33865 254
33851 33857 295
33854 33876 259
33879 33918 22
33909 33927 219
33913 33936 221
33917 33943 136
33927 33949 298
33955 34004 8
33961 33996 266
33987 34027 191
33999 34041 129
33999 34024 241
34026 34037 18
34043 34050 287
34053 34098 197
34080 34112 271
34092 34107 248
34122 34168 299
34139 34152 254
34141 34151 116
34155 34203 29
34169 34206 294
34180 34216 134
34200 34221 48
34225 34233 266
34236 34265 200
34239 34264 161
34264 34279 120
34289 34293 224
34303 34346 105
34303 34346 97
34320 34343 232
34339 34364 49
34369 34386 210
34373 34423 192
34384 34408 181
34391 34395 223
34392 34438 262
34410 34438 276
34423 34456 140
34450 34467 292
34475 34484 118
34484 34532 36
34489 34528 234
34503 34531 198
34513 34540 245
34529 34568 51
34552 34595 276
34565 34598 15
34586 34605 57
34603 34610 145
34633 34673 6
34660 34699 251
34671 34716 42
34680 34717 110
34703 34728 226
34713 34739 9
34732 34733 112
34735 34761 281
34737 34749 243
34739 34746 146
34754 34780 36
34757 34800 145
34768 34769 259
34791 34799 107
34808 34827 216
34825 34848 108
34836 34886 54
34847 34865 277
34874 34898 20
34900 34920 16
34920 34959 117
34938 34958 91
34947 34957 212
34955 34992 276
34955 34968 30
34981 35020 63
35010 35056 117
35036 35039 14
35039 35085 118
35052 35092 182
35072 35106 159
35097 35144 225
35120 35141 108
35128 35172 129
35152 35168 50
35159 35181 191
35183 35217 103
35203 35233 204
35218 35225 1
35241 35250 19
35266 35269 94
35288 35306 240
35298 35310 13
35320 35331 157
35323 35368 204
35329 35377 2
35355 35361 222
35364 35402 91
35386 35411 250
35389 35433 59
35407 35435 199
35420 35432 292
35442 35485 167
35457 35485 72
35467 35483 57
35493 35534 166
35516 35548 145
35521 35559 276
35542 35559 273
35569 35591 9
35584 35622 142
35590 35615 297
35590 35626 69
35595 35632 239
35597 35611 248
35598 35623 180
35622 35631 210
35629 35630 202
35658 35701 55
35663 35684 175
35676 35720 40
35682 35712 149
35712 35729 145
35712 35737 211
35739 35763 213
35744 35789 189
35751 35788 141
35757 35799 277
35776 35825 157
35784 35830 9
35799 35823 277
35817 35834 274
35828 35845 174
35853 35869 91
35865 35877 217
35872 35896 150
35894 35938 35
35916 35954 41
35929 35963 124
35951 35964 176
35954 35974 147
35979 35996 137
36007 36018 243
36036 36057 288
36051 36091 204
36080 36109 41
36095 36107 285
36124 36130 220
36152 36160 271
36181 36206 194
36207 36238 94
36236 36280 179
36254 36257 23
36276 36307 170
36287 36301 276
36310 36320 88
36338 36372 297
36364 36407 46
36369 36381 64
36382 36385 147
36382 36391 252
36411 36435 294
36418 36455 64
36420 36441 236
36433 36444 92
36445 36487 208
36452 36502 2
36461 36507 132
36470 36483 187
36499 36541 196
36516 36559 158
36529 36555 270
36555 36556 142
36576 36587 228
36601 36618 250
36613 36644 17
36643 36677 71
36643 36689 123
36645 36660 58
36674 36679 60
36678 36695 148
36699 36713 177
36700 36735 139
36719 36720 92
36742 36749 300
36746 36766 259
36749 36754 257
36759 36801 233
36763 36791 130
36789 36825 269
36799 36844 123
36825 36868 153
36838 36853 223
36864 36891 274
36894 36930 226
36911 36916 18
36926 36973 25
36934 36979 37
36944 36970 283
36969 36976 252
36985 37033 159
37005 37032 14
37028 37039 85
37047 37085 81
37053 37064 295
37080 37105 45
37090 37115 123
37093 37133 168
37107 37129 158
37121 37157 104
37130 37145 143
37136 37176 287
37138 37157 60
37156 37200 268
37159 37182 179
37185 37203 132
37211 37213 135
37238 37251 89
37252 37277 156
37266 37291 77
37292 37296 262
37302 37339 276
37306 37343 43
37331 37368 266
37342 37364 162
37342 37350 220
37366 37398 43
37386 37417 83
37408 37445 229
37422 37462 193
37438 37472 139
37454 37481 6
37481 37498 50
37504 37518 256
37515 37543 257
37542 37563 111
37557 37566 267
37569 37616 266
37582 37604 198
37607 37647 132
37612 37640 40
37630 37637 261
37654 37703 283
37661 37704 37
37665 37703 68
37668 37711 175
37697 37719 288
37713 37755 84
37742 37781 90
37744 37770 76
37759 37794 200
37763 37797 189
37789 37825 164
37809 37822 251
37839 37849 207
37859 37867 131
37868 37878 22
37892 37917 101
37921 37970 290
37937 37949 245
37955 37976 124
37976 37991 196
37988 38019 99
37999 38007 91
38027 38036 130
38046 38092 174
38050 38063 159
38070 38099 8
38080 38085 136
38082 38100 19
38082 38129 136
38095 38109 26
38118 38135 154
38126 38157 154
38138 38143 36
38146 38160 102
38161 38184 216
38174 38182 139
38202 38232 162
38219 38240 241
38219 38266 222
38241 38268 291
38263 38283 221
38292 38336 201
38299 38315 194
38312 38342 64
38329 38365 96
38356 38369 299
38380 38391 300
38383 38413 56
38386 38412 5
38391 38417 112
38403 38432 151
38418 38432 73
38421 38446 113
38429 38466 68
38459 38501 271
38477 38516 180
38479 38497 258
38497 38499 272
38518 38552 248
38537 38564 190
38562 38591 44
38592 38604 205
38604 38649 240
38604 38612 65
38629 38637 249
38631 38635 8
38640 38684 161
38670 38718 47
38675 38725 34
38685 38717 14
38706 38710 152
38716 38744 4
38734 38757 163
38761 38780 131
38775 38816 64
38790 38806 169
38792 38795 245
38796 38819 145
38812 38813 127
38819 38844 29
38847 38853 264
38876 38908 88
38895 38932 233
38913 38957 250
38915 38927 114
38929 38930 291
38931 38938 299
38955 38980 143
38962 38981 46
38985 39013 294
39009 39056 109
39029 39037 77
39042 39060 127
39042 39080 264
39063 39088 298
39083 39100 107
39101 39120 71
39103 39141 23
39111 39118 94
39117 39124 35
39134 39146 300
39148 39168 252
39178 39189 300
39190 39195 71
39197 39216 98
39225 39274 161
39255 39288 52
39280 39286 211
39308 39333 231
39316 39364 278
39322 39352 279
39350 39382 263
39352 39368 237
39371 39382 11
39380 39429 198
39386 39424 78
39405 39434 103
39426 39443 43
39452 39478 138
39482 39508 140
39505 39508 283
39534 39553 70
39535 39584 34
39555 39578 265
39579 39603 101
39582 39603 23
39587 39631 18
39604 39654 109
39608 39626 36
39611 39621 209
39640 39660 130
39653 39675 168
39674 39720 266
39683 39697 224
39690 39702 77
39694 39713 144
39702 39752 223
39715 39737 263
39723 39731 245
39729 39759 185
39757 39785 187
39772 39800 190
39791 39815 285
39794 39829 281
39807 39841 175
39815 39825 220
39835 39855 296
39835 39880 275
39847 39896 203
39865 39885 101
39893 39939 255
39903 39917 18
39906 39918 123
39906 39913 20
39935 39945 150
39935 39939 156
39945 39966 218
39947 39970 43
39970 40009 126
39987 40018 113
39987 40001 66
39996 40028 36
40014 40045 198
40035 40062 12
40041 40086 136
40050 40091 86
40075 40118 224
40078 40090 284
40081 40084 137
40094 40136 112
40114 40162 53
40128 40173 182
40140 40187 198
40146 40172 214
40156 40206 15
40171 40186 142
40195 40233 169
40205 40232 147
40215 40242 283
40222 40242 87
40242 40249 285
40266 40271 27
40267 40309 145
40279 40297 34
40305 40332 211
40333 40334 9
40360 40390 270
40390 40435 128
40391 40439 207
40406 40431 288
40434 40461 78
40463 40490 171
40467 40510 232
40486 40503 101
40495 40514 288
40502 40537 266
40516 40564 7
40525 40571 159
40541 40545 134
40567 40588 22
40574 40602 237
40598 40629 262
40617 40624 116
40642 40689 199
40645 40689 204
40667 40670 15
40681 40723 27
40696 40736 153
40699 40739 270
40717 40738 97
40722 40758 206
40746 40766 6
40752 40782 102
40762 40772 211
40786 40802 279
40805 40826 186
40809 40845 48
40835 40883 260
40857 40858 164
40858 40887 191
40864 40894 43
40888 40930 216
40899 40913 32
40915 40942 261
40918 40928 181
40937 40977 163
40948 40953 242
40967 41009 152
40969 41014 242
40977 41007 294
41000 41008 13
41008 41055 259
41036 41038 224
41058 41095 73
41061 41091 186
41087 41116 221
41110 41142 145
41121 41123 269
41150 41187 197
41175 41206 87
41177 41184 169
41188 41235 227
41193 41228 283
41200 41221 249
41224 41242 240
41224 41228 172
41242 41252 147
41249 41270 35
41275 41294 176
41305 41343 240
41325 41372 291
41342 41363 178
41371 41395 104
41394 41415 120
41396 41436 146
41406 41442 112
41425 41431 295
41426 41475 251
41456 41488 5
41459 41464 14
41485 41492 19
41492 41540 22
41509 41540 272
41511 41547 212
41526 41559 64
41539 41581 27
41562 41586 272
41584 41634 296
41598 41615 50
41612 41650 269
41626 41627 40
41627 41652 223
41651 41659 239
41658 41684 262
41680 41689 38
41708 41711 13
41717 41747 141
41741 41777 266
41742 41745 213
41749 41797 84
41775 41781 13
41785 41819 206
41799 41838 206
41821 41836 260
41840 41864 38
41866 41872 78
41868 41911 208
41888 41922 282
41901 41922 96
41923 41971 213
41924 41971 5
41934 41940 72
41956 41974 75
41963 42000 150
41992 41997 41
42003 42023 151
42030 42055 46
42057 42090 195
42085 42129 161
42093 42127 257
42111 42128 208
42125 42142 21
42154 42168 89
42175 42225 117
42204 42253 19
42210 42218 145
42223 42253 100
42223 42267 142
42229 42249 109
42258 42306 278
42279 42303 194
42302 42320 274
42331 42334 254
42333 42375 27
42338 42367 272
42345 42374 127
42362 42394 275
42369 42416 37
42384 42415 53
42391 42420 86
42416 42433 135
42441 42467 290
42457 42499 12
42464 42489 151
42485 42496 261
42500 42539 30
42527 42577 174
42554 42574 80
42560 42593 206
42581 42591 290
42595 42640 237
42600 42641 57
42610 42644 110
42630 42636 209
42648 42659 118
42655 42675 111
42672 42709 79
42677 42713 260
42702 42708 23
42725 42742 107
42754 42774 242
42771 42772 206
42777 42806 34
42790 42795 10
42816 42826 252
42843 42885 113
42858 42869 140
42869 42892 121
42882 42931 166
42898 42917 239
42916 42923 81
42929 42945 92
42936 42937 108
42951 42957 11
42975 42983 285
42997 43003 50
43018 43030 298
43042 43079 289
43063 43082 289
43065 43115 274
43094 43142 92
43119 43120 8
43142 43184 287
43154 43187 86
43168 43211 189
43179 43195 149
43183 43196 71
43201 43244 196
43207 43243 262
43230 43257 296
43231 43255 140
43250 43279 44
43266 43274 226
43291 43333 187
43310 43315 226
43313 43329 100
43316 43339 294
43319 43361 175
43330 43372 91
43334 43354 11
43342 43391 217
43343 43379 35
43369 43404 63
43395 43418 131
43418 43422 193
43425 43456 148
43432 43467 295
43445 43495 140
43470 43481 28
43477 43485 96
43495 43499 157
43507 43543 23
43535 43542 91
43538 43565 34
43547 43583 168
43567 43569 293
43570 43604 112
43578 43614 283
43594 43614 248
43619 43628 154
43622 43636 107
43638 43664 131
43664 43680 128
43675 43723 266
43702 43741 99
43727 43774 188
43735 43764 159
43751 43767 85
43764 43813 274
43787 43788 105
43808 43832 296
43811 43849 226
43824 43829 202
43839 43841 139
43851 43861 256
43855 43869 2
43884 43934 159
43891 43895 140
43911 43924 277
43917 43926 224
43941 43953 5
43959 43964 282
43985 44004 156
43998 44022 193
44003 44011 234
44022 44046 127
44037 44053 278
44050 44067 188
44058 44095 177
44062 44086 36
44091 44093 209
44099 44138 115
44116 44152 119
44123 44128 93
44125 44164 195
44131 44151 224
44141 44161 207
44163 44180 223
44191 44196 237
44199 44218 265
44215 44265 158
44218 44254 18
44231 44232 215
44256 44278 110
44282 44288 76
44311 44346 139
44312 44318 267
44324 44333 46
44344 44353 27
44354 44356 225
44365 44377 284
44392 44404 242
44419 44436 196
44436 44464 152
44455 44487 163
44458 44497 237
44458 44471 214
44486 44515 245
44490 44515 200
44507 44519 171
44512 44525 289
44512 44523 82
44532 44547 243
44559 44574 70
44572 44575 207
44576 44603 143
44582 44621 18
44596 44632 137
44615 44664 31
44645 44691 44
44675 44709 58
44692 44724 194
44693 44709 139
44704 44735 133
44704 44717 127
44714 44738 114
44723 44758 196
44741 44786 225
44764 44791 172
44777 44790 9
44779 44799 299
44795 44812 142
44807 44817 268
44815 44830 81
44816 44842 214
44828 44875 195
44852 44876 198
44867 44879 175
44884 44895 279
44912 44948 47
44913 44946 36
44941 44961 220
44956 44973 92
44976 45010 39
44988 44991 17
45004 45024 176
45009 45034 31
45021 45068 255
45022 45037 143
45023 45027 206
45040 45075 62
45054 45055 221
45080 45097 292
45102 45125 97
45126 45169 156
45129 45137 207
45137 45176 182
45138 45179 157
45167 45208 254
45188 45190 162
45199 45222 125
45217 45255 154
45223 45271 208
45229 45279 231
45257 45276 31
45286 45311 140
45301 45311 40
45302 45347 89
45312 45352 295
45324 45328 21
45350 45385 186
45373 45420 175
45394 45426 160
45406 45444 42
45426 45457 284
45434 45451 28
45434 45468 55
45461 45510 66
45488 45492 198
45510 45512 244
45526 45532 235
45538 45581 228
45545 45547 293
45551 45574 62
45554 45592 154
45576 45594 99
45591 45636 52
45596 45611 229
45620 45667 118
45625 45662 93
45638 45686 31
45655 45684 176
45667 45697 49
45679 45686 293
45684 45689 197
45684 45709 80
45710 45711 130
45730 45738 79
45745 45795 149
45767 45810 179
45775 45809 60
45805 45811 286
45814 45855 269
45835 45852 62
45838 45855 210
45868 45877 281
45893 45915 64
45907 45910 271
45926 45942 38
45952 46002 253
45972 45979 47
45985 45991 17
46005 46010 235
46009 46022 105
46013 46018 293
46032 46056 184
46059 46067 41
46086 46113 120
46090 46096 260
46115 46130 242
46141 46157 121
46166 46174 267
46195 46221 295
46212 46216 78
46231 46278 211
46258 46296 57
46285 46312 99
46285 46323 293
46292 46312 205
46307 46326 139
46307 46314 152
46332 46341 111
46359 46388 209
46369 46417 37
46398 46447 115
46424 46467 209
46432 46461 135
46451 46467 260
46451 46470 220
46477 46502 55
46497 46525 300
46498 46548 287
46498 46530 177
46510 46556 268
46520 46523 179
46530 46572 251
46534 46577 183
46537 46579 162
46540 46555 164
46551 46556 252
46579 46598 157
46596 46615 97
46619 46624 17
46622 46623 125
46640 46642 102
46657 46665 144
46658 46683 142
46687 46691 73
46688 46735 85
46692 46707 243
46693 46696 169
46696 46728 66
46712 46754 214
46719 46750 287
46740 46756 196
46758 46765 241
46761 46804 256
46782 46829 299
46800 46825 87
46825 46852 245
46851 46896 144
46868 46876 181
46884 46918 18
46889 46924 182
46909 46946 252
46936 46974 185
46942 46945 200
46946 46961 90
46975 46998 170
46994 47031 81
47001 47040 113
47008 47021 225
47016 47062 256
47016 47065 40
47039 47080 292
47044 47047 1
47063 47081 152
47074 47109 136
47075 47112 220
47099 47133 112
47122 47160 50
47148 47181 105
47177 47189 71
47183 47202 241
47187 47225 206
47192 47233 151
47204 47236 197
47223 47265 205
47247 47290 223
47269 47309 234
47287 47291 158
47314 47343 251
47316 47362 153
47331 47380 31
47335 47373 235
47346 47385 124
47372 47383 247
47394 47443 86
47415 47442 19
47435 47473 77
47438 47482 35
47450 47461 209
47474 47520 23
47495 47541 298
47502 47544 24
47523 47535 219
47538 47555 232
47553 47559 288
47564 47589 129
47566 47583 95
47593 47604 130
47598 47615 194
47623 47638 277
47640 47646 230
47650 47681 25
47654 47698 269
47657 47677 96
47687 47704 164
47691 47733 189
47714 47761 253
47738 47752 36
47747 47767 267
47753 47797 142
47756 47782 88
47757 47796 200
47778 47785 191
47787 47827 70
47801 47807 293
47807 47812 51
47819 47821 223
47849 47895 239
47849 47877 171
47860 47881 100
47874 47883 262
47894 47895 230
47901 47904 156
47915 47931 100
47939 47950 114
47945 47951 117
47961 48009 223
47964 48000 62
47979 48014 23
47989 47996 243
48015 48065 250
48020 48056 111
48050 48070 30
48071 48096 175
48084 48125 51
48113 48152 213
48128 48162 231
48156 48196 178
48172 48195 177
48200 48215 272
48218 48266 264
48234 48274 107
48249 48293 37
48257 48270 181
48264 48282 245
48273 48316 190
48274 48278 26
48294 48296 178
48300 48323 235
48329 48370 66
48355 48383 154
48370 48412 249
48379 48414 203
48409 48453 242
48413 48449 55
48428 48476 53
48448 48473 233
48474 48511 254
48489 48515 145
48516 48549 166
48532 48556 211
48548 48560 76
48573 48601 215
48595 48645 232
48621 48647 32
48627 48672 208
48653 48662 105
48666 48694 146
48677 48679 138
48680 48688 68
48683 48714 273
48701 48704 137
48718 48737 77
48729 48765 244
48755 48803 213
48767 48797 270
48774 48800 287
48794 48798 46
48809 48825 5
48820 48832 208
48826 48853 73
48846 48847 200
48867 48877 225
48893 48909 128
48906 48935 62
48907 48921 258
48922 48968 214
48951 48975 16
48965 48990 184
48985 49012 293
48989 49004 99
49004 49005 219
49026 49074 130
49037 49068 213
49060 49106 71
49079 49080 17
49108 49155 294
49128 49176 21
49148 49186 23
49171 49180 230
49196 49207 205
49210 49227 223
49218 49240 298
49226 49254 52
49240 49275 190
49264 49293 189
49270 49307 193
49277 49307 155
49303 49309 284
49329 49356 65
49331 49332 218
49336 49367 13
49365 49393 84
49365 49381 100
49385 49431 31
49404 49434 293
49432 49481 291
49458 49477 297
49462 49467 277
49475 49489 273
49478 49500 116
49490 49506 82
49491 49517 73
49511 49548 239
49538 49566 181
49558 49560 280
49576 49582 115
49605 49632 272
49605 49632 128
49617 49653 280
49630 49638 170
49638 49641 126
49652 49693 188
49666 49709 22
49682 49698 235
49685 49715 212
49686 49722 191
49708 49746 300
49710 49743 26
49719 49753 144
49749 49795 46
49756 49798 90
49771 49806 3
49780 49824 172
49793 49812 135
49818 49819 89
49843 49852 20
49854 49896 156
49854 49892 161
49871 49885 221
49895 49898 112
49915 49928 220
49939 49967 173
49939 49985 44
49961 50006 255
49982 50025 40
49983 50018 274
49997 50039 59
50026 50032 111
50047 50097 273
50054 50092 166
50073 50107 293
50084 50133 67
50108 50124 235
50111 50143 127
50139 50162 220
50164 50212 213
50175 50178 242
50181 50224 261
50198 50229 169
50203 50218 114
50212 50248 183
50217 50225 83
50221 50228 185
50228 50261 281
50258 50262 15
50277 50309 88
50303 50346 255
50321 50347 136
50333 50348 294
50334 50361 237
50354 50379 100
50367 50379 175
50374 50388 232
50381 50420 159
50406 50409 127
50422 50463 198
50442 50446 235
50463 50474 141
50489 50519 87
50497 50513 177
50497 50511 43
50523 50525 141
50534 50543 240
50534 50557 262
50538 50566 175
50554 50581 293
50570 50620 41
50598 50642 98
50610 50651 263
50615 50618 59
50620 50655 131
50624 50628 235
50633 50635 238
50633 50654 104
50652 50671 262
50663 50668 54
50679 50686 148
50709 50738 124
50729 50777 205
50739 50740 11
50750 50753 81
50777 50816 286
50786 50816 37
50801 50817 37
50826 50863 258
50855 50856 226
50866 50869 138
50887 50911 263
50908 50919 262
50918 50931 256
50930 50962 196
50932 50946 70
50948 50970 30
50968 51010 167
50981 51007 112
50981 51022 68
50992 51006 61
51007 51026 148
51036 51085 220
51039 51073 187
51051 51093 113
51051 51086 124
51058 51063 24
51069 51081 298
51085 51126 10
51092 51105 69
51110 51157 179
51118 51137 77
51119 51169 45
51122 51149 45
51125 51172 120
51131 51134 21
51140 51148 32
51141 51176 73
51168 51198 213
51181 51185 298
51202 51220 43
51202 51222 137
51203 51222 224
51215 51233 21
51229 51259 297
51245 51256 162
51260 51278 11
51278 51298 182
51290 51339 162
51310 51358 264
51324 51337 261
51339 51389 283
51353 51396 116
51360 51371 28
51378 51385 177
51403 51425 251
51428 51476 50
51449 51468 204
51463 51465 93
51477 51492 273
51497 51516 186
51508 51554 143
51523 51572 190
51527 51565 238
51554 51600 255
51557 51564 281
51584 51634 139
51610 51652 209
51624 51661 248
51635 51640 284
51655 51657 95
51679 51718 229
51706 51732 205
51734 51777 126
51755 51792 19
51784 51813 6
51785 51792 197
51799 51814 183
51804 51831 293
51817 51830 8
51846 51892 186
51867 51903 76
51885 51915 254
51914 51952 103
51934 51942 258
51957 52004 247
51982 51984 32
52010 52031 284
52038 52049 224
52055 52078 117
52056 52088 220
52061 52073 248
52066 52091 125
52093 52099 108
52115 52158 125
52138 52175 152
52156 52196 157
52156 52172 182
52180 52230 75
52200 52218 222
52219 52239 105
52248 52254 46
52272 52304 106
52293 52298 221
52309 52339 298
52332 52376 76
52356 52365 128
52362 52398 239
52371 52397 172
52393 52395 227
52411 52458 247
52441 52458 163
52457 52493 26
52468 52487 222
52481 52512 204
52503 52507 129
52533 52574 177
52563 52596 179
52591 52620 134
52615 52639 34
52616 52659 109
52629 52669 147
52638 52670 132
52642 52662 27
52670 52684 70
52679 52719 105
52707 52736 289
52731 52751 57
52758 52775 176
52775 52818 244
52781 52799 112
52806 52825 208
52815 52843 249
52835 52885 269
52859 52892 117
52862 52872 80
52890 52895 48
52917 52934 280
52922 52923 287
52940 52968 4
52943 52986 234
52954 52967 130
52969 52999 94
52973 53000 24
52973 52985 198
52973 52994 86
52999 53011 87
53009 53038 209
53015 53038 172
53033 53040 108
53048 53097 151
53048 53071 75
53054 53085 171
53071 53114 152
53100 53111 26
53105 53136 128
53132 53156 287
53142 53171 89
53156 53185 227
53158 53191 236
53164 53169 278
53188 53238 148
53204 53231 22
53209 53233 257
53210 53257 1
53237 53251 163
53267 53295 235
53295 53336 265
53297 53327 149
53312 53344 277
53314 53345 135
53330 53348 12
53343 53349 54
53351 53380 243
53363 53368 213
53382 53424 120
53389 53419 225
53415 53447 214
53419 53461 277
53446 53494 219
53446 53465 194
53472 53515 142
53494 53541 20
53511 53539 33
53530 53554 9
53531 53555 11
53537 53538 183
53551 53563 130
53573 53574 54
53580 53587 208
53582 53608 12
53591 53613 20
53607 53611 262
53618 53641 13
53638 53646 146
53647 53689 141
53659 53705 159
53688 53723 168
53714 53739 221
53729 53731 59
53744 53774 59
53774 53805 16
53779 53813 6
53797 53805 239
53811 53857 79
53826 53851 267
53839 53878 57
53852 53860 263
53853 53901 88
53883 53900 264
53897 53921 146
53898 53903 11
53924 53926 178
53928 53944 202
53953 53957 184
53956 53962 265
53964 54010 192
53977 54015 169
53999 54030 298
54021 54029 56
54034 54080 266
54047 54095 218
54057 54071 123
54086 54089 83
54087 54126 213
54113 54116 27
54132 54144 268
54149 54161 50
54160 54163 60
54172 54175 290
54188 54235 164
54192 54203 37
54199 54236 234
54226 54232 106
54241 54261 42
54245 54255 2
54269 54312 252
54288 54334 151
54293 54308 295
54302 54351 144
54328 54370 160
54333 54376 124
54363 54379 108
54384 54391 205
54397 54411 76
54406 54422 43
54426 54457 214
54445 54451 260
54457 54472 299
54478 54515 98
54496 54544 223
54503 54534 143
54521 54552 261
54534 54551 215
54537 54577 206
54544 54564 79
54554 54581 4
54570 54585 35
54576 54579 291
54586 54605 297
54611 54622 153
54637 54649 104
54642 54685 234
54650 54651 296
54657 54658 117
54660 54704 73
54676 54717 62
54687 54697 159
54710 54711 205
54738 54753 284
54750 54755 34
54773 54808 256
54789 54826 17
54790 54837 73
54810 54858 149
54831 54855 283
54831 54843 16
54854 54889 133
54864 54913 299
54891 54893 120
54894 54907 227
54919 54928 64
54949 54983 76
54959 54968 108
54976 54981 35
54979 55001 284
55008 55047 231
55019 55066 140
55035 55081 253
55063 55080 82
55075 55111 11
55095 55108 6
55124 55149 106
55134 55167 250
55140 55155 111
55144 55158 79
55174 55217 292
55182 55225 111
55183 55197 266
55196 55216 237
55199 55222 19
55226 55242 75
55241 55242 73
55260 55263 130
55286 55293 165
55299 55318 65
55320 55341 240
55338 55372 133
55364 55398 280
55394 55430 156
55421 55461 227
55428 55438 76
55451 55488 68
55473 55492 19
55492 55519 176
55515 55537 141
55544 55567 54
55550 55589 61
55554 55559 92
55555 55562 175
55568 55603 78
55570 55573 170
55596 55615 19
55597 55625 281
55613 55632 19
55639 55642 173
55657 55694 271
55683 55706 143
55699 55725 203
55714 55727 85
55729 55755 33
55730 55746 296
55742 55778 33
55752 55756 166
55761 55809 243
55773 55800 250
55792 55829 253
55819 55831 184
55824 55825 175
55828 55867 135
55836 55860 160
55836 55873 26
55851 55883 65
55863 55908 189
55877 55901 143
55901 55904 98
55910 55944 142
55913 55962 157
55929 55978 166
55943 55978 69
55968 56001 138
55983 56009 159
55997 56017 44
56026 56068 256
56046 56076 29
56073 56114 290
56089 56130 282
56104 56141 251
56105 56119 2
56111 56118 105
56140 56171 262
56161 56173 52
56179 56190 265
56188 56214 156
56191 56226 138
56221 56246 176
56247 56271 130
56267 56298 94
56278 56303 50
56282 56299 285
56293 56295 163
56296 56308 251
56310 56355 142
56317 56341 250
56333 56365 112
56363 56391 142
56384 56385 3
56405 56408 244
56421 56445 71
56431 56458 241
56436 56481 12
56457 56478 208
56477 56484 197
56499 56500 142
56517 56567 244
56526 56532 254
56537 56567 14
56543 56552 21
56566 56598 194
56579 56583 46
56606 56631 72
56620 56643 72
56625 56652 299
56642 56672 280
56649 56677 94
56651 56682 142
56680 56685 172
56681 56714 171
56704 56737 258
56716 56744 228
56717 56748 27
56735 56777 54
56752 56797 7
56782 56786 112
56803 56831 282
56825 56857 298
56851 56887 74
56875 56883 106
56885 56935 78
56915 56930 148
56920 56953 207
56927 56931 171
56938 56949 294
56949 56985 57
56959 56960 30
56972 56981 286
57002 57032 188
57017 57059 111
57046 57061 261
57049 57097 213
57053 57059 152
57058 57097 80
57070 57072 129
57095 57131 153
57108 57133 64
57130 57164 111
57154 57172 140
57163 57198 241
57179 57224 297
57200 57225 10
57207 57241 95
57228 57237 99
57241 57277 251
57245 57256 226
57253 57275 258
57267 57281 266
57274 57306 174
57298 57308 193
57319 57320 31
57334 57344 198
57342 57347 188
57359 57398 207
57359 57406 81
57359 57363 97
57364 57403 211
57388 57423 296
57393 57402 23
57411 57459 183
57422 57455 236
57433 57466 199
57463 57506 42
57468 57499 300
57472 57507 284
57502 57504 75
57508 57524 53
57533 57577 163
57558 57577 80
57586 57607 108
57611 57637 79
57636 57666 120
57662 57671 165
57680 57698 68
57695 57722 31
57719 57755 35
57744 57749 72
57770 57796 98
57783 57788 196
57791 57812 221
57801 57836 253
57822 57872 190
57830 57854 289
57851 57860 161
57855 57873 110
57885 57933 95
57895 57904 25
57916 57930 134
57933 57941 150
57933 57943 201
57939 57964 245
57957 57962 226
57987 58002 153
57995 58010 243
58012 58026 162
58014 58030 57
58017 58062 177
58030 58074 174
58037 58056 138
58063 58085 12
58092 58118 142
58094 58138 148
58094 58124 204
58119 58141 30
58132 58162 108
58159 58190 95
58176 58211 112
58196 58226 251
58203 58208 34
58215 58246 199
58223 58271 291
58223 58226 122
58253 58286 41
58266 58283 293
58282 58297 62
58289 58323 124
58312 58340 114
58315 58343 293
58326 58338 229
58333 58347 76
58355 58368 1
58360 58361 127
58385 58395 247
58389 58407 266
58393 58394 237
58411 58455 143
58411 58417 258
58436 58479 272
58449 58453 24
58455 58476 10
58467 58498 53
58467 58488 57
58492 58532 94
58513 58549 70
58541 58545 6
58557 58558 192
58559 58571 29
58587 58588 8
58596 58645 227
58615 58630 6
58625 58652 127
58642 58674 80
58672 58700 169
58701 58741 130
58708 58735 250
58725 58749 121
58753 58754 130
58760 58779 186
58780 58828 224
58793 58827 134
58810 58828 222
58812 58819 267
58812 58825 10
58815 58843 124
58827 58831 266
58853 58903 250
58875 58893 159
58890 58916 95
58918 58955 73
58924 58931 300
58950 58984 213
58960 58968 259
58983 59015 228
58994 59041 234
59015 59044 78
59043 59063 109
59050 59059 273
59054 59103 143
59065 59066 227
59091 59107 65
59106 59143 225
59124 59142 292
59150 59159 252
59160 59164 127
59184 59212 260
59208 59214 67
59218 59231 250
59236 59263 135
59258 59306 44
59288 59335 296
59291 59327 50
59305 59328 69
59330 59371 171
59344 59381 203
59346 59355 217
59357 59401 12
59358 59394 36
59378 59391 225
59396 59431 29
59403 59410 283
59409 59442 196
59436 59473 76
59456 59496 57
59459 59461 196
59479 59483 146
59509 59518 57
59525 59573 30
59544 59577 112
59549 59591 293
59570 59586 19
59591 59629 204
59604 59606 29
59610 59642 133
59618 59636 203
59627 59641 53
59640 59651 30
59654 59671 29
59676 59709 67
59698 59704 91
59725 59730 86
59744 59790 241
59752 59788 188
59756 59800 295
59764 59770 81
59790 59818 134
59811 59833 3
59826 59869 186
59855 59901 167
59885 59915 295
59913 59930 98
59923 59953 26
59932 59945 220
59945 59962 34
59947 59980 77
59975 60001 99
59983 60023 144
59995 60003 162
60015 60047 265
60045 60074 37
60067 60115 244
60090 60096 292
60111 60144 79
60132 60153 46
60132 60140 239
60156 60163 34
60169 60173 197
60176 60205 206
60198 60202 241
60226 60236 85
60244 60261 255
60272 60303 169
60287 60309 61
60296 60346 153
60326 60334 185
60351 60375 128
60379 60417 271
60395 60401 192
60418 60440 175
60444 60493 120
60462 60485 190
60492 60519 163
60497 60528 140
60525 60542 253
60528 60538 80
60546 60580 149
60546 60561 177
60560 60605 255
60569 60618 45
60572 60574 203
60601 60625 208
60615 60651 186
60645 60667 178
60667 60681 86
60690 60713 92
60708 60715 269
60735 60750 225
60763 60772 1
60768 60801 77
60777 60793 254
60798 60846 46
60813 60819 162
60828 60836 244
60857 60866 38
60887 60891 213
60911 60928 290
60921 60946 223
60947 60982 176
60961 60970 141
60989 61016 203
61012 61030 36
61034 61055 240
61037 61063 215
61042 61047 41
61061 61105 177
61072 61090 187
61090 61123 111
61115 61163 9
61145 61184 67
61161 61201 228
61187 61197 63
61192 61202 27
61205 61245 234
61235 61262 289
61252 61274 74
61266 61287 250
61281 61323 139
61307 61312 156
61324 61333 219
61342 61390 17
61344 61393 52
61353 61398 164
61360 61407 211
61377 61380 15
61388 61412 235
61412 61427 117
61414 61429 265
61438 61485 202
61438 61455 236
61460 61467 238
61471 61517 151
61471 61498 111
61498 61532 144
61506 61547 294
61527 61549 204
61529 61535 25
61559 61576 286
61563 61589 61
61569 61576 71
61584 61589 44
61610 61637 265
61630 61648 133
61658 61681 175
61673 61718 157
61673 61697 82
61697 61710 142
61718 61759 259
61735 61785 234
61751 61752 127
61775 61822 281
61796 61826 150
61822 61868 83
61842 61860 155
61869 61906 4
61891 61914 139
61894 61903 119
61904 61929 267
61918 61921 5
61918 61941 214
61938 61962 247
61956 61968 11
61963 62000 133
61967 61973 1
61969 62015 205
61974 62008 36
61998 62024 5
62012 62025 109
62026 62040 80
62031 62054 297
62032 62077 56
62062 62065 186
62081 62111 224
62094 62102 299
62095 62096 123
62098 62147 96
62101 62116 156
62112 62128 186
62125 62140 154
62146 62184 198
62171 62177 195
62190 62220 288
62198 62209 81
62214 62257 237
62217 62235 71
62223 62244 27
62243 62259 111
62269 62317 66
62288 62326 187
62310 62313 242
62325 62368 139
62352 62398 154
62357 62385 179
62386 62419 273
62390 62427 139
62415 62422 139
62443 62452 107
62471 62512 110
62501 62505 257
62503 62543 17
62518 62536 190
62524 62573 199
62546 62585 86
62574 62575 273
62603 62632 299
62604 62628 185
62611 62616 30
62630 62661 255
62649 62682 178
62660 62661 276
62667 62712 65
62675 62707 197
62695 62732 111
62712 62724 59
62737 62738 198
62739 62749 253
62748 62765 168
62777 62786 292
62798 62810 154
62813 62853 23
62816 62838 216
62824 62849 118
62841 62876 91
62848 62880 182
62867 62879 127
62875 62887 146
62898 62948 226
62923 62942 247
62937 62972 118
62961 62994 18
62987 62993 169
62995 63032 200
63022 63027 115
63036 63046 238
63062 63073 177
63079 63126 221
63089 63093 285
63107 63120 144
63109 63126 79
63123 63131 77
63135 63170 209
63149 63152 148
63161 63164 63
63171 63196 220
63174 63222 209
63194 63199 206
63204 63205 183
63208 63244 52
63214 63233 55
63216 63241 274
63240 63246 70
63257 63264 44
63276 63303 40
63294 63319 201
63319 63327 23
63331 63373 99
63341 63347 242
63352 63382 223
63379 63403 167
63389 63412 79
63415 63418 68
63430 63454 182
63430 63445 124
63435 63454 200
63444 63446 284
63469 63471 15
63486 63512 31
63506 63551 13
63513 63515 237
63515 63563 76
63518 63554 190
63541 63545 248
63545 63573 135
63545 63553 119
63559 63574 36
63564 63570 157
63580 63611 228
63587 63603 129
63609 63622 299
63623 63631 229
63629 63679 184
63652 63690 26
63669 63718 43
63686 63736 150
63694 63739 164
63716 63734 152
63741 63773 41
63745 63752 205
63745 63760 105
63765 63771 31
63772 63809 111
63785 63798 227
63804 63837 148
63811 63849 245
63835 63878 115
63842 63870 47
63848 63869 150
63874 63923 293
63881 63929 280
63889 63904 94
63897 63918 188
63919 63923 13
63943 63978 181
63965 64000 278
63976 63988 90
63990 63993 225
64019 64066 177
64044 64093 72
64059 64082 147
64060 64062 158
64068 64077 207
64090 64118 133
64098 64102 182
64111 64153 10
64122 64155 36
64124 64164 288
64141 64170 149
64154 64195 235
64172 64195 211
64176 64202 273
64194 64243 18
64206 64209 139
64207 64244 253
64212 64220 117
64214 64238 141
64231 64241 19
64244 64248 172
64247 64294 132
64276 64298 181
64286 64294 153
64294 64339 101
64314 64316 119
64321 64352 118
64346 64347 168
64361 64397 142
64369 64384 255
64395 64421 82
64417 64463 75
64428 64445 202
64450 64487 64
64454 64489 47
64476 64498 230
64484 64522 217
64498 64509 213
64527 64531 19
64532 64542 132
64545 64556 31
64557 64602 139
64560 64601 153
64577 64579 222
64606 64637 29
64619 64659 195
64625 64644 159
64634 64661 54
64648 64681 259
64668 64712 19
64688 64730 133
64713 64752 135
64722 64751 71
64752 64762 248
64778 64804 183
64803 64826 76
64823 64868 174
64848 64868 255
64852 64855 59
64863 64907 217
64877 64911 186
64879 64882 37
64887 64910 127
64887 64897 142
64903 64920 59
64926 64927 181
64950 64988 103
64973 64995 165
64994 65027 239
65015 65062 180
65039 65086 241
65064 65088 85
65082 65122 76
65091 65092 80
65091 65135 244
65099 65121 51
65127 65130 242
65150 65177 262
65167 65190 88
65194 65243 51
65218 65223 254
65228 65250 300
65241 65285 11
65251 65264 122
65261 65297 240
65273 65313 286
65293 65311 173
65318 65337 254
65330 65348 137
65358 65389 155
65367 65403 142
65380 65389 287
65403 65405 19
65403 65408 59
65426 65468 243
65432 65436 136
65454 65464 135
65461 65505 233
65484 65523 120
65505 65517 9
65513 65553 41
65524 65570 23
65553 65594 83
65574 65588 262
65601 65636 81
65613 65662 125
65626 65629 159
65656 65669 170
65658 65708 203
65674 65718 204
65689 65720 180
65704 65708 279
65706 65718 153
65719 65751 287
65736 65772 23
65742 65773 272
65744 65757 123
65763 65804 75
65767 65785 172
65769 65778 286
65779 65786 298
65784 65792 110
65806 65856 185
65808 65830 144
65824 65871 111
65827 65876 129
65853 65883 158
65860 65905 199
65863 65883 204
65868 65874 38
65885 65933 264
65908 65922 123
65915 65927 93
65921 65953 55
65930 65950 49
65945 65972 115
65956 65973 190
65960 66005 77
65979 66021 231
65979 66018 295
65994 66011 133
65997 66014 249
66006 66036 54
66032 66038 227
66039 66044 120
66063 66087 6
66091 66139 66
66119 66166 146
66137 66148 148
66157 66176 27
66175 66209 182
66185 66187 47
66207 66237 263
66208 66239 192
66208 66253 205
66238 66254 152
66254 66262 147
66262 66268 218
66275 66292 133
66303 66352 293
66330 66334 128
66344 66389 194
66370 66406 52
66378 66421 295
66403 66444 245
66421 66439 199
66437 66456 145
66445 66465 177
66448 66478 105
66451 66486 199
66452 66491 221
66464 66478 285
66466 66467 91
66471 66503 278
66497 66511 286
66511 66517 234
66519 66538 294
66532 66558 43
66549 66552 146
66579 66612 193
66596 66638 210
66612 66657 296
66626 66645 124
66637 66665 80
66640 66679 108
66654 66681 125
66661 66694 63
66675 66680 59
66685 66735 179
66690 66724 296
66711 66728 159
66713 66755 81
66715 66757 139
66724 66774 214
66732 66738 16
66737 66752 296
66757 66779 150
66764 66806 52
66792 66838 115
66810 66849 45
66818 66847 218
66823 66869 193
66853 66885 259
66858 66906 208
66871 66874 40
66875 66893 236
66899 66906 136
66914 66924 36
66941 66955 1
66964 67001 250
66992 67007 154
67018 67021 268
67019 67066 128
67026 67043 42
67056 67073 287
67084 67117 115
67092 67131 215
67105 67143 93
67122 67134 110
67130 67167 29
67155 67157 75
67170 67218 84
67192 67234 225
67208 67243 56
67222 67261 29
67243 67290 169
67248 67267 16
67265 67311 161
67285 67299 20
67302 67326 270
67329 67352 241
67357 67367 178
67372 67383 74
67398 67436 54
67403 67413 91
67414 67445 201
67421 67434 240
67441 67464 25
67449 67483 222
67463 67512 81
67470 67519 114
67492 67537 116
67521 67562 278
67522 67528 241
67532 67556 140
67559 67573 253
67587 67588 27
67593 67626 162
67607 67649 201
67633 67646 19
67663 67701 52
67687 67725 18
67700 67712 227
67702 67727 249
67723 67753 86
67737 67785 129
67745 67773 194
67759 67802 91
67768 67787 139
67770 67790 167
67797 67847 163
67805 67845 120
67814 67833 215
67837 67847 234
67866 67872 188
67877 67899 254
67904 67954 262
67907 67935 258
67925 67951 97
67930 67943 189
67935 67973 92
67936 67945 83
67948 67970 176
67974 67994 36
67981 68027 73
68008 68048 243
68019 68055 129
68019 68043 119
68029 68045 69
68056 68088 123
68078 68122 208
68082 68086 96
68108 68117 50
68123 68173 289
68148 68192 59
68172 68212 239
68186 68202 237
68196 68217 256
68203 68226 282
68223 68267 17
68233 68237 175
68252 68262 243
68262 68277 114
68270 68314 207
68277 68319 87
68303 68351 236
68332 68356 25
68335 68368 165
68347 68385 234
68373 68421 2
68402 68424 148
68411 68442 37
68416 68447 166
68432 68463 236
68433 68436 71
68444 68482 293
68460 68503 145
68472 68506 192
68479 68503 2
68492 68509 6
68507 68550 223
68526 68559 103
68538 68540 149
68549 68590 169
68560 68607 51
68574 68598 2
68601 68650 252
68604 68636 193
68629 68654 62
68649 68672 59
68666 68709 9
68680 68699 245
68709 68725 281
68730 68748 291
68747 68795 9
68748 68794 136
68770 68814 202
68776 68798 4
68806 68855 80
68812 68826 255
68813 68860 263
68816 68818 87
68828 68855 179
68858 68892 154
68868 68905 295
68893 68936 113
68905 68906 238
68913 68955 227
68940 68961 276
68946 68967 282
68974 68982 269
69004 69042 168
69014 69040 172
69044 69066 148
69045 69049 253
69050 69056 5
69066 69083 180
69089 69137 167
69111 69150 283
69141 69183 64
69167 69208 25
69186 69197 32
69190 69238 111
69207 69212 251
69237 69280 279
69261 69263 244
69290 69311 287
69302 69340 129
69330 69354 179
69336 69340 205
69341 69364 254
69352 69362 27
69354 69389 147
69378 69383 57
69384 69388 199
69400 69444 292
69425 69427 125
69436 69461 175
69444 69454 52
69453 69471 252
69479 69526 58
69489 69530 81
69515 69526 255
69542 69577 100
69562 69588 51
69591 69610 285
69620 69639 132
69625 69660 163
69643 69669 121
69650 69651 133
69657 69685 66
69670 69695 190
69693 69710 165
69694 69725 41
69704 69738 278
69708 69722 229
69719 69744 155
69737 69754 87
69753 69755 285
69781 69804 207
69792 69824 205
69813 69831 205
69815 69859 33
69816 69857 207
69827 69845 135
69854 69897 221
69871 69897 47
69886 69935 145
69889 69913 94
69901 69916 19
69929 69935 134
69936 69945 105
69948 69964 240
69953 69971 78
69965 69995 230
69983 70004 9
69986 70024 122
69992 69997 62
70022 70043 76
70041 70071 286
70046 70056 252
70058 70104 114
70071 70099 53
70090 70129 18
70112 70115 234
70135 70158 107
70140 70150 296
70146 70151 9
70158 70164 178
70169 70205 166
70189 70212 287
70192 70217 135
70205 70220 142
70232 70236 26
70234 70284 78
70245 70279 3
70274 70317 180
70294 70317 80
70303 70334 286
70308 70324 229
70329 70359 90
70358 70359 146
70376 70422 259
70400 70437 192
70419 70424 79
70444 70475 282
70470 70503 141
70497 70506 21
70524 70530 122
70552 70565 17
70565 70602 10
70573 70609 266
70596 70635 264
70619 70652 181
70638 70642 260
70647 70670 90
70664 70710 196
70681 70683 249
70681 70692 104
70688 70728 38
70716 70730 254
70723 70758 187
70738 70743 186
70741 70754 175
70765 70770 205
70766 70790 289
70767 70779 26
70797 70838 163
70812 70835 88
70815 70829 130
70832 70849 185
70841 70853 283
70852 70861 92
70861 70894 274
70869 70875 60
70872 70909 260
70896 70918 93
70907 70934 242
70932 70941 131
70959 70998 240
70960 70990 124
70989 71030 47
70992 70999 201
70998 71043 88
71006 71028 186
71008 71048 236
71028 71051 96
71039 71044 178
71066 71074 209
71087 71108 251
71102 71130 289
71131 71139 87
71133 71162 85
71163 71183 26
71178 71183 298
71204 71207 232
71210 71248 15
71222 71226 66
71249 71270 229
71268 71279 156
71289 71293 201
71297 71339 182
71309 71312 143
71325 71357 55
71330 71376 86
71350 71398 152
71353 71364 192
71369 71376 58
71377 71425 178
71380 71385 285
71392 71414 87
71421 71424 216
71439 71486 229
71440 71441 284
71447 71470 148
71461 71466 37
71463 71509 77
71492 71521 30
71519 71526 19
71522 71558 223
71529 71536 26
71543 71560 108
71567 71594 31
71573 71596 42
71575 71624 176
71576 71614 130
71580 71616 153
71590 71594 187
71598 71647 244
71598 71624 212
71614 71636 211
71641 71682 282
71643 71687 230
71667 71685 207
71675 71687 262
71691 71726 158
71703 71724 239
71716 71732 5
71732 71751 21
71738 71787 28
71746 71751 257
71769 71788 115
71799 71808 172
71812 71829 281
71825 71852 182
71831 71856 201
71852 71881 117
71859 71869 250
71861 71866 297
71861 71868 251
71885 71912 196
71914 71918 78
71941 71954 156
71959 71996 162
71970 71985 247
71996 72039 195
72014 72031 196
72018 72033 90
72043 72080 22
72049 72083 62
72050 72058 85
72072 72104 134
72091 72104 146
72113 72162 197
72125 72162 109
72125 72172 124
72128 72168 225
72139 72146 91
72164 72180 115
72167 72186 46
72169 72171 175
72181 72224 8
72209 72231 270
72234 72256 48
72256 72295 224
72262 72284 286
72288 72322 106
72299 72306 118
72300 72304 139
72306 72328 130
72333 72346 8
72340 72376 237
72355 72387 214
72378 72420 7
72378 72421 140
72393 72400 288
72408 72454 161
72429 72479 179
72442 72478 6
72449 72469 78
72452 72497 299
72462 72464 247
72462 72481 160
72487 72519 48
72516 72526 73
72518 72543 293
72524 72545 165
72524 72550 24
72550 72552 223
72550 72585 253
72577 72617 202
72579 72619 284
72594 72622 259
72595 72624 238
72603 72628 297
72625 72641 140
72648 72673 72
72659 72667 166
72664 72675 133
72666 72669 54
72694 72744 127
72724 72737 185
72727 72756 109
72728 72764 294
72749 72751 78
72756 72802 183
72765 72774 163
72778 72815 109
72779 72805 216
72782 72822 206
72805 72827 122
72821 72843 66
72835 72860 205
72856 72886 229
72863 72887 229
72884 72928 288
72902 72904 189
72909 72925 34
72928 72963 231
72931 72934 47
72950 72963 225
72980 72989 206
73009 73018 121
73012 73016 18
73035 73043 133
73053 73091 111
73067 73081 63
73067 73073 133
73077 73079 97
73083 73133 294
73096 73121 111
73126 73156 177
73142 73188 191
73164 73207 71
73174 73183 94
73191 73223 291
73214 73252 3
73241 73260 175
73261 73292 207
73263 73285 2
73274 73315 89
73286 73308 285
73304 73305 101
73313 73346 213
73326 73339 126
73341 73383 57
73347 73377 273
73354 73364 61
73380 73389 157
73408 73452 291
73437 73445 96
73445 73471 172
73460 73487 51
73486 73503 87
73492 73493 42
73495 73506 256
73523 73561 40
73527 73576 226
73534 73578 243
73564 73598 50
73578 73586 225
73593 73596 35
73616 73640 58
73631 73637 220
73639 73686 164
73652 73691 132
73667 73678 123
73684 73723 274
73691 73696 128
73698 73720 68
73701 73720 297
73711 73717 222
73730 73735 83
73755 73771 234
73773 73784 48
73776 73786 136
73796 73821 98
73820 73854 169
73824 73848 1
73853 73868 91
73869 73904 166
73882 73928 60
73892 73918 245
73902 73918 159
73931 73943 117
73943 73946 272
73965 74008 91
73970 73977 260
73979 74025 195
73982 74023 20
74002 74034 126
74010 74049 140
74020 74061 118
74024 74035 50
74048 74068 208
74054 74104 73
74063 74094 119
74075 74100 217
74092 74129 131
74117 74123 290
74122 74145 270
74124 74170 255
74125 74156 85
74129 74154 238
74154 74201 255
74156 74198 58
74181 74223 268
74201 74235 148
74205 74243 300
74231 74245 285
74241 74287 65
74245 74277 145
74251 74268 121
74257 74258 24
74277 74319 143
74282 74289 142
74298 74326 36
74306 74339 239
74313 74314 73
74318 74324 278
74339 74341 153
74367 74373 181
74368 74388 223
74388 74436 74
74401 74404 89
74418 74441 107
74430 74463 102
74448 74468 205
74478 74526 274
74501 74525 16
74529 74562 47
74551 74575 266
74569 74590 135
74587 74607 13
74588 74603 92
74608 74644 231
74612 74630 85
74612 74648 210
74618 74660 276
74634 74676 178
74644 74645 6
74662 74669 66
74685 74730 294
74715 74758 262
74741 74762 240
74752 74766 48
74758 74797 137
74779 74781 290
74804 74809 44
74830 74853 203
74853 74875 248
