5000
17 22 203
19 67 293
30 33 225
44 68 245
62 78 171
64 67 79
89 121 39
98 146 17
123 145 56
134 160 270
157 193 160
184 231 209
199 240 285
222 237 53
235 243 172
256 288 162
269 278 108
297 343 25
324 372 71
329 353 160
329 366 196
333 355 10
358 394 140
383 397 299
388 426 113
393 420 137
407 413 68
436 478 82
456 462 88
486 490 143
486 526 228
497 524 275
501 522 92
509 535 180
510 513 290
537 547 280
556 605 187
560 608 134
585 590 242
605 606 125
632 651 17
655 704 223
682 692 213
712 720 154
728 748 59
730 744 265
748 783 218
767 800 246
786 789 216
791 828 17
798 843 197
800 837 254
806 833 63
817 818 180
829 876 102
839 860 121
856 862 250
857 889 120
875 918 152
884 934 229
896 945 184
924 940 221
950 972 117
972 1001 225
991 1039 244
1012 1033 168
1038 1048 237
1047 1059 86
1076 1124 178
1091 1114 61
1120 1154 161
1129 1158 172
1157 1199 201
1171 1175 36
1180 1187 34
1200 1218 255
1228 1239 283
1239 1247 97
1267 1279 70
1297 1318 152
1319 1361 88
1333 1335 246
1333 1342 79
1359 1385 86
1373 1416 214
1380 1398 296
1384 1413 157
1385 1386 300
1409 1455 257
1434 1471 163
1442 1489 17
1450 1466 279
1456 1472 10
1461 1475 111
1490 1497 285
1505 1524 248
1525 1540 57
1548 1568 28
1574 1620 9
1577 1623 75
1587 1599 182
1596 1625 138
1618 1648 286
1633 1640 1
1635 1663 38
1661 1667 120
1669 1698 288
1687 1698 137
1710 1721 90
1734 1747 155
1739 1769 5
1755 1771 62
1774 1821 79
1785 1800 227
1810 1824 87
1827 1869 284
1849 1875 192
1869 1888 147
1872 1919 226
1875 1918 291
1886 1907 76
1889 1897 23
1892 1927 293
1915 1923 266
1923 1953 124
1939 1941 135
1961 1996 48
1970 2017 91
1981 1995 74
2000 2010 187
2008 2009 208
2015 2048 233
2036 2080 157
2044 2068 42
2069 2074 145
2078 2116 16
2102 2138 100
2127 2142 82
2129 2132 74
2136 2144 67
2157 2164 165
2160 2195 246
2177 2189 133
2192 2209 39
2195 2203 7
2218 2233 65
2223 2251 194
2228 2266 101
2243 2291 248
2259 2269 239
2277 2326 147
2286 2305 127
2305 2352 226
2332 2363 237
2346 2365 211
2356 2372 251
2383 2408 149
2398 2411 157
2406 2440 298
2420 2458 127
2449 2489 118
2478 2525 93
2496 2546 15
2503 2516 60
2513 2528 257
2521 2566 158
2529 2564 71
2555 2568 249
2581 2588 193
2581 2612 251
2593 2608 36
2615 2660 218
2626 2643 290
2648 2693 37
2674 2680 107
2683 2693 290
2698 2744 53
2726 2749 54
2739 2747 86
2765 2802 96
2786 2834 44
2793 2843 94
2795 2796 121
2805 2834 234
2828 2829 37
2841 2861 260
2859 2873 231
2882 2899 84
2912 2931 49
2922 2964 177
2947 2987 5
2964 2971 296
2979 2991 118
2992 3012 34
3006 3007 9
3033 3046 233
3045 3081 182
3057 3084 73
3058 3060 211
3086 3096 270
3106 3124 102
3118 3163 11
3148 3159 252
3176 3189 161
3192 3196 277
3222 3260 294
3234 3269 166
3251 3300 285
3256 3257 148
3262 3280 125
3276 3306 193
3281 3309 147
3304 3340 229
3309 3341 4
3316 3329 214
3346 3394 98
3375 3401 14
3377 3406 154
3383 3421 32
3409 3423 203
3409 3412 256
3431 3450 176
3438 3471 240
3443 3469 167
3448 3486 226
3449 3465 36
3468 3505 254
3484 3523 287
3494 3537 159
3499 3510 31
3518 3563 123
3534 3580 42
3552 3584 160
3555 3582 54
3572 3580 13
3583 3605 154
3591 3637 199
3599 3632 185
3607 3628 290
3635 3638 186
3659 3684 160
3667 3713 298
3676 3723 19
3678 3683 130
3690 3704 37
3690 3692 73
3710 3730 156
3725 3745 95
3739 3757 111
3762 3793 190
3763 3798 238
3769 3814 193
3789 3790 17
3817 3850 234
3822 3854 254
3828 3859 43
3849 3857 143
3857 3903 175
3861 3890 35
3885 3899 146
3896 3900 46
3925 3964 291
3931 3940 277
3942 3987 79
3960 3962 261
3964 4004 169
3977 3991 220
3986 3990 206
4000 4048 290
4015 4026 98
4045 4087 158
4065 4088 153
4081 4094 114
4108 4123 230
4134 4144 15
4135 4156 297
4138 4183 150
4143 4180 262
4157 4196 292
4169 4210 133
4188 4235 274
4197 4211 93
4222 4259 293
4239 4252 226
4253 4277 187
4262 4278 93
4277 4318 61
4289 4333 287
4290 4309 60
4312 4314 272
4334 4352 130
4334 4357 191
4339 4357 268
4339 4379 260
4345 4369 10
4363 4384 147
4368 4387 3
4369 4405 222
4394 4409 74
4398 4424 190
4419 4433 267
4424 4442 111
4443 4447 152
4446 4457 142
4476 4489 200
4479 4482 84
4507 4526 1
4530 4580 103
4560 4582 216
4576 4597 215
4588 4597 72
4598 4604 172
4607 4637 147
4608 4650 2
4636 4679 266
4666 4699 152
4675 4717 266
4697 4745 77
4721 4764 86
4727 4775 137
4753 4786 52
4764 4799 189
4767 4805 293
4796 4841 11
4817 4864 8
4830 4868 53
4832 4851 55
4858 4880 279
4858 4891 295
4864 4907 180
4882 4892 59
4892 4929 142
4920 4927 244
4942 4968 69
4970 5000 251
4973 5016 237
4993 5024 72
4999 5018 275
5017 5028 209
5036 5062 117
5052 5071 186
5076 5084 92
5077 5104 235
5093 5129 165
5114 5150 110
5135 5156 147
5142 5175 128
5144 5150 298
5173 5210 230
5195 5231 239
5213 5234 167
5215 5226 168
5220 5245 195
5247 5285 72
5273 5318 29
5279 5319 224
5299 5320 55
5309 5319 292
5315 5317 43
5345 5348 244
5354 5355 281
5357 5361 93
5375 5414 246
5402 5452 53
5405 5440 280
5414 5453 288
5418 5422 284
5424 5459 246
5440 5453 251
5451 5455 273
5456 5506 95
5460 5491 291
5461 5485 201
5472 5486 92
5485 5525 114
5491 5524 46
5520 5551 233
5524 5566 101
5540 5586 110
5554 5583 208
5576 5615 29
5591 5597 147
5608 5633 87
5626 5637 297
5654 5673 284
5665 5686 249
5679 5714 74
5681 5723 33
5689 5695 2
5718 5761 124
5731 5766 268
5734 5737 212
5753 5784 221
5781 5795 152
5788 5793 174
5807 5837 6
5816 5852 197
5846 5869 209
5865 5900 91
5874 5896 44
5901 5912 270
5909 5923 128
5927 5959 156
5942 5959 64
5950 5964 29
5979 6028 289
6004 6005 106
6025 6052 243
6037 6071 249
6052 6069 69
6055 6089 216
6067 6117 176
6077 6093 147
6099 6118 216
6102 6114 136
6120 6122 274
6141 6142 105
6141 6170 256
6153 6191 59
6167 6191 98
6189 6204 20
6213 6251 194
6240 6255 202
6261 6276 26
6263 6309 34
6279 6285 114
6288 6315 251
6303 6313 76
6320 6369 244
6333 6381 206
6354 6404 203
6354 6401 59
6360 6393 100
6363 6373 247
6385 6404 188
6402 6441 180
6402 6420 207
6410 6448 177
6428 6474 166
6443 6462 1
6469 6496 16
6472 6477 122
6489 6498 157
6496 6546 37
6513 6532 265
6542 6560 22
6558 6597 208
6580 6627 10
6595 6644 125
6615 6636 67
6623 6669 275
6633 6656 288
6648 6693 74
6648 6650 103
6663 6671 296
6684 6702 200
6705 6724 18
6722 6737 141
6726 6774 274
6731 6738 217
6759 6797 79
6785 6806 98
6794 6836 116
6803 6833 146
6828 6839 141
6842 6885 76
6864 6898 207
6889 6931 284
6903 6943 37
6910 6944 75
6940 6969 15
6953 7003 175
6968 7006 44
6983 6999 236
6997 7029 278
7012 7048 124
7031 7068 61
7048 7070 129
7059 7060 163
7081 7093 141
7084 7096 172
7108 7132 129
7112 7146 56
7129 7145 7
7145 7191 221
7175 7209 149
7197 7218 183
7227 7240 251
7256 7302 3
7270 7302 278
7289 7292 292
7298 7342 239
7313 7324 28
7342 7357 4
7348 7382 166
7353 7377 263
7378 7386 82
7404 7433 100
7426 7433 40
7447 7467 222
7468 7488 247
7475 7516 157
7496 7512 147
7511 7512 5
7527 7568 272
7544 7550 111
7573 7577 244
7602 7604 162
7605 7630 135
7609 7612 161
7619 7638 288
7642 7650 201
7663 7700 299
7663 7664 47
7664 7698 61
7684 7692 223
7695 7735 38
7710 7717 121
7738 7755 284
7758 7803 179
7775 7806 75
7782 7821 290
7797 7829 31
7804 7831 283
7810 7858 8
7811 7861 92
7812 7837 124
7817 7823 179
7822 7865 129
7831 7845 92
7850 7864 106
7868 7909 216
7895 7910 214
7901 7935 4
7928 7940 297
7948 7991 147
7960 7975 50
7964 8008 245
7976 7990 174
7990 8015 258
8001 8029 237
8029 8074 238
8033 8050 264
8062 8073 227
8064 8092 217
8091 8139 239
8091 8097 124
8102 8150 282
8119 8133 207
8147 8162 48
8156 8182 249
8165 8180 117
8183 8223 74
8211 8213 45
8233 8273 79
8263 8286 79
8272 8293 191
8294 8310 137
8304 8350 72
8307 8327 133
8320 8363 280
8340 8359 48
8359 8367 91
8360 8378 222
8371 8379 107
8373 8418 126
8386 8425 247
8415 8446 217
8432 8446 52
8453 8483 257
8455 8503 180
8469 8475 35
8484 8496 147
8493 8507 219
8512 8554 12
8532 8571 64
8545 8594 111
8555 8601 146
8582 8611 245
8608 8652 4
8614 8648 281
8620 8638 102
8648 8663 177
8678 8723 80
8695 8729 252
8706 8714 18
8708 8713 4
8728 8755 19
8744 8788 46
8762 8788 263
8778 8799 195
8801 8847 134
8804 8832 179
8828 8868 194
8853 8856 160
8872 8891 83
8873 8907 83
8897 8924 233
8903 8938 114
8924 8958 181
8946 8985 51
8965 8992 1
8969 9015 44
8969 8979 44
8982 9012 40
8989 8994 217
9019 9053 234
9032 9064 150
9050 9089 56
9058 9081 40
9067 9068 216
9073 9098 300
9088 9100 163
9105 9148 63
9110 9152 42
9121 9134 57
9149 9184 73
9157 9169 135
9186 9235 135
9189 9209 65
9199 9237 139
9204 9215 234
9229 9273 169
9250 9281 196
9251 9280 170
9256 9262 12
9264 9265 49
9265 9305 166
9286 9311 17
9299 9347 224
9327 9349 279
9342 9388 89
9350 9368 76
9367 9371 253
9388 9397 255
9403 9416 262
9420 9429 23
9435 9450 278
9437 9445 67
9461 9492 188
9479 9480 196
9493 9527 32
9518 9534 33
9531 9566 109
9546 9588 173
9559 9567 35
9575 9610 202
9578 9624 59
9606 9617 234
9633 9668 21
9660 9683 127
9687 9731 38
9689 9692 218
9711 9753 132
9717 9718 63
9742 9751 168
9743 9751 108
9757 9760 140
9766 9775 92
9795 9813 156
9804 9805 169
9805 9854 169
9833 9852 285
9842 9872 148
9866 9903 1
9885 9912 92
9890 9931 90
9896 9897 144
9899 9930 94
9908 9951 260
9920 9954 300
9926 9949 249
9945 9989 98
9948 9996 233
9950 9966 130
9969 9973 187
9980 9999 28
9990 10008 43
10006 10028 61
10007 10043 7
10008 10053 147
10030 10054 127
10036 10068 282
10048 10050 142
10054 10067 57
10054 10086 216
10070 10113 10
10097 10098 152
10119 10129 211
10122 10136 36
10147 10153 295
10154 10184 45
10155 10161 272
10175 10221 290
10181 10218 296
10186 10194 176
10213 10216 82
10219 10229 193
10221 10250 23
10244 10268 212
10247 10254 152
10270 10319 203
10270 10291 2
10292 10305 188
10305 10340 100
10322 10323 13
10329 10357 238
10359 10366 132
10389 10391 57
10408 10447 33
10421 10439 116
10441 10448 30
10450 10474 287
10456 10483 17
10461 10464 100
10466 10501 185
10469 10519 300
10494 10543 144
10506 10531 261
10518 10534 73
10532 10542 235
10535 10580 201
10556 10588 268
10581 10597 114
10586 10594 289
10586 10632 80
10603 10639 162
10619 10636 252
10637 10673 239
10640 10686 198
10662 10690 142
10680 10727 296
10682 10710 132
10689 10730 29
10714 10743 121
10718 10756 244
10745 10767 127
10763 10783 186
10772 10776 89
10780 10826 95
10807 10816 73
10821 10844 178
10836 10851 125
10836 10876 162
10856 10858 8
10886 10929 134
10911 10931 122
10937 10977 17
10950 10983 201
10966 10988 5
10969 10990 281
10975 11011 204
10980 11021 269
10995 11020 299
11013 11027 74
11019 11034 125
11046 11067 212
11074 11121 170
11079 11113 127
11082 11105 223
11109 11120 110
11125 11136 182
11148 11151 27
11165 11190 285
11180 11200 150
11190 11206 145
11204 11214 283
11231 11278 75
11249 11251 187
11274 11312 88
11303 11317 229
11316 11324 223
11339 11379 52
11366 11407 91
11387 11403 131
11412 11417 76
11421 11443 276
11436 11485 277
11450 11469 22
11459 11461 158
11489 11532 159
11514 11555 114
11539 11565 178
11564 11588 42
11579 11596 213
11590 11616 189
11607 11609 207
11634 11678 264
11653 11686 148
11673 11707 186
11702 11727 141
11727 11760 119
11746 11752 143
11766 11798 185
11777 11789 139
11794 11824 251
11804 11829 154
11833 11837 140
11839 11872 92
11848 11861 192
11871 11903 171
11885 11930 269
11887 11902 289
11907 11942 245
11922 11931 87
11945 11953 252
11952 11993 214
11961 11973 149
11988 12036 114
12008 12025 300
12038 12045 17
12043 12068 188
12051 12099 14
12076 12098 151
12080 12086 34
12089 12108 251
12117 12164 217
12146 12192 292
12161 12166 154
12176 12211 272
12177 12186 44
12187 12208 47
12190 12208 295
12206 12252 19
12214 12251 255
12227 12231 294
12237 12259 216
12246 12282 108
12265 12289 97
12272 12277 155
12301 12327 102
12310 12326 55
12330 12337 277
12357 12402 108
12387 12425 98
12388 12422 147
12398 12402 74
12412 12415 142
12414 12427 68
12429 12465 275
12430 12472 183
12453 12464 75
12467 12512 237
12473 12502 274
12481 12515 18
12493 12529 106
12493 12498 264
12495 12521 131
12525 12537 279
12529 12550 167
12537 12561 29
12546 12573 5
12552 12561 10
12556 12604 82
12570 12595 105
12570 12604 93
12587 12627 188
12588 12625 89
12591 12616 183
12613 12659 182
12625 12644 107
12643 12675 156
12673 12674 186
12696 12712 137
12696 12728 165
12700 12713 138
12707 12748 151
12722 12759 293
12750 12790 207
12772 12813 259
12785 12799 102
12788 12821 59
12817 12834 155
12832 12853 188
12844 12882 172
12854 12860 243
12870 12876 129
12880 12914 105
12887 12915 194
12887 12909 137
12915 12946 300
12938 12964 291
12962 12992 239
12982 13010 170
13000 13035 10
13013 13048 35
13040 13070 295
13068 13110 123
13085 13111 164
13085 13099 169
13088 13118 213
13095 13127 257
13118 13166 68
13131 13164 243
13140 13171 141
13170 13190 40
13193 13232 277
13203 13224 101
13215 13223 65
13233 13240 61
13244 13268 93
13251 13270 210
13255 13292 200
13259 13266 139
13270 13311 101
13299 13340 13
13326 13332 246
13344 13384 299
13368 13418 260
13398 13448 184
13412 13439 249
13440 13452 141
13461 13471 90
13485 13521 261
13489 13520 32
13509 13558 113
13533 13580 147
13547 13582 189
13571 13581 225
13571 13600 291
13574 13597 163
13576 13607 109
13601 13622 189
13604 13614 254
13608 13630 169
13633 13664 256
13659 13691 185
13676 13690 21
13683 13707 46
13696 13703 14
13699 13728 287
13702 13718 190
13702 13739 186
13705 13730 55
13712 13713 91
13727 13776 36
13730 13757 79
13760 13768 163
13789 13810 52
13797 13831 137
13798 13842 27
13802 13838 177
13832 13852 293
13849 13853 56
13850 13852 174
13874 13894 221
13880 13923 228
13907 13908 219
13932 13957 173
13946 13994 198
13968 13970 207
13982 13992 155
14006 14032 259
14034 14057 128
14062 14106 130
14079 14125 280
14099 14101 240
14113 14131 78
14122 14167 156
14152 14174 186
14160 14199 115
14183 14216 295
14210 14235 267
14234 14236 292
14245 14249 287
14254 14294 161
14283 14285 221
14300 14336 31
14325 14348 108
14334 14382 263
14354 14389 262
14381 14416 84
14401 14410 25
14431 14481 189
14439 14445 59
14445 14464 268
14452 14498 63
14454 14470 300
14471 14487 228
14482 14495 238
14499 14531 158
14519 14552 141
14548 14581 64
14554 14556 161
14578 14588 94
14581 14626 284
14587 14634 141
14614 14630 20
14635 14669 22
14649 14685 113
14678 14709 234
14700 14725 174
14701 14714 207
14721 14739 300
14741 14758 295
14753 14802 192
14757 14802 14
14777 14787 116
14801 14813 11
14820 14826 203
14820 14830 57
14826 14867 72
14844 14856 261
14859 14865 149
14882 14886 13
14897 14925 225
14908 14913 87
14926 14929 131
14945 14986 284
14972 15010 179
14986 14999 60
15010 15031 225
15025 15030 93
15036 15047 135
15062 15082 289
15079 15100 297
15103 15112 70
15131 15179 233
15146 15191 1
15148 15178 276
15166 15205 40
15168 15207 226
15174 15205 126
15204 15229 276
15231 15243 47
15253 15283 245
15269 15314 216
15283 15289 218
15284 15312 170
15296 15303 178
15311 15350 191
15330 15352 156
15331 15367 200
15333 15360 96
15342 15373 145
15368 15405 252
15378 15386 54
15395 15433 201
15409 15413 205
15426 15427 164
15428 15467 178
15441 15458 45
15451 15487 232
15468 15477 82
15487 15491 290
15508 15516 276
15538 15573 18
15556 15588 34
15561 15604 101
15573 15595 125
15576 15612 298
15597 15629 263
15625 15640 270
15644 15688 96
15655 15668 21
15683 15725 175
15706 15728 100
15720 15755 245
15722 15743 178
15737 15758 96
15749 15752 155
15754 15774 169
15760 15780 266
15767 15810 138
15768 15800 290
15793 15821 36
15811 15847 166
15840 15886 199
15855 15877 171
15884 15925 172
15904 15919 210
15907 15949 21
15910 15923 152
15937 15967 167
15940 15961 112
15960 15961 76
15968 15972 89
15998 16033 200
16000 16043 280
16019 16040 16
16027 16034 277
16055 16092 177
16077 16115 203
16077 16103 82
16082 16105 189
16103 16133 270
16105 16140 52
16105 16124 289
16115 16144 278
16127 16146 207
16138 16162 235
16162 16166 285
16176 16211 276
16193 16233 169
16220 16258 151
16229 16277 277
16245 16269 6
16272 16308 202
16300 16310 233
16313 16333 268
16335 16341 261
16348 16372 236
16359 16406 8
16385 16388 24
16389 16437 136
16412 16454 113
16424 16432 275
16430 16462 56
16445 16463 284
16456 16499 227
16472 16521 80
16493 16540 266
16499 16531 82
16511 16520 114
16518 16548 59
16539 16570 220
16568 16616 244
16587 16630 196
16615 16630 7
16636 16639 119
16651 16677 63
16653 16684 10
16681 16719 232
16702 16748 8
16707 16735 75
16726 16760 170
16726 16734 60
16748 16788 2
16778 16819 234
16798 16809 207
16818 16838 183
16831 16848 189
16848 16889 60
16875 16888 48
16901 16923 146
16911 16936 205
16925 16963 272
16934 16941 56
16936 16971 280
16950 16963 68
16968 16997 242
16977 16985 250
16991 16994 145
17011 17027 84
17021 17052 174
17047 17060 14
17054 17094 74
17074 17093 178
17078 17104 122
17099 17147 296
17119 17123 140
17137 17181 61
17155 17187 70
17180 17210 200
17192 17228 204
17214 17238 224
17220 17242 61
17234 17242 56
17256 17287 253
17285 17312 10
17307 17324 298
17324 17356 212
17344 17376 204
17369 17416 227
17371 17387 186
17397 17432 139
17405 17426 217
17422 17468 273
17438 17464 48
17439 17469 214
17453 17473 227
17454 17504 74
17481 17485 48
17506 17522 59
17511 17523 210
17516 17545 38
17539 17547 154
17557 17564 133
17581 17586 236
17604 17632 108
17610 17629 248
17634 17666 61
17638 17662 270
17668 17693 185
17692 17710 280
17713 17762 281
17726 17730 162
17743 17760 81
17762 17769 215
17789 17831 128
17811 17849 17
17812 17815 236
17833 17856 276
17839 17844 121
17855 17879 7
17871 17884 93
17892 17938 209
17893 17896 209
17912 17941 262
17935 17978 29
17943 17984 60
17959 17979 149
17979 18022 263
17995 18026 146
18016 18055 207
18019 18064 120
18027 18042 225
18045 18052 46
18046 18083 159
18046 18068 48
18049 18079 219
18076 18110 78
18076 18090 233
18090 18097 252
18091 18125 236
18102 18107 168
18115 18160 233
18138 18182 214
18147 18157 63
18167 18205 283
18184 18216 269
18203 18250 219
18211 18238 16
18235 18248 1
18252 18264 29
18280 18315 247
18287 18329 234
18295 18331 185
18310 18340 107
18329 18347 169
18348 18372 297
18354 18403 216
18375 18403 296
18391 18426 115
18401 18429 86
18425 18444 57
18445 18452 77
18452 18491 191
18469 18482 216
18478 18510 32
18498 18540 247
18522 18566 292
18541 18580 110
18553 18590 45
18572 18586 183
18576 18621 236
18598 18611 261
18605 18647 286
18609 18624 94
18619 18666 185
18638 18674 55
18655 18677 149
18679 18724 145
18680 18690 217
18702 18737 229
18712 18760 155
18723 18756 186
18728 18762 275
18739 18771 94
18760 18762 292
18767 18806 131
18780 18802 24
18790 18802 68
18802 18831 291
18803 18828 89
18824 18854 284
18842 18890 297
18849 18862 18
18861 18878 182
18883 18889 201
18907 18923 284
18912 18951 24
18934 18949 205
18950 18986 33
18979 19011 251
18980 19006 254
18994 19014 211
19003 19022 285
19017 19038 87
19036 19086 273
19045 19084 197
19057 19079 247
19057 19104 236
19074 19095 197
19083 19127 124
19098 19119 13
19123 19137 68
19132 19144 146
19141 19177 251
19157 19194 5
19169 19181 227
19192 19219 212
19199 19214 132
19203 19226 144
19203 19253 74
19213 19257 76
19218 19257 213
19241 19274 218
19248 19253 65
19261 19299 224
19272 19301 241
19293 19319 61
19318 19362 268
19345 19353 183
19347 19388 261
19358 19377 98
19372 19415 29
19399 19403 161
19415 19427 63
19426 19463 222
19432 19462 279
19458 19499 93
19469 19502 183
19486 19531 105
19513 19517 18
19540 19582 244
19552 19561 166
19561 19582 44
19573 19616 166
19585 19587 70
19599 19622 204
19599 19625 277
19626 19676 134
19637 19648 220
19655 19665 251
19672 19687 160
19694 19704 169
19707 19751 84
19736 19772 19
19760 19796 287
19783 19817 268
19808 19816 205
19837 19871 291
19851 19882 174
19851 19864 65
19862 19895 2
19890 19931 34
19894 19937 207
19915 19930 245
19925 19928 26
19945 19950 289
19956 19962 211
19960 20005 205
19976 20020 160
19981 20020 261
19996 20026 158
20023 20056 132
20053 20092 170
20072 20112 113
20084 20099 48
20095 20105 37
20117 20127 182
20132 20182 144
20150 20170 41
20168 20205 271
20169 20209 53
20183 20218 102
20187 20226 250
20212 20226 207
20228 20269 119
20253 20269 133
20280 20303 109
20295 20303 109
20312 20338 103
20319 20340 2
20342 20384 222
20369 20390 90
20379 20406 281
20409 20438 246
20422 20423 101
20437 20483 8
20467 20477 60
20490 20539 182
20500 20522 28
20522 20546 77
20525 20546 176
20530 20549 161
20552 20565 234
20571 20618 3
20601 20632 95
20608 20647 276
20632 20642 26
20655 20675 226
20669 20670 79
20671 20713 24
20684 20690 51
20702 20714 21
20711 20756 17
20731 20749 101
20752 20782 12
20756 20759 73
20771 20817 283
20786 20820 211
20795 20796 251
20820 20848 191
20836 20849 150
20861 20906 260
20869 20901 42
20879 20901 55
20904 20932 181
20904 20922 10
20926 20952 127
20956 20971 252
20969 21006 134
20998 21043 111
21006 21046 231
21034 21053 1
21048 21096 8
21069 21070 292
21079 21088 45
21106 21114 214
21123 21144 7
21152 21177 14
21166 21207 244
21194 21240 105
21194 21216 143
21204 21231 286
21233 21240 130
21247 21265 296
21259 21283 188
21280 21289 52
21300 21345 130
21307 21342 201
21336 21367 70
21359 21381 292
21369 21406 298
21378 21415 164
21400 21417 31
21424 21436 16
21447 21488 192
21451 21460 2
21465 21515 237
21479 21500 194
21483 21526 298
21513 21526 72
21541 21575 88
21543 21564 242
21554 21562 105
21558 21604 196
21582 21628 158
21609 21654 139
21612 21619 271
21635 21638 199
21653 21689 126
21679 21704 210
21709 21723 1
21723 21724 295
21734 21757 88
21756 21769 299
21786 21808 184
21793 21828 261
21807 21830 159
21814 21818 35
21836 21851 102
21842 21867 149
21845 21882 80
21850 21859 201
21857 21899 147
21873 21906 261
21892 21909 281
21901 21915 41
21923 21951 226
21930 21947 31
21932 21961 10
21962 21972 172
21975 22009 45
21982 22003 12
21993 22026 52
22012 22053 26
22030 22052 179
22040 22060 142
22045 22050 187
22074 22101 11
22099 22110 242
22104 22148 146
22117 22126 135
22125 22136 50
22142 22162 90
22148 22158 43
22149 22174 66
22161 22172 282
22166 22193 105
22185 22224 180
22187 22216 118
22197 22209 200
22227 22252 219
22234 22271 244
22259 22280 167
22261 22302 148
22264 22297 160
22278 22294 189
22295 22301 185
22308 22321 233
22315 22326 141
22326 22358 17
22350 22375 7
22363 22387 166
22391 22404 148
22409 22448 120
22429 22455 176
22455 22480 270
22483 22519 93
22508 22520 47
22528 22560 72
22532 22549 260
22560 22577 113
22578 22587 122
22602 22603 232
22608 22616 216
22627 22651 173
22647 22689 91
22675 22684 276
22703 22735 142
22704 22747 195
22709 22751 148
22729 22732 88
22758 22761 247
22787 22805 113
22800 22848 232
22819 22847 102
22822 22837 107
22847 22869 238
22861 22890 216
22878 22927 111
22898 22913 231
22926 22967 261
22936 22942 90
22950 22984 296
22959 22968 32
22981 23005 78
22983 23005 40
22984 23007 241
23002 23004 124
23021 23026 214
23023 23050 74
23047 23066 288
23059 23066 160
23070 23116 78
23073 23112 221
23089 23090 13
23116 23136 53
23124 23126 245
23153 23187 120
23161 23181 244
23186 23188 240
23187 23196 277
23217 23220 126
23226 23247 277
23247 23264 98
23267 23316 44
23283 23297 34
23299 23329 42
23317 23322 149
23335 23337 143
23362 23380 4
23388 23413 22
23404 23453 184
23409 23430 112
23431 23444 73
23440 23442 220
23455 23494 233
23479 23498 53
23490 23538 219
23490 23498 157
23507 23508 266
23525 23564 205
23541 23588 63
23544 23554 102
23573 23587 300
23600 23611 91
23612 23648 47
23613 23616 72
23614 23662 27
23620 23625 275
23635 23639 299
23649 23697 218
23655 23656 46
23661 23694 168
23667 23711 248
23693 23704 169
23723 23744 246
23748 23753 262
23761 23794 282
23780 23783 251
23801 23835 222
23812 23826 4
23827 23871 16
23854 23877 26
23856 23861 172
23881 23913 192
23897 23926 196
23923 23928 126
23947 23961 150
23950 23995 9
23955 23958 6
23960 23995 147
23975 23995 45
23999 24003 175
24018 24031 243
24027 24050 48
24047 24078 235
24076 24087 151
24079 24087 87
24101 24133 62
24108 24156 244
24127 24145 8
24137 24168 278
24148 24150 146
24177 24188 186
24178 24194 58
24185 24222 239
24200 24223 7
24225 24241 268
24239 24276 42
24256 24291 136
24276 24317 138
24296 24309 162
24320 24359 4
24321 24364 192
24332 24341 276
24359 24366 123
24365 24380 210
24381 24418 192
24406 24422 197
24431 24470 7
24451 24463 300
24468 24490 91
24479 24508 204
24509 24546 140
24536 24542 193
24562 24593 109
24569 24575 198
24570 24610 266
24594 24599 40
24603 24624 255
24608 24617 23
24623 24625 144
24652 24696 128
24660 24662 202
24660 24706 188
24668 24704 106
24698 24739 144
24725 24767 213
24739 24779 171
24756 24767 103
24780 24824 128
24782 24784 240
24792 24801 214
24821 24844 180
24841 24884 248
24851 24889 279
24859 24906 96
24873 24910 200
24888 24937 265
24917 24955 164
24939 24988 93
24941 24950 109
24964 24983 237
24967 25011 139
24990 24995 150
24991 25016 9
25012 25049 157
25025 25053 18
25041 25075 81
25070 25097 150
25091 25132 144
25113 25144 240
25128 25158 94
25131 25166 168
25145 25157 289
25169 25175 34
25185 25191 142
25209 25242 99
25232 25247 269
25246 25293 73
25274 25306 229
25288 25329 239
25298 25338 195
25328 25335 47
25335 25356 201
25361 25411 84
25376 25379 287
25394 25436 112
25399 25415 281
25425 25470 112
25454 25503 209
25464 25499 78
25471 25477 269
25483 25518 280
25498 25532 279
25526 25550 84
25543 25586 215
25556 25598 196
25580 25585 99
25607 25624 243
25625 25650 188
25655 25677 34
25668 25715 12
25692 25735 16
25714 25758 57
25716 25749 75
25721 25723 235
25731 25767 170
25760 25786 270
25771 25794 279
25800 25848 231
25826 25858 103
25834 25871 6
25859 25885 182
25888 25894 153
25907 25914 175
25922 25960 48
25946 25962 132
25956 25976 163
25973 25999 266
25982 26019 213
25993 26038 188
26011 26036 40
26015 26065 130
26032 26082 160
26035 26040 24
26049 26078 278
26074 26082 203
26096 26145 263
26098 26102 252
26104 26119 258
26114 26117 163
26128 26170 127
26133 26166 80
26147 26165 92
26162 26206 257
26180 26190 4
26197 26226 1
26216 26217 56
26233 26235 40
26247 26282 116
26250 26251 190
26253 26290 98
26273 26274 15
26273 26321 3
26283 26289 131
26305 26330 88
26335 26366 36
26338 26351 109
26356 26398 84
26384 26422 127
26396 26437 97
26422 26443 117
26440 26465 173
26460 26485 128
26489 26521 158
26510 26511 64
26534 26546 111
26553 26598 189
26574 26618 90
26604 26653 80
26632 26675 161
26647 26686 298
26672 26677 62
26681 26696 127
26683 26726 126
26687 26735 66
26712 26755 214
26718 26763 155
26745 26779 249
26761 26768 270
26769 26776 141
26788 26829 213
26793 26808 277
26797 26821 252
26815 26837 131
26844 26848 58
26867 26912 281
26877 26879 42
26878 26901 236
26902 26942 95
26908 26955 123
26920 26967 235
26929 26957 93
26947 26952 76
26956 26962 261
26970 27008 297
26975 27005 54
26998 27026 189
27020 27043 213
27033 27051 270
27037 27048 132
27050 27098 254
27050 27085 165
27074 27075 27
27104 27125 80
27127 27173 9
27142 27153 70
27165 27174 195
27186 27236 222
27205 27208 205
27221 27251 273
27242 27290 249
27244 27290 34
27247 27295 40
27268 27294 103
27293 27317 209
27305 27322 122
27307 27345 280
27336 27342 65
27343 27388 65
27363 27383 50
27376 27405 90
27399 27409 59
27407 27428 242
27410 27453 97
27439 27468 24
27463 27486 283
27489 27504 282
27507 27527 238
27535 27564 58
27541 27581 266
27548 27551 44
27569 27589 224
27583 27614 296
27610 27614 284
27620 27633 275
27626 27655 165
27643 27693 203
27650 27657 295
27654 27674 53
27674 27683 285
27699 27721 126
27720 27742 94
27737 27738 127
27746 27761 149
27761 27811 163
27764 27794 220
27785 27830 130
27808 27851 86
27835 27872 157
27845 27885 224
27870 27875 30
27881 27909 260
27886 27898 41
27890 27917 54
27906 27911 102
27924 27953 106
27930 27968 173
27953 27986 162
27977 28027 210
27988 28032 160
27989 28035 268
27994 28006 247
28017 28044 20
28035 28081 252
28045 28079 29
28062 28068 20
28079 28096 32
28096 28132 219
28121 28155 80
28150 28156 89
28171 28187 244
28186 28227 42
28188 28225 243
28200 28216 186
28207 28227 109
28231 28264 99
28244 28252 236
28261 28304 26
28279 28319 138
28282 28327 136
28305 28353 24
28333 28335 195
28349 28365 216
28376 28409 128
28384 28431 73
28391 28403 25
28403 28406 56
28421 28458 99
28445 28447 26
28467 28512 76
28490 28516 235
28500 28523 283
28529 28548 207
28559 28590 24
28569 28585 98
28578 28590 86
28582 28609 205
28607 28633 175
28620 28667 223
28641 28687 169
28670 28703 295
28681 28696 248
28682 28721 223
28711 28756 126
28722 28725 154
28745 28763 138
28764 28806 229
28782 28826 21
28809 28859 4
28813 28836 122
28824 28827 271
28834 28846 290
28850 28860 236
28880 28897 220
28881 28926 97
28898 28936 85
28899 28934 60
28905 28954 119
28909 28921 264
28936 28937 33
28960 28989 129
28987 28999 163
29001 29032 161
29016 29046 235
29016 29045 181
29016 29035 236
29046 29071 213
29046 29091 2
29076 29081 135
29090 29094 196
29104 29152 35
29108 29129 267
29113 29123 50
29133 29146 116
29137 29161 255
29142 29166 58
29170 29171 70
29195 29210 47
29195 29241 214
29206 29249 244
29211 29256 111
29212 29260 32
29226 29231 71
29248 29265 169
29263 29271 147
29264 29304 160
29273 29317 164
29278 29312 90
29280 29300 255
29281 29290 81
29298 29324 233
29313 29333 250
29328 29332 101
29332 29360 279
29338 29349 142
29343 29390 242
29347 29394 242
29348 29393 266
29367 29416 75
29394 29400 76
29404 29442 263
29423 29438 233
29446 29474 247
29448 29474 59
29471 29505 42
29497 29499 225
29520 29561 248
29522 29545 215
29544 29593 287
29544 29563 64
29553 29579 235
29579 29615 156
29580 29603 170
29590 29604 261
29619 29653 251
29628 29647 52
29638 29687 281
29657 29704 260
29665 29686 50
29674 29701 64
29689 29716 19
29699 29702 156
29704 29721 91
29717 29751 256
29732 29761 230
29732 29767 272
29758 29789 156
29776 29795 184
29799 29832 204
29811 29822 76
29831 29857 260
29840 29851 192
29840 29874 20
29848 29889 100
29870 29887 182
29874 29899 87
29904 29914 84
29906 29929 194
29935 29956 169
29945 29989 269
29960 30003 264
29984 29985 102
30014 30046 29
30041 30088 93
30054 30089 125
30074 30081 27
30089 30091 72
30093 30112 178
30097 30134 22
30127 30134 61
30153 30159 291
30154 30161 258
30180 30219 193
30200 30246 135
30219 30241 189
30230 30260 39
30241 30265 165
30270 30318 214
30289 30333 190
30319 30350 278
30333 30377 16
30356 30379 263
30365 30399 21
30384 30401 71
30401 30433 108
30420 30458 110
30443 30455 138
30468 30513 46
30470 30511 267
30493 30522 121
30513 30539 1
30535 30557 42
30553 30558 250
30583 30618 211
30604 30628 63
30619 30650 165
30649 30699 253
30669 30680 138
30691 30714 51
30695 30738 20
30710 30741 173
30723 30724 174
30733 30783 270
30738 30773 161
30748 30774 54
30777 30816 210
30793 30810 131
30815 30822 209
30826 30871 49
30836 30876 244
30853 30892 59
30853 30859 48
30860 30882 141
30868 30901 281
30885 30886 270
30897 30906 101
30899 30908 148
30908 30926 39
30923 30951 240
30935 30960 121
30952 30961 21
30980 30992 96
30992 31007 146
31008 31056 150
31025 31057 118
31031 31044 153
31060 31081 231
31076 31082 105
31094 31100 265
31121 31124 258
31124 31127 83
31137 31156 26
31154 31186 284
31179 31207 223
31180 31201 108
31190 31207 297
31211 31229 26
31233 31242 19
31257 31276 267
31269 31274 173
31280 31300 38
31289 31338 55
31310 31322 5
31330 31341 68
31349 31375 123
31351 31390 53
31374 31401 39
31392 31404 251
31406 31440 76
31411 31452 94
31412 31426 194
31421 31430 290
31435 31453 158
31436 31475 131
31436 31452 73
31443 31457 276
31455 31500 79
31461 31497 52
31484 31489 55
31510 31515 47
31521 31558 274
31534 31540 23
31552 31569 260
31560 31574 246
31565 31580 3
31595 31609 96
31625 31669 174
31631 31665 75
31659 31665 230
31670 31696 17
31700 31749 209
31700 31741 296
31710 31760 179
31711 31726 51
31735 31751 104
31737 31776 158
31766 31808 155
31785 31786 177
31805 31825 160
31826 31856 230
31835 31847 192
31859 31897 131
31879 31888 161
31901 31907 94
31917 31923 23
31931 31975 192
31937 31981 176
31948 31972 158
31962 32000 227
31972 31983 206
31987 32029 266
32015 32057 75
32039 32061 150
32063 32083 51
32081 32090 58
32102 32143 292
32113 32120 123
32138 32166 300
32145 32150 128
32174 32206 275
32184 32216 284
32209 32224 176
32237 32277 217
32238 32261 86
32257 32277 227
32283 32308 102
32296 32340 8
32315 32335 150
32317 32353 43
32338 32385 161
32355 32403 159
32362 32401 90
32370 32385 293
32393 32412 189
32406 32416 169
32407 32427 98
32409 32455 81
32429 32443 168
32445 32462 135
32474 32505 139
32492 32519 148
32496 32521 215
32520 32540 142
32542 32586 43
32550 32574 167
32580 32591 73
32596 32638 137
32599 32635 172
32625 32650 77
32634 32649 175
32650 32691 200
32653 32697 170
32660 32702 93
32685 32727 146
32701 32749 117
32712 32757 136
32739 32788 202
32769 32798 178
32770 32784 123
32792 32831 269
32814 32837 279
32823 32833 150
32826 32861 243
32848 32895 12
32851 32872 220
32866 32880 227
32867 32878 166
32878 32904 55
32900 32934 195
32912 32923 87
32927 32936 265
32955 32981 286
32955 32973 210
32962 32973 218
32979 33022 206
33001 33038 237
33013 33048 53
33028 33032 108
33033 33069 126
33048 33086 37
33064 33113 84
33085 33111 169
33115 33160 83
33129 33149 51
33152 33188 212
33167 33197 141
33172 33216 196
33201 33226 199
33228 33278 126
33255 33272 295
33277 33308 175
33300 33330 153
33318 33325 287
33325 33370 256
33352 33356 101
33378 33388 22
33386 33430 75
33401 33402 90
33402 33414 209
33421 33447 138
33451 33455 170
33463 33494 24
33463 33478 162
33489 33532 178
33519 33534 12
33542 33567 264
33567 33608 148
33574 33598 173
33583 33631 218
33584 33603 10
33611 33616 85
33618 33657 182
33646 33653 169
33651 33700 135
33651 33680 244
33674 33704 82
33702 33727 232
33723 33745 213
33745 33774 249
33771 33803 225
33794 33796 63
33795 33830 11
33825 33853 27
33852 33882 246
33870 33891 93
33896 33913 72
33912 33932 24
33920 33957 289
33924 33951 7
33944 33975 40
33959 33991 255
33979 33989 138
33987 34022 297
34015 34047 298
34037 34062 69
34066 34069 158
34068 34090 276
34095 34135 207
34098 34139 27
34120 34144 88
34127 34142 5
34145 34193 239
34175 34178 153
34194 34202 271
34215 34239 277
34244 34253 161
34273 34318 40
34289 34319 221
34291 34320 258
34319 34369 273
34326 34334 255
34353 34375 212
34357 34404 258
34385 34396 54
34403 34414 204
34409 34458 254
34436 34478 221
34465 34501 178
34469 34485 150
34493 34494 189
34504 34519 131
34514 34552 11
34514 34532 197
34525 34566 279
34554 34604 130
34582 34616 147
34582 34604 254
34589 34610 65
34590 34599 61
34604 34649 7
34622 34624 38
34628 34645 167
34653 34665 40
34658 34704 63
34686 34697 25
34706 34743 195
34717 34734 15
34738 34754 59
34747 34786 280
34770 34789 63
34780 34810 122
34789 34815 236
34793 34820 293
34793 34830 185
34815 34841 210
34831 34871 45
34847 34854 262
34853 34868 163
34860 34877 102
34873 34885 146
34877 34916 176
34882 34926 112
34902 34920 292
34904 34916 256
34908 34950 231
34911 34915 200
34928 34955 74
34938 34942 144
34964 35012 200
34977 35002 258
34988 35031 168
34991 34998 227
34994 35004 87
34994 35040 117
35008 35026 101
35032 35065 291
35033 35039 293
35040 35076 11
35065 35100 266
35078 35120 289
35107 35123 32
35132 35144 67
35149 35181 18
35167 35177 82
35185 35197 279
35188 35202 129
35213 35258 260
35233 35279 73
35262 35286 53
35271 35286 77
35276 35324 10
35289 35328 102
35318 35348 260
35327 35370 177
35329 35348 107
35344 35369 232
35360 35369 217
35366 35382 18
35367 35382 227
35367 35369 225
35391 35430 224
35400 35435 280
35422 35427 134
35430 35465 65
35433 35457 188
35441 35476 6
35469 35500 245
35486 35491 113
35508 35527 3
35538 35573 154
35553 35586 61
35582 35619 270
35596 35646 21
35596 35645 147
35602 35638 40
35629 35646 191
35659 35674 108
35674 35724 284
35695 35708 212
35703 35724 124
35706 35748 28
35717 35736 17
35747 35766 13
35756 35772 222
35759 35766 263
35778 35802 76
35783 35829 107
35787 35832 261
35793 35797 38
35798 35844 286
35805 35813 98
35805 35841 140
35833 35862 68
35847 35882 281
35869 35891 278
35890 35923 296
35908 35942 175
35908 35945 145
35913 35941 167
35943 35954 80
35951 35983 290
35977 35996 196
35990 36035 241
36008 36051 82
36016 36049 41
36019 36050 282
36036 36041 66
36046 36057 56
36051 36069 246
36075 36082 282
36079 36123 186
36092 36139 74
36092 36101 174
36094 36115 69
36115 36136 147
36141 36155 50
36159 36184 111
36167 36190 185
36177 36214 159
36182 36229 160
36184 36216 88
36204 36232 120
36209 36254 163
36232 36279 176
36234 36281 202
36240 36252 90
36252 36281 80
36255 36264 111
36275 36292 87
36301 36338 16
36303 36351 96
36309 36311 10
36315 36347 39
36325 36375 132
36340 36356 145
36370 36393 12
36373 36374 214
36397 36413 255
36405 36423 206
36419 36459 283
36429 36453 53
36435 36476 86
36457 36467 291
36483 36488 220
36504 36520 280
36510 36537 189
36530 36578 10
36533 36573 90
36538 36570 14
36547 36554 235
36568 36587 112
36568 36609 192
36593 36636 151
36605 36638 212
36625 36628 239
36655 36663 136
36657 36667 248
36669 36690 252
36697 36706 105
36719 36765 290
36748 36782 30
36766 36767 89
36779 36827 50
36808 36827 235
36823 36861 193
36846 36866 49
36864 36895 66
36881 36892 222
36882 36923 271
36889 36931 54
36892 36905 218
36911 36958 282
36939 36963 76
36940 36960 172
36943 36985 289
36962 36966 55
36977 37002 20
36986 37033 10
37015 37051 3
37030 37039 15
37045 37066 297
37065 37096 3
37080 37126 36
37086 37120 27
37096 37138 48
37115 37135 225
37139 37183 59
37144 37194 195
37149 37173 68
37168 37199 145
37198 37229 34
37198 37230 136
37218 37239 133
37241 37244 97
37245 37266 160
37274 37313 253
37294 37301 93
37305 37306 157
37320 37370 20
37328 37360 234
37347 37390 236
37371 37403 253
37399 37425 288
37420 37436 299
37442 37465 199
37466 37505 6
37476 37517 123
37495 37518 92
37500 37522 274
37527 37564 209
37557 37593 85
37580 37624 196
37604 37622 187
37619 37632 8
37624 37655 69
37649 37650 239
37660 37681 3
37686 37735 174
37715 37716 225
37719 37736 32
37721 37754 32
37733 37737 176
37761 37797 106
37767 37796 93
37771 37799 280
37797 37827 225
37816 37835 63
37840 37884 216
37854 37883 261
37857 37882 230
37863 37884 101
37866 37884 108
37877 37925 268
37886 37920 51
37914 37962 186
37919 37960 207
37932 37976 8
37960 37963 154
37963 37995 156
37964 37983 192
37976 38011 9
37985 37993 19
37997 38046 298
38017 38021 259
38036 38074 3
38056 38073 225
38084 38110 89
38090 38138 300
38110 38138 11
38115 38137 244
38144 38164 120
38172 38179 110
38183 38220 171
38207 38219 229
38214 38222 191
38214 38238 223
38239 38264 102
38239 38250 5
38246 38295 103
38256 38305 124
38280 38317 280
38298 38325 90
38313 38337 200
38316 38333 161
38325 38369 226
38335 38364 6
38341 38346 192
38357 38405 92
38386 38432 7
38409 38455 120
38416 38456 60
38426 38467 268
38449 38494 298
38451 38499 172
38458 38502 88
38463 38476 120
38471 38518 265
38480 38486 134
38507 38535 36
38515 38549 106
38527 38542 48
38537 38586 175
38566 38600 55
38572 38592 4
38576 38623 16
38576 38593 96
38588 38638 9
38604 38653 200
38634 38664 129
38648 38651 57
38652 38699 288
38659 38703 43
38672 38678 48
38677 38724 252
38680 38715 25
38684 38697 162
38696 38697 221
38712 38719 208
38717 38740 166
38727 38761 122
38744 38762 230
38769 38815 207
38797 38841 170
38822 38849 146
38830 38861 132
38834 38842 143
38860 38883 27
38890 38900 278
38892 38893 214
38909 38916 38
38925 38944 73
38935 38947 288
38954 38969 227
38972 38974 5
38991 39034 93
38994 39008 27
38996 39046 27
38996 39022 97
39008 39011 171
39032 39037 169
39033 39071 115
39036 39084 212
39054 39055 297
39062 39071 77
39080 39088 59
39083 39106 149
39096 39135 117
39123 39148 38
39134 39181 125
39142 39167 112
39170 39213 37
39185 39200 250
39195 39230 241
39198 39230 19
39207 39246 236
39211 39219 111
39231 39250 228
39257 39296 290
39267 39272 228
39287 39321 69
39296 39302 145
39321 39327 201
39322 39333 88
39336 39356 65
39343 39387 24
39357 39386 136
39380 39399 245
39389 39407 23
39401 39438 245
39425 39431 32
39429 39478 271
39439 39475 7
39458 39485 50
39468 39512 115
39498 39508 29
39505 39524 294
39509 39525 244
39522 39555 101
39545 39585 90
39573 39602 133
39592 39634 194
39596 39616 65
39606 39634 177
39634 39648 14
39645 39646 95
39674 39695 39
39695 39730 28
39722 39769 94
39744 39775 179
39747 39752 133
39765 39786 127
39785 39807 265
39793 39833 42
39802 39828 124
39829 39862 58
39855 39861 277
39864 39878 28
39882 39898 239
39888 39913 236
39896 39946 36
39905 39915 221
39911 39916 173
39922 39972 154
39942 39972 109
39946 39994 52
39972 40014 68
40001 40044 181
40005 40024 80
40030 40078 151
40050 40087 297
40074 40113 250
40082 40120 94
40090 40123 36
40108 40115 278
40110 40141 67
40121 40128 138
40123 40144 50
40131 40158 285
40134 40141 184
40155 40181 114
40174 40197 170
40179 40220 17
40206 40208 118
40222 40224 275
40238 40262 285
40267 40278 182
40290 40301 288
40299 40338 161
40309 40330 181
40321 40344 15
40339 40381 147
40367 40379 12
40368 40413 249
40370 40374 190
40393 40411 121
40413 40459 129
40415 40449 119
40441 40457 113
40461 40479 287
40469 40519 59
40485 40532 55
40491 40530 56
40495 40542 77
40521 40554 191
40522 40531 73
40550 40577 197
40564 40594 299
40593 40610 118
40617 40627 33
40638 40687 268
40663 40711 39
40678 40709 218
40689 40690 232
40694 40701 4
40702 40748 124
40718 40728 151
40718 40719 140
40739 40768 274
40754 40771 92
40770 40775 171
40783 40800 67
40786 40797 293
40788 40822 251
40798 40799 266
40818 40865 252
40828 40831 131
40830 40865 183
40834 40837 26
40856 40878 300
40873 40909 160
40882 40888 216
40905 40909 51
40929 40974 287
40947 40978 180
40966 41006 182
40979 40985 225
40984 41020 57
40996 41010 153
41023 41042 253
41040 41071 258
41067 41070 159
41089 41108 12
41110 41123 196
41113 41131 64
41115 41162 12
41138 41168 190
41138 41182 42
41162 41200 98
41172 41212 130
41188 41193 234
41196 41221 293
41201 41229 36
41209 41228 104
41216 41242 227
41243 41255 20
41244 41258 194
41268 41299 186
41271 41297 168
41288 41308 125
41297 41325 284
41300 41318 273
41306 41311 179
41326 41369 281
41344 41354 49
41366 41414 31
41381 41420 34
41408 41444 219
41417 41422 62
41428 41442 211
41431 41454 104
41440 41473 73
41446 41462 228
41473 41487 108
41502 41504 266
41515 41554 223
41535 41563 287
41543 41566 69
41549 41585 286
41557 41561 1
41587 41612 252
41616 41664 97
41634 41661 79
41638 41657 117
41664 41670 220
41672 41697 193
41692 41698 103
41711 41757 209
41711 41716 49
41737 41741 22
41766 41797 259
41768 41797 85
41781 41809 299
41791 41837 195
41802 41813 125
41803 41804 235
41833 41883 98
41850 41876 280
41872 41908 280
41889 41914 50
41913 41936 42
41916 41955 259
41920 41950 18
41933 41962 241
41952 41958 280
41957 41998 242
41960 41988 181
41982 41989 9
42005 42020 237
42028 42071 59
42055 42071 166
42073 42075 96
42087 42106 64
42094 42122 152
42115 42143 66
42139 42178 140
42153 42158 58
42181 42199 32
42183 42194 203
42190 42223 163
42214 42260 234
42231 42252 145
42231 42254 88
42255 42302 214
42272 42322 224
42284 42306 202
42292 42333 270
42292 42319 62
42305 42322 9
42330 42350 210
42353 42358 300
42374 42399 266
42386 42403 93
42409 42427 5
42412 42454 103
42429 42460 204
42438 42478 159
42450 42465 73
42480 42527 9
42490 42531 272
42514 42522 101
42525 42556 196
42533 42549 234
42562 42602 17
42568 42604 275
42588 42593 272
42613 42635 200
42631 42637 157
42644 42679 112
42664 42665 286
42692 42740 20
42715 42725 80
42720 42752 132
42735 42747 257
42760 42765 267
42773 42820 75
42791 42799 149
42800 42814 135
42801 42835 101
42821 42856 94
42844 42870 199
42849 42899 77
42849 42868 215
42873 42884 44
42879 42902 276
42880 42905 28
42883 42923 133
42905 42906 213
42916 42965 284
42939 42957 299
42943 42987 108
42948 42957 224
42974 42975 170
42994 43035 235
43008 43017 14
43024 43070 232
43053 43079 292
43056 43097 153
43064 43103 61
43067 43086 55
43067 43070 267
43069 43091 128
43090 43123 169
43102 43138 199
43103 43123 126
43126 43153 77
43143 43182 228
43157 43167 149
43169 43195 121
43196 43207 227
43207 43247 139
43233 43279 73
43247 43289 84
43274 43324 218
43303 43337 185
43323 43343 223
43351 43398 277
43380 43409 126
43410 43413 58
43425 43470 77
43448 43466 289
43466 43491 296
43478 43484 131
43508 43517 6
43526 43572 81
43544 43555 219
43554 43562 246
43580 43584 244
43599 43626 153
43622 43651 145
43640 43648 79
43643 43674 124
43665 43692 224
43693 43697 106
43723 43736 297
43750 43785 294
43769 43811 31
43781 43830 240
43781 43822 231
43787 43815 188
43817 43836 271
43847 43865 16
43851 43865 258
43866 43900 43
43895 43925 193
43909 43931 238
43933 43965 187
43958 43990 41
43977 43981 272
44005 44045 44
44012 44019 53
44026 44059 41
44027 44046 22
44031 44061 269
44034 44079 154
44064 44085 67
44068 44109 45
44073 44088 286
44103 44145 251
44103 44125 285
44104 44110 30
44116 44147 116
44138 44150 88
44148 44188 184
44154 44198 231
44164 44178 88
44184 44227 232
44204 44228 274
44234 44258 90
44257 44290 204
44269 44273 293
44288 44327 31
44316 44346 107
44325 44355 269
44353 44388 117
44378 44405 72
44401 44440 196
44403 44412 5
44409 44415 237
44437 44475 163
44442 44470 170
44471 44504 180
44501 44550 171
44520 44568 226
44542 44588 221
44560 44563 127
44566 44601 215
44591 44631 279
44591 44630 275
44606 44611 9
44631 44640 294
44654 44679 186
44654 44692 127
44681 44713 98
44692 44703 86
44710 44754 67
44722 44754 4
44742 44773 16
44767 44772 156
44780 44814 288
44810 44831 281
44823 44847 186
44834 44880 93
44860 44878 288
44863 44905 275
44881 44889 195
44885 44894 205
44910 44914 154
44926 44963 91
44935 44964 171
44944 44956 219
44957 45007 17
44970 44975 218
44990 44992 151
44999 45042 62
45017 45051 287
45042 45056 48
45043 45092 175
45062 45082 222
45074 45114 166
45096 45097 76
45119 45120 48
45139 45167 221
45153 45171 295
45165 45174 77
45186 45216 43
45192 45204 19
45217 45263 29
45243 45290 144
45260 45284 193
45281 45308 127
45308 45337 1
45316 45332 203
45334 45379 100
45342 45344 228
45372 45400 187
45382 45429 205
45400 45445 203
45408 45442 129
45426 45460 104
45456 45470 250
45478 45484 295
45494 45532 212
45505 45543 268
45509 45525 102
45538 45569 187
45564 45566 63
45589 45625 28
45617 45659 125
45635 45670 62
45655 45657 2
45664 45686 26
45693 45730 222
45718 45747 69
45719 45760 209
45723 45732 144
45724 45756 121
45734 45766 82
45746 45795 270
45774 45818 219
45776 45806 47
45786 45791 154
45801 45830 232
45810 45819 48
45811 45825 239
45812 45837 125
45812 45852 132
45814 45864 258
45820 45844 125
45837 45878 102
45847 45865 3
45873 45874 133
45902 45936 167
45905 45937 179
45929 45974 127
45943 45982 113
45964 46013 53
45976 46004 60
45976 45984 141
45997 46014 268
45997 46023 16
46027 46074 119
46049 46059 272
46054 46089 11
46075 46076 279
46102 46151 224
46113 46162 119
46128 46152 160
46137 46180 210
46162 46212 154
46178 46220 63
46185 46187 146
46199 46234 216
46204 46216 17
46216 46229 93
46227 46255 47
46248 46254 61
46274 46314 48
46289 46301 232
46316 46345 197
46319 46369 31
46325 46334 175
46331 46381 286
46342 46347 289
46353 46367 275
46370 46399 74
46391 46407 145
46405 46438 165
46434 46464 200
46464 46493 37
46468 46470 47
46489 46503 196
46510 46555 218
46529 46576 291
46532 46544 191
46562 46590 216
46589 46635 68
46605 46640 220
46634 46643 170
46643 46653 193
46656 46689 141
46664 46690 283
46689 46694 231
46708 46748 194
46720 46749 14
46728 46751 264
46729 46776 240
46738 46757 232
46743 46784 56
46761 46789 161
46764 46777 278
46792 46806 178
46803 46843 169
46826 46873 8
46851 46881 62
46863 46868 244
46891 46898 208
46908 46935 140
46929 46949 36
46959 46963 237
46962 46994 161
46981 46989 173
46990 47023 6
47008 47020 86
47011 47056 123
47023 47037 105
47027 47041 39
47040 47042 188
47040 47061 120
47065 47092 231
47074 47112 252
47098 47116 234
47102 47124 117
47127 47151 195
47127 47170 51
47144 47165 97
47145 47171 226
47164 47202 285
47168 47209 112
47175 47204 262
47204 47234 163
47209 47231 267
47224 47238 147
47240 47243 80
47267 47278 294
47295 47341 295
47307 47314 39
47315 47360 131
47327 47375 239
47352 47373 148
47352 47369 15
47354 47355 173
47354 47391 161
47382 47392 62
47384 47405 279
47401 47428 207
47426 47470 160
47437 47484 203
47448 47466 133
47477 47516 117
47481 47511 237
47507 47557 129
47519 47555 253
47540 47580 161
47541 47588 152
47568 47598 108
47593 47639 78
47613 47657 59
47613 47657 67
47621 47636 227
47626 47675 238
47647 47693 250
47654 47657 53
47672 47711 76
47692 47731 26
47705 47711 186
47715 47729 295
47735 47777 236
47757 47764 288
47760 47810 211
47766 47812 123
47777 47803 172
47785 47791 31
47810 47857 68
47831 47858 106
47840 47873 266
47864 47871 171
47870 47912 37
47896 47917 203
47903 47949 11
47913 47960 168
47942 47955 145
47945 47978 57
47966 47986 140
47995 48026 2
48023 48050 287
48027 48050 45
48032 48034 271
48051 48093 191
48078 48112 161
48094 48117 173
48115 48161 21
48143 48155 25
48161 48173 166
48189 48217 114
48192 48230 38
48222 48241 228
48250 48276 175
48257 48259 222
48262 48307 85
48290 48332 184
48316 48358 141
48324 48353 172
48338 48365 68
48360 48401 138
48368 48399 220
48386 48430 260
48404 48409 82
48432 48471 140
48436 48454 136
48460 48477 278
48474 48503 16
48482 48506 251
48505 48531 42
48513 48534 91
48535 48564 199
48561 48579 269
48575 48618 114
48597 48646 72
48607 48649 36
48630 48679 214
48649 48663 53
48667 48712 80
48668 48684 118
48688 48709 35
48693 48711 115
48700 48723 90
48704 48720 195
48707 48719 168
48731 48756 138
48758 48763 64
48763 48806 155
48774 48812 81
48799 48807 288
48800 48833 150
48804 48823 128
48829 48858 241
48850 48867 260
48877 48925 40
48904 48912 84
48916 48942 74
48943 48993 94
48950 48986 260
48955 48999 71
48955 48995 72
48983 49011 128
48991 49017 109
49005 49025 172
49029 49048 107
49042 49090 15
49058 49106 190
49071 49101 263
49100 49118 106
49119 49133 180
49130 49151 173
49153 49202 134
49160 49161 280
49188 49194 69
49212 49242 18
49236 49285 58
49250 49264 134
49274 49321 45
49276 49299 56
49305 49330 59
49307 49328 68
49336 49347 202
49357 49374 171
49357 49374 230
49369 49399 294
49396 49419 87
49402 49416 157
49418 49453 282
49432 49442 235
49437 49444 208
49457 49477 42
49472 49487 215
49484 49518 279
49500 49507 62
49504 49517 133
49526 49569 196
49538 49573 142
49540 49551 102
49570 49620 295
49578 49608 87
49586 49621 101
49603 49615 212
49628 49676 180
49647 49673 252
49662 49668 24
49672 49706 121
49680 49709 8
49687 49689 72
49695 49742 187
49711 49744 156
49714 49738 41
49725 49771 67
49741 49785 112
49743 49744 177
49745 49787 261
49772 49787 50
49795 49839 192
49795 49800 145
49822 49863 249
49840 49867 52
49843 49863 30
49871 49914 189
49886 49889 277
49916 49945 214
49941 49950 104
49959 49978 57
49965 50014 25
49970 49978 150
49995 50027 49
49995 49997 15
50018 50032 82
50044 50088 95
50053 50057 32
50062 50096 274
50071 50098 124
50094 50104 265
50103 50119 232
50115 50124 25
50134 50151 278
50138 50175 21
50142 50190 59
50162 50204 2
50186 50224 246
50191 50207 45
50218 50221 136
50244 50275 287
50265 50302 18
50278 50303 108
50288 50304 101
50317 50319 55
50336 50348 215
50357 50387 200
50377 50407 63
50406 50446 79
50407 50436 188
50418 50421 78
50431 50440 62
50451 50460 102
50480 50519 280
50500 50524 278
50530 50573 127
50544 50555 231
50554 50562 211
50580 50595 291
50593 50601 66
50603 50612 226
50618 50626 118
50640 50673 191
50662 50682 75
50682 50699 240
50689 50724 126
50689 50698 51
50691 50722 198
50705 50722 125
50719 50727 62
50737 50747 148
50743 50780 175
50762 50765 174
50771 50812 9
50796 50827 256
50797 50804 177
50824 50857 281
50828 50843 1
50840 50865 276
50867 50892 226
50880 50898 195
50880 50907 39
50895 50912 144
50901 50931 52
50920 50941 260
50945 50970 12
50973 50975 63
50991 51015 268
50994 51019 30
51013 51045 55
51042 51054 14
51071 51121 89
51087 51130 3
51113 51152 283
51132 51134 130
51141 51187 164
51170 51210 226
51184 51200 119
51199 51234 181
51203 51209 219
51215 51265 100
51219 51265 194
51249 51294 64
51272 51296 182
51281 51330 54
51302 51352 230
51312 51353 28
51318 51326 211
51327 51349 255
51329 51368 146
51338 51348 239
51354 51403 287
51358 51365 239
51376 51419 106
51405 51417 145
51416 51421 186
51438 51484 105
51442 51487 184
51456 51467 73
51476 51506 24
51481 51501 4
51498 51530 40
51525 51569 289
51555 51586 231
51564 51574 97
51584 51585 109
51613 51654 67
51631 51642 74
51651 51696 127
51681 51728 168
51705 51722 181
51718 51763 246
51732 51733 139
51733 51748 192
51740 51768 47
51740 51743 269
51756 51773 114
51776 51796 284
51800 51843 222
51820 51865 271
51839 51879 219
51851 51897 177
51858 51904 78
51869 51895 191
51891 51903 230
51902 51924 175
51924 51930 239
51927 51943 233
51956 51991 69
51958 51967 80
51981 51986 36
51992 52032 30
52008 52032 2
52020 52065 53
52042 52052 36
52062 52072 216
52081 52103 154
52108 52136 150
52129 52151 56
52158 52187 81
52166 52173 122
52175 52219 222
52186 52230 119
52216 52266 107
52221 52257 88
52251 52283 1
52275 52296 48
52282 52297 21
52301 52342 60
52314 52348 208
52316 52345 57
52316 52361 227
52332 52350 160
52354 52392 276
52382 52398 297
52402 52420 129
52418 52438 45
52438 52460 270
52453 52461 227
52479 52493 220
52509 52529 135
52512 52517 228
52515 52555 139
52545 52575 67
52563 52595 109
52571 52614 197
52571 52620 129
52575 52600 116
52581 52601 73
52583 52614 47
52586 52630 149
52601 52646 34
52601 52627 282
52624 52630 167
52626 52645 16
52640 52679 186
52650 52665 60
52675 52683 232
52679 52714 9
52702 52734 233
52707 52718 31
52707 52715 269
52723 52751 236
52731 52752 104
52732 52764 264
52755 52797 260
52755 52782 274
52778 52790 156
52790 52835 135
52810 52842 156
52833 52841 45
52837 52849 164
52840 52849 295
52862 52868 72
52877 52899 105
52897 52923 295
52925 52950 192
52931 52940 217
52949 52982 10
52971 53000 117
52986 53012 222
52990 53018 148
52999 53032 3
52999 53025 156
53018 53033 272
53048 53084 176
53073 53098 292
53095 53105 81
53101 53143 15
53130 53174 228
53139 53182 5
53160 53206 254
53173 53207 262
53187 53200 171
53216 53248 221
53230 53272 182
53255 53290 276
53266 53313 149
53293 53298 113
53309 53355 83
53318 53327 18
53323 53345 32
53353 53382 79
53374 53378 32
53393 53431 190
53398 53440 286
53406 53427 69
53421 53424 166
53438 53474 57
53465 53470 212
53491 53502 166
53501 53533 113
53518 53530 149
53543 53573 220
53567 53597 256
53596 53644 72
53616 53662 83
53626 53629 63
53634 53673 58
53652 53655 129
53682 53715 185
53702 53733 293
53730 53769 195
53741 53768 260
53761 53800 185
53771 53790 273
53792 53831 230
53819 53866 33
53843 53886 256
53855 53891 232
53880 53892 283
53904 53908 55
53919 53929 267
53940 53955 22
53958 53980 177
53972 53992 262
53994 53995 83
54010 54055 120
54016 54019 16
54037 54084 188
54060 54078 222
54070 54073 66
54096 54123 279
54117 54164 23
54127 54157 239
54147 54157 72
54175 54182 37
54205 54231 199
54211 54252 162
54228 54267 163
54257 54296 3
54283 54322 159
54311 54327 83
54326 54366 281
54344 54349 81
54358 54405 63
54360 54368 170
54384 54401 124
54387 54412 123
54415 54439 144
54445 54483 124
54461 54478 75
54482 54485 148
54493 54525 272
54518 54535 128
54544 54586 37
54547 54565 281
54567 54585 82
54575 54602 279
54579 54595 72
54608 54650 236
54614 54630 161
54638 54656 122
54650 54689 204
54672 54698 195
54700 54727 260
54722 54772 47
54733 54742 165
54752 54772 102
54763 54810 19
54782 54824 147
54788 54790 74
54788 54792 137
54816 54840 275
54835 54842 20
54851 54870 281
54874 54898 238
54876 54884 19
54893 54905 225
54906 54930 53
54935 54978 26
54957 54961 255
54961 54973 68
54980 55026 51
55006 55054 181
55009 55055 2
55022 55055 202
55023 55048 248
55036 55048 258
55049 55095 95
55050 55089 250
55058 55063 47
55062 55077 230
55081 55095 263
55094 55141 245
55112 55162 152
55133 55141 163
55136 55145 107
55159 55160 204
55184 55234 267
55195 55225 55
55218 55231 102
55228 55239 119
55249 55276 179
55273 55297 138
55290 55316 215
55296 55341 267
55303 55332 103
55320 55327 28
55324 55349 30
55352 55383 283
55372 55388 17
55380 55403 196
55382 55394 115
55399 55440 55
55413 55427 67
55433 55472 269
55448 55474 282
55450 55489 155
55471 55506 182
55500 55548 60
55526 55555 159
55551 55567 276
55555 55590 237
55566 55576 251
55594 55607 227
55599 55620 220
55607 55619 186
55613 55662 56
55637 55667 223
55655 55696 114
55677 55695 111
55687 55732 274
55707 55740 140
55717 55718 228
55732 55775 112
55742 55767 216
55766 55787 285
55783 55786 26
55790 55810 235
55792 55819 161
55792 55795 251
55794 55797 122
55801 55832 170
55803 55828 168
55825 55857 45
55832 55842 50
55858 55877 95
55865 55873 152
55872 55881 90
55880 55884 16
55883 55926 50
55905 55920 175
55931 55944 151
55931 55977 51
55932 55966 25
55950 55963 205
55967 55991 133
55972 56015 180
55988 55999 75
56008 56018 18
56013 56023 8
56031 56064 83
56034 56051 247
56052 56092 221
56055 56060 187
56084 56127 38
56092 56130 94
56116 56132 102
56132 56152 186
56156 56196 110
56173 56189 234
56177 56183 272
56183 56209 51
56186 56232 79
56195 56214 103
56219 56255 28
56231 56242 72
56236 56283 212
56237 56274 134
56241 56274 49
56255 56263 126
56274 56322 238
56289 56321 174
56319 56363 228
56347 56351 152
56358 56368 54
56371 56400 130
56396 56434 100
56407 56446 62
56426 56432 63
56453 56465 11
56479 56491 140
56497 56513 102
56510 56540 191
56528 56563 132
56534 56551 24
56560 56594 49
56576 56591 284
56605 56619 135
56635 56652 236
56646 56659 196
56672 56713 264
56680 56705 285
56690 56729 146
56696 56703 89
56699 56702 271
56710 56732 227
56730 56768 77
56735 56760 216
56747 56791 8
56758 56790 260
56787 56797 25
56812 56821 195
56829 56843 16
56835 56867 266
56850 56885 107
56850 56891 162
56879 56885 29
56887 56912 203
56911 56921 262
56940 56978 136
56956 56995 187
56968 56976 4
56986 56990 162
57002 57021 22
57008 57043 292
57028 57067 15
57054 57062 64
57061 57088 147
57064 57086 61
57074 57076 217
57082 57085 70
57107 57154 232
57115 57130 239
57121 57137 182
57139 57140 29
57168 57212 8
57174 57204 292
57199 57219 36
57206 57232 273
57221 57236 292
57245 57270 218
57267 57305 276
57295 57344 21
57316 57337 22
57318 57357 295
57324 57370 57
57337 57382 265
57342 57372 230
57354 57371 287
57379 57399 109
57394 57439 291
57420 57437 13
57447 57485 20
57456 57482 36
57462 57465 59
57473 57498 240
57475 57519 248
57480 57517 62
57510 57515 231
57527 57573 21
57543 57551 83
57553 57568 261
57558 57567 20
57582 57614 282
57599 57616 78
57614 57634 75
57633 57650 153
57647 57660 45
57662 57674 244
57670 57677 84
57675 57699 47
57697 57719 58
57709 57746 16
57712 57722 2
57737 57749 113
57744 57751 19
57752 57760 285
57779 57790 147
57807 57816 292
57813 57843 143
57836 57841 60
57854 57901 138
57877 57903 196
57899 57908 292
57926 57936 210
57937 57939 159
57944 57967 74
57950 57998 1
57959 57970 175
57989 58006 54
58009 58013 252
58017 58043 75
58024 58062 233
58030 58063 219
58040 58070 74
58055 58098 59
58057 58098 135
58070 58100 236
58077 58119 168
58094 58102 227
58117 58151 217
58128 58153 196
58140 58179 112
58158 58180 172
58177 58184 57
58183 58210 285
58184 58190 67
58187 58198 214
58200 58235 294
58216 58258 25
58219 58261 245
58247 58248 288
58248 58262 160
58270 58284 52
58270 58314 207
58290 58329 182
58315 58360 149
58344 58381 255
58372 58389 32
58387 58429 110
58389 58423 22
58417 58425 87
58421 58430 221
58445 58482 96
58459 58473 176
58463 58472 156
58479 58487 73
58486 58496 288
58488 58498 36
58493 58529 206
58496 58519 15
58504 58545 19
58521 58560 8
58541 58570 52
58542 58577 175
58544 58583 173
58564 58609 165
58564 58614 159
58574 58575 24
58597 58603 103
58602 58631 143
58614 58625 20
58628 58654 276
58635 58651 208
58650 58662 261
58664 58686 116
58668 58675 278
58691 58704 36
58719 58757 212
58726 58753 129
58747 58752 189
58767 58784 252
58779 58805 248
58791 58835 217
58811 58824 73
58820 58866 194
58841 58885 114
58861 58890 51
58877 58897 144
58880 58899 177
58905 58943 122
58925 58956 58
58950 58955 18
58950 58951 58
58952 58955 159
58965 58974 251
58981 59019 173
58995 59021 8
59005 59035 161
59007 59049 154
59028 59065 217
59034 59051 298
59043 59053 282
59068 59117 274
59085 59113 37
59097 59103 54
59113 59118 85
59113 59149 58
59127 59141 209
59139 59182 268
59157 59198 55
59171 59197 123
59173 59185 130
59190 59203 276
59217 59221 37
59228 59247 81
59241 59272 149
59259 59295 187
59277 59289 149
59296 59309 66
59298 59305 20
59326 59366 230
59347 59361 223
59377 59389 88
59406 59440 72
59431 59444 96
59454 59455 39
59480 59507 158
59485 59502 74
59495 59511 279
59509 59532 60
59511 59533 186
59515 59533 62
59538 59579 211
59559 59570 156
59578 59601 234
59581 59602 219
59606 59647 82
59625 59663 274
59633 59663 274
59662 59664 140
59688 59723 54
59692 59698 69
59716 59762 176
59746 59765 133
59772 59792 51
59774 59816 5
59785 59786 121
59810 59848 73
59811 59832 116
59813 59850 115
59833 59867 209
59839 59872 234
59839 59851 216
59856 59860 122
59871 59904 5
59877 59906 41
59884 59896 52
59886 59900 140
59912 59945 245
59925 59966 37
59934 59944 261
59937 59975 203
59959 59982 129
59982 59989 165
60010 60038 254
60019 60029 278
60039 60078 292
60046 60077 222
60071 60078 156
60088 60111 143
60103 60106 120
60108 60112 227
60136 60142 73
60155 60183 69
60183 60186 161
60196 60209 32
60226 60250 9
60249 60254 9
60255 60288 214
60282 60305 38
60311 60317 70
60321 60344 234
60325 60334 231
60338 60355 21
60360 60409 120
60371 60395 240
60398 60439 210
60411 60422 22
60412 60462 154
60427 60443 227
60448 60472 101
60459 60484 235
60487 60504 171
60491 60506 197
60492 60508 136
60494 60512 2
60521 60540 149
60521 60524 9
60544 60564 297
60546 60563 194
60548 60551 216
60576 60583 111
60586 60599 12
60602 60646 265
60604 60622 74
60615 60649 248
60631 60664 38
60650 60679 131
60668 60714 125
60695 60702 199
60721 60728 245
60750 60759 229
60759 60768 37
60769 60792 81
60780 60799 166
60798 60822 166
60827 60831 237
60854 60890 20
60882 60909 300
60896 60925 134
60913 60955 67
60931 60965 47
60960 60964 139
60960 60974 271
60984 61032 132
60993 61015 196
60996 61024 214
60997 61018 245
61005 61018 52
61010 61034 163
61032 61036 182
61045 61081 212
61060 61098 230
61085 61132 110
61089 61098 287
61095 61143 78
61097 61117 296
61117 61164 286
61126 61153 280
61130 61172 168
61147 61178 13
61156 61193 16
61158 61190 15
61177 61210 240
61186 61199 140
61200 61222 214
61212 61250 205
61222 61261 246
61251 61260 151
61276 61313 103
61278 61282 231
61298 61327 96
61318 61334 237
61320 61327 73
61346 61366 184
61374 61375 129
61377 61409 86
61396 61400 188
61421 61433 77
61438 61459 281
61456 61460 41
61461 61481 78
61469 61518 146
61492 61517 187
61499 61520 37
61499 61531 258
61505 61523 18
61532 61541 104
61545 61572 191
61548 61570 235
61578 61608 153
61585 61597 193
61595 61639 109
61615 61649 236
61621 61654 160
61622 61624 238
61644 61679 230
61674 61713 99
61680 61681 142
61690 61712 243
61718 61755 125
61747 61781 192
61751 61758 203
61767 61814 193
61794 61835 212
61823 61870 260
61835 61852 99
61840 61848 32
61843 61886 211
61854 61894 10
61854 61873 101
61878 61920 236
61897 61943 9
61909 61953 184
61917 61938 179
61938 61946 97
61944 61994 16
61961 61981 37
61967 62004 56
61996 62002 46
62019 62025 162
62043 62060 212
62048 62049 168
62066 62076 27
62081 62131 175
62093 62112 270
62111 62156 75
62114 62142 252
62131 62139 296
62155 62158 94
62161 62171 283
62190 62211 197
62205 62207 225
62223 62243 21
62235 62252 161
62243 62248 254
62270 62273 173
62279 62325 140
62284 62304 44
62300 62338 13
62322 62366 227
62349 62389 258
62361 62400 207
62364 62365 194
62372 62378 36
62397 62400 227
62418 62467 19
62441 62470 1
62444 62449 252
62460 62487 75
62489 62508 127
62501 62524 206
62515 62548 229
62527 62557 234
62529 62543 77
62539 62553 119
62541 62551 40
62565 62608 168
62595 62622 294
62608 62609 285
62630 62655 133
62636 62643 159
62655 62703 121
62680 62685 279
62705 62739 143
62707 62712 95
62720 62752 237
62731 62770 178
62732 62774 229
62761 62794 201
62786 62820 18
62805 62823 288
62827 62845 274
62857 62882 90
62858 62861 86
62874 62924 295
62899 62935 123
62927 62950 83
62957 62990 253
62984 62999 199
63014 63023 111
63033 63077 67
63052 63079 223
63082 63087 209
63105 63121 201
63134 63136 257
63161 63166 152
63191 63205 263
63219 63262 246
63230 63248 116
63248 63270 203
63255 63281 8
63278 63294 300
63295 63341 6
63321 63352 291
63351 63386 133
63367 63406 181
63384 63405 174
63397 63443 231
63404 63432 277
63415 63422 58
63421 63469 180
63422 63458 253
63438 63444 136
63445 63463 91
63474 63478 69
63495 63507 254
63525 63545 17
63538 63554 233
63545 63565 133
63546 63554 238
63564 63582 58
63577 63602 49
63578 63584 25
63590 63627 207
63608 63651 48
63621 63646 120
63635 63643 102
63636 63647 152
63648 63656 2
63664 63673 4
63690 63733 30
63701 63725 51
63701 63750 176
63724 63742 155
63725 63750 278
63739 63781 55
63750 63772 299
63758 63759 264
63776 63819 10
63797 63815 281
63813 63815 207
63819 63857 212
63829 63830 136
63840 63854 299
63853 63882 226
63864 63872 100
63877 63922 67
63882 63888 208
63890 63923 178
63890 63901 235
63903 63922 262
63919 63962 252
63930 63960 243
63943 63971 239
63954 63967 47
63978 63997 50
63985 64034 72
64014 64023 9
64022 64052 129
64048 64090 280
64060 64103 283
64085 64111 88
64093 64108 269
64112 64141 282
64140 64164 297
64166 64191 143
64193 64217 286
64202 64248 95
64220 64223 119
64226 64235 5
64237 64251 17
64244 64280 10
64270 64298 252
64293 64338 195
64311 64345 249
64332 64347 100
64340 64346 205
64366 64387 52
64388 64399 84
64390 64396 88
64393 64416 44
64406 64425 177
64419 64443 192
64439 64479 295
64469 64476 71
64482 64508 248
64505 64543 247
64516 64530 13
64525 64548 75
64535 64553 110
64542 64562 172
64544 64571 191
64553 64567 229
64583 64587 170
64604 64637 234
64632 64649 286
64640 64660 205
64647 64680 201
64652 64688 252
64666 64714 298
64688 64712 9
64694 64731 263
64701 64707 138
64731 64758 240
64744 64786 234
64748 64765 246
64768 64809 97
64781 64813 212
64788 64798 212
64812 64854 147
64833 64874 32
64852 64882 202
64882 64916 65
64911 64933 292
64924 64962 226
64950 64976 99
64971 65013 160
65001 65033 42
65022 65062 86
65052 65096 55
65066 65107 163
65068 65077 78
65077 65126 294
65100 65137 8
65115 65124 155
65120 65147 89
65127 65164 39
65131 65132 142
65149 65191 147
65172 65185 23
65197 65217 194
65213 65243 204
65232 65269 68
65253 65276 189
65275 65277 293
65278 65319 50
65307 65313 14
65317 65340 38
65318 65362 212
65343 65375 76
65362 65410 9
65373 65395 153
65392 65412 102
65410 65418 125
65415 65460 116
65423 65443 213
65452 65489 110
65458 65473 191
65482 65515 205
65494 65529 64
65500 65543 79
65502 65548 38
65505 65515 208
65524 65535 250
65538 65546 29
65538 65541 148
65552 65584 56
65572 65603 76
65584 65592 106
65592 65629 138
65616 65652 158
65622 65666 35
65639 65683 104
65647 65666 286
65675 65722 23
65698 65715 206
65706 65748 57
65733 65761 42
65756 65793 115
65767 65816 78
65786 65835 35
65797 65847 18
65801 65810 172
65827 65870 146
65840 65866 42
65856 65878 154
65864 65894 299
65881 65901 267
65894 65915 268
65897 65935 132
65917 65939 256
65943 65978 13
65958 65969 45
65984 66016 263
66011 66034 233
66033 66043 107
66047 66057 252
66048 66063 209
66048 66082 54
66048 66087 118
66052 66068 18
66057 66083 35
66070 66109 215
66086 66129 257
66089 66127 259
66114 66163 259
66119 66122 290
66136 66180 297
66141 66152 93
66167 66174 63
66191 66217 215
66209 66225 187
66235 66281 145
66235 66242 124
66241 66285 90
66262 66272 50
66275 66287 293
66294 66315 219
66313 66322 73
66328 66346 211
66341 66367 238
66341 66352 297
66366 66416 97
66366 66399 266
66382 66403 113
66386 66429 288
66395 66409 128
66409 66410 5
66416 66447 271
66436 66463 137
66440 66451 240
66461 66478 288
66473 66475 171
66481 66523 290
66495 66516 118
66499 66522 177
66506 66533 108
66533 66556 287
66561 66609 23
66561 66591 236
66577 66589 8
66592 66620 9
66592 66596 209
66612 66645 294
66612 66656 265
66618 66625 27
66632 66637 7
66659 66660 215
66683 66727 260
66692 66698 82
66699 66714 118
66705 66715 291
66734 66766 135
66742 66773 32
66747 66762 273
66752 66801 85
66763 66807 108
66763 66767 229
66777 66787 204
66803 66830 8
66822 66868 142
66834 66859 105
66851 66857 206
66869 66911 94
66895 66908 218
66898 66905 44
66922 66935 40
66932 66941 23
66939 66949 7
66961 66972 144
66974 66987 221
66976 66986 149
67004 67039 94
67007 67009 143
67027 67052 198
67057 67077 287
67083 67089 122
67103 67109 74
67117 67131 1
67136 67137 72
67149 67172 18
67173 67176 237
67192 67203 220
67207 67251 40
67217 67267 96
67242 67279 202
67270 67313 183
67299 67308 289
67325 67349 83
67335 67366 254
67362 67410 48
67390 67409 146
67411 67427 164
67416 67428 168
67426 67460 227
67428 67440 87
67437 67448 46
67461 67497 20
67477 67506 245
67477 67497 113
67485 67521 222
67507 67519 288
67511 67549 32
67528 67545 149
67543 67593 197
67547 67596 158
67571 67582 133
67586 67613 237
67598 67625 236
67625 67626 130
67626 67658 180
67646 67666 49
67647 67653 106
67655 67674 85
67685 67705 84
67692 67697 35
67698 67709 50
67704 67748 121
67724 67739 259
67753 67766 35
67765 67779 27
67787 67823 30
67790 67800 50
67805 67852 88
67822 67845 136
67827 67848 70
67857 67898 179
67872 67895 265
67894 67933 49
67899 67946 139
67912 67955 92
67914 67964 129
67925 67931 248
67953 67971 127
67968 67994 285
67987 68032 224
68007 68024 196
68018 68057 26
68020 68055 154
68027 68072 6
68047 68072 164
68055 68092 45
68057 68098 52
68073 68078 194
68090 68129 159
68114 68128 190
68119 68147 40
68127 68174 146
68149 68185 12
68179 68194 186
68191 68225 45
68201 68240 120
68222 68230 12
68246 68295 130
68273 68305 5
68299 68316 8
68319 68354 48
68343 68357 37
68343 68361 193
68370 68377 1
68385 68419 71
68398 68430 122
68425 68445 280
68450 68499 82
68477 68492 138
68492 68495 157
68498 68535 207
68528 68530 103
68549 68576 104
68569 68594 39
68570 68600 52
68595 68615 197
68616 68624 133
68617 68641 195
68642 68680 63
68655 68681 128
68670 68713 4
68700 68702 285
68717 68731 118
68730 68756 208
68756 68804 8
68782 68831 120
68806 68819 49
68806 68826 255
68807 68825 95
68833 68874 220
68852 68878 84
68864 68869 111
68891 68902 108
68911 68927 232
68926 68947 55
68930 68975 191
68937 68958 42
68949 68971 81
68962 68982 44
68992 69002 39
69006 69018 100
69030 69053 173
69042 69066 283
69067 69078 160
69093 69094 202
69106 69142 244
69126 69133 232
69134 69160 215
69141 69144 189
69167 69213 26
69194 69204 201
69209 69225 231
69225 69232 159
69226 69259 126
69255 69304 183
69268 69310 103
69270 69315 104
69270 69292 185
69285 69332 153
69314 69350 112
69340 69349 186
69367 69404 72
69393 69421 37
69397 69446 234
69401 69425 202
69424 69451 284
69430 69459 137
69430 69473 31
69446 69477 22
69451 69479 233
69467 69485 218
69492 69513 185
69502 69518 115
69528 69537 42
69545 69592 286
69571 69591 136
69599 69610 90
69620 69623 101
69630 69635 128
69644 69688 269
69649 69680 295
69665 69671 198
69685 69688 35
69690 69740 97
69701 69722 147
69702 69714 142
69711 69751 257
69731 69746 89
69755 69786 263
69756 69787 236
69762 69796 41
69783 69792 172
69811 69854 161
69823 69859 12
69840 69885 140
69853 69894 115
69858 69859 164
69874 69889 41
69896 69921 112
69908 69958 291
69936 69962 67
69953 69971 45
69979 69984 106
69992 70012 241
70009 70030 131
70014 70051 67
70027 70070 99
70030 70047 106
70046 70093 270
70062 70111 178
70085 70101 97
70100 70114 244
70118 70152 239
70139 70176 238
70152 70193 171
70163 70207 56
70191 70237 100
70218 70248 203
70236 70273 68
70255 70265 10
70273 70311 148
70302 70326 151
70329 70376 25
70349 70377 237
70358 70406 53
70367 70381 86
70380 70384 196
70395 70423 242
70416 70441 35
70423 70465 225
70447 70487 75
70471 70498 44
70488 70515 86
70511 70525 185
70529 70531 226
70553 70603 223
70556 70571 162
70575 70616 63
70576 70590 180
70587 70609 183
70590 70623 26
70600 70646 283
70618 70660 283
70621 70663 179
70625 70667 222
70629 70664 124
70655 70657 108
70668 70683 132
70674 70691 189
70674 70688 140
70690 70731 145
70695 70717 29
70716 70731 181
70727 70776 280
70739 70771 184
70757 70801 83
70779 70813 63
70808 70850 169
70830 70876 12
70856 70900 37
70880 70917 45
70898 70947 169
70903 70933 231
70925 70975 21
70935 70948 278
70941 70977 226
70968 71004 208
70979 71011 110
70994 71009 25
70996 71038 272
71013 71024 161
71028 71063 107
71032 71051 189
71053 71088 211
71060 71105 48
71068 71115 84
71073 71096 20
71098 71141 3
71109 71156 218
71117 71143 85
71141 71157 218
71146 71148 16
71168 71180 90
71189 71209 160
71218 71246 113
71219 71226 291
71233 71254 172
71237 71249 265
71247 71286 277
71272 71285 216
71284 71299 171
71301 71322 3
71315 71324 239
71332 71336 88
71344 71394 38
71370 71399 83
71399 71436 235
71416 71443 244
71442 71454 212
71443 71469 158
71467 71489 173
71490 71508 124
71513 71555 39
71524 71556 230
71536 71543 187
71547 71573 47
71553 71562 114
71570 71617 82
71599 71630 194
71623 71638 81
71633 71658 20
71663 71681 171
71668 71717 208
71675 71684 265
71689 71705 89
71691 71736 283
71701 71734 185
71724 71756 70
71749 71796 97
71752 71779 73
71775 71784 69
71779 71803 147
71793 71834 231
71812 71827 205
71833 71848 198
71841 71886 163
71849 71890 88
71862 71905 138
71890 71934 184
71919 71940 134
71943 71985 267
71949 71997 97
71979 72011 245
71982 72019 190
72004 72024 175
72021 72055 257
72044 72045 63
72073 72079 174
72077 72119 274
72098 72117 28
72118 72164 17
72125 72151 229
72133 72140 235
72149 72158 234
72157 72204 56
72164 72180 195
72173 72206 112
72199 72225 130
72210 72256 66
72211 72254 175
72229 72278 159
72232 72241 293
72252 72257 40
72266 72295 280
72295 72312 286
72303 72337 206
72314 72341 25
72324 72356 146
72338 72361 204
72360 72386 103
72376 72423 278
72405 72425 291
72406 72432 254
72407 72455 254
72410 72449 101
72419 72461 42
72421 72424 280
72442 72478 256
72456 72466 207
72476 72479 159
72482 72526 186
72497 72541 194
72500 72530 123
72522 72556 3
72534 72562 251
72537 72579 239
72542 72552 162
72564 72596 178
72592 72634 29
72604 72649 153
72623 72638 38
72637 72676 157
72640 72661 129
72661 72662 123
72664 72685 169
72675 72687 91
72704 72754 266
72723 72763 173
72746 72767 153
72775 72815 193
72789 72795 295
72806 72839 95
72825 72859 263
72831 72841 18
72856 72875 298
72884 72931 276
72896 72942 89
72910 72918 13
72931 72951 270
72942 72956 50
72948 72950 5
72978 72979 48
72993 73007 133
73022 73024 188
73044 73066 65
73059 73061 150
73060 73066 240
73076 73088 199
73096 73121 19
73102 73104 137
73129 73164 100
73147 73167 253
73176 73182 191
73189 73229 233
73195 73215 38
73199 73212 95
73199 73248 115
73199 73202 142
73225 73255 136
73244 73250 251
73266 73283 125
73275 73302 271
73279 73301 36
73305 73352 56
73333 73368 55
73339 73385 77
73368 73385 159
73378 73408 72
73399 73446 232
73414 73435 188
73417 73465 43
73446 73461 2
73474 73500 80
73488 73494 16
73510 73529 293
73518 73519 76
73531 73534 260
73554 73563 75
73566 73568 120
73577 73585 282
73586 73615 250
73607 73626 206
73611 73613 116
73633 73668 30
73634 73639 12
73642 73681 66
73647 73688 59
73668 73682 179
73696 73716 110
73701 73750 47
73714 73733 56
73714 73735 286
73744 73773 70
73769 73792 187
73783 73790 73
73794 73830 3
73819 73831 76
73847 73896 137
73849 73883 126
73858 73902 143
73860 73888 58
73864 73896 241
73874 73886 37
73902 73945 181
73924 73968 205
73933 73951 268
73938 73982 211
73941 73958 92
73951 73954 158
73981 73990 198
74002 74006 268
74006 74045 147
74034 74075 76
74055 74101 197
74080 74081 270
74095 74113 300
74122 74148 133
74133 74151 121
74160 74174 188
74190 74201 133
74215 74242 269
74242 74276 139
74245 74263 123
74260 74289 258
74275 74307 81
74277 74308 265
74297 74332 239
74311 74340 34
74312 74319 83
74313 74329 191
74333 74353 280
74341 74357 125
74367 74382 101
74376 74378 119
74382 74430 178
74385 74403 46
74387 74411 179
74388 74397 149
74403 74409 60
74430 74465 259
74437 74471 194
74438 74458 197
74448 74472 213
74470 74473 120
74478 74518 72
74482 74501 259
74497 74529 49
74508 74532 20
74522 74532 296
74523 74557 110
74544 74552 147
74553 74570 155
74579 74607 253
74608 74625 40
74635 74639 264
74652 74656 109
74665 74702 174
74679 74698 215
74709 74739 244
74719 74726 161
74748 74770 201
74756 74765 161
74773 74806 167
74803 74804 178
74808 74816 106
74832 74876 273
74858 74893 259
74871 74919 158
74884 74926 286
74901 74907 100
74904 74908 84
74918 74935 231
74931 74962 184
74947 74986 96
74950 74974 210
74972 75005 104
74977 74999 213
74980 75005 202
74998 75031 4
75016 75036 37
75025 75036 44
75053 75090 106
75066 75091 177
75070 75079 70
75079 75094 297
75090 75091 33
75090 75103 218
75117 75126 70
75145 75148 156
75170 75212 287
75178 75188 224
75199 75237 293
75205 75226 31
75234 75280 17
75237 75254 209
75260 75307 156
75266 75282 182
75281 75330 278
75303 75341 198
75311 75355 102
75311 75351 220
75327 75336 79
75357 75392 251
75383 75433 213
75413 75446 276
