5000
27 29 235
53 99 52
70 112 243
79 83 117
108 121 292
111 118 74
132 173 203
152 157 126
175 194 63
192 203 251
203 228 251
211 246 37
226 230 264
233 265 48
255 263 147
264 281 136
291 328 212
297 318 103
311 358 150
314 329 274
328 334 76
345 354 108
366 372 59
367 412 265
386 428 53
403 426 125
426 470 127
453 481 95
478 493 12
508 557 297
537 565 195
565 577 265
565 605 66
571 605 291
585 586 11
613 640 298
622 659 295
647 687 266
657 672 243
660 663 182
681 696 233
705 717 253
715 724 56
742 757 177
754 783 17
784 804 54
807 839 98
822 860 158
849 868 5
857 863 173
881 894 285
885 886 37
901 916 78
904 907 237
911 912 218
932 942 109
947 976 190
975 1012 80
978 1005 228
1003 1047 161
1033 1048 281
1045 1056 186
1074 1106 258
1087 1093 197
1102 1111 149
1103 1112 213
1118 1150 157
1136 1175 164
1152 1167 79
1179 1197 208
1209 1249 287
1221 1260 113
1223 1269 130
1245 1268 113
1254 1259 29
1264 1273 260
1274 1275 207
1283 1329 248
1304 1331 195
1331 1339 223
1331 1345 60
1338 1353 275
1354 1359 110
1379 1416 181
1403 1445 76
1431 1448 49
1445 1469 206
1460 1465 149
1487 1514 5
1487 1505 67
1495 1511 268
1496 1535 85
1524 1526 283
1551 1581 23
1574 1619 273
1580 1613 111
1590 1628 56
1607 1637 29
1637 1683 73
1657 1684 254
1660 1686 73
1686 1694 159
1686 1694 275
1694 1723 133
1706 1733 262
1734 1747 90
1739 1769 69
1767 1791 217
1788 1809 264
1795 1815 247
1801 1830 133
1827 1843 284
1841 1882 280
1857 1889 132
1885 1886 247
1886 1914 206
1915 1949 292
1931 1973 159
1937 1967 257
1955 1976 78
1960 1980 281
1979 2008 177
2002 2028 91
2002 2046 154
2031 2076 183
2045 2083 7
2046 2069 229
2056 2073 12
2061 2080 173
2062 2107 203
2066 2076 264
2090 2117 104
2115 2140 232
2126 2168 41
2137 2155 176
2148 2179 23
2160 2189 42
2182 2185 221
2199 2245 214
2217 2261 78
2228 2253 117
2250 2256 239
2280 2300 54
2302 2346 278
2309 2322 75
2330 2353 79
2348 2380 125
2377 2413 87
2396 2433 15
2414 2444 201
2443 2477 20
2462 2489 63
2480 2508 264
2483 2485 14
2499 2500 288
2506 2549 132
2522 2539 75
2523 2573 16
2523 2572 263
2539 2565 111
2558 2604 244
2573 2586 105
2596 2645 78
2599 2620 4
2611 2618 269
2621 2657 264
2638 2651 253
2657 2662 217
2666 2671 169
2675 2696 276
2677 2690 273
2680 2708 150
2690 2727 155
2700 2707 59
2724 2738 185
2740 2780 28
2763 2777 277
2790 2804 257
2818 2825 133
2822 2866 286
2851 2853 271
2880 2923 111
2905 2938 175
2935 2985 161
2948 2963 145
2975 2989 22
2980 2991 65
2992 3040 251
3014 3037 248
3017 3050 28
3018 3022 68
3032 3048 234
3035 3049 208
3062 3094 6
3071 3074 179
3096 3137 248
3120 3156 223
3139 3143 245
3161 3166 206
3178 3203 211
3192 3216 137
3208 3236 274
3223 3269 131
3226 3233 124
3256 3271 127
3266 3273 225
3284 3297 258
3286 3310 70
3294 3312 3
3317 3357 183
3323 3356 100
3333 3379 73
3360 3402 258
3379 3418 60
3403 3415 166
3413 3456 293
3419 3448 192
3423 3447 23
3441 3488 104
3443 3474 171
3453 3487 219
3459 3508 9
3469 3485 67
3487 3537 300
3503 3506 76
3521 3522 267
3535 3538 7
3542 3547 81
3554 3598 145
3570 3571 77
3575 3578 228
3588 3620 18
3595 3644 198
3613 3647 41
3634 3671 3
3653 3699 52
3663 3705 215
3675 3705 80
3675 3689 294
3678 3687 7
3689 3701 269
3713 3737 45
3714 3756 219
3743 3762 31
3771 3815 232
3797 3832 87
3806 3845 134
3827 3830 34
3852 3875 10
3866 3901 134
3881 3909 19
3895 3925 10
3915 3945 96
3943 3976 286
3946 3952 120
3966 3998 116
3975 4022 41
3979 3986 286
3986 4027 177
4004 4021 59
4005 4047 222
4026 4055 80
4042 4092 73
4045 4082 95
4057 4103 233
4073 4113 191
4089 4132 213
4105 4143 171
4124 4158 47
4126 4150 99
4156 4172 74
4184 4216 107
4196 4219 13
4209 4237 66
4215 4217 219
4216 4264 281
4242 4267 112
4261 4284 155
4282 4284 216
4303 4340 86
4332 4335 204
4351 4386 1
4352 4386 134
4364 4397 235
4392 4396 17
4409 4454 251
4410 4414 253
4426 4455 58
4433 4439 223
4463 4485 286
4493 4537 198
4494 4521 205
4495 4545 63
4518 4544 210
4529 4540 136
4535 4585 2
4543 4591 152
4564 4574 201
4589 4632 43
4613 4633 263
4623 4631 103
4639 4648 193
4643 4648 284
4659 4663 37
4667 4695 164
4693 4694 233
4711 4724 269
4738 4781 33
4767 4807 24
4779 4798 44
4791 4808 119
4796 4802 249
4809 4836 34
4812 4853 86
4836 4863 264
4837 4851 174
4865 4875 200
4872 4912 282
4882 4907 296
4908 4915 249
4933 4959 206
4941 4978 241
4969 4993 113
4985 4990 184
4989 5007 71
5018 5048 118
5043 5092 159
5052 5066 15
5071 5073 147
5080 5122 164
5085 5127 153
5095 5131 174
5120 5132 154
5141 5149 67
5147 5154 275
5152 5199 289
5153 5165 296
5181 5224 221
5207 5242 282
5213 5234 89
5221 5259 185
5227 5265 105
5249 5250 295
5275 5313 232
5284 5312 240
5306 5308 151
5335 5340 106
5357 5376 109
5378 5426 158
5401 5435 77
5406 5454 175
5413 5461 271
5417 5461 173
5420 5451 143
5444 5460 120
5453 5459 22
5457 5458 124
5466 5511 109
5470 5501 198
5482 5488 147
5501 5551 38
5511 5545 67
5538 5562 238
5539 5540 107
5565 5578 21
5577 5593 104
5586 5623 147
5613 5627 292
5615 5654 267
5616 5628 124
5625 5663 121
5639 5665 260
5667 5700 249
5668 5710 149
5692 5735 52
5711 5750 149
5718 5760 70
5721 5759 80
5721 5770 96
5744 5782 83
5756 5786 227
5766 5806 189
5780 5829 31
5798 5805 111
5826 5832 225
5844 5853 124
5855 5888 11
5866 5882 202
5866 5910 181
5868 5908 215
5873 5898 209
5903 5913 36
5922 5945 204
5939 5984 224
5967 5990 277
5991 6018 42
6000 6008 166
6018 6036 293
6031 6062 207
6033 6079 213
6044 6086 121
6045 6087 97
6074 6076 194
6075 6112 216
6096 6117 72
6122 6140 215
6138 6143 49
6138 6158 130
6159 6195 279
6167 6199 286
6191 6239 300
6211 6216 166
6226 6242 130
6228 6256 112
6233 6271 175
6237 6272 182
6243 6256 233
6249 6290 236
6253 6268 179
6283 6296 262
6291 6339 143
6307 6350 189
6313 6343 282
6325 6369 283
6333 6383 266
6335 6342 247
6340 6369 284
6369 6403 298
6395 6425 87
6401 6414 97
6427 6436 35
6440 6471 184
6445 6466 198
6451 6471 231
6469 6510 127
6472 6479 226
6501 6535 281
6513 6541 45
6527 6535 254
6536 6579 139
6540 6549 277
6547 6583 88
6568 6593 109
6573 6575 198
6585 6600 131
6603 6608 182
6613 6660 184
6618 6631 129
6624 6649 236
6645 6647 9
6669 6695 263
6682 6702 281
6709 6749 150
6712 6726 5
6731 6778 243
6754 6787 17
6765 6800 185
6768 6785 282
6776 6825 26
6796 6800 288
6824 6849 68
6854 6860 209
6859 6881 32
6870 6876 76
6893 6918 178
6894 6919 56
6916 6935 29
6922 6951 129
6923 6952 67
6932 6935 209
6953 6970 216
6983 7020 60
6987 7029 208
7000 7022 11
7017 7063 80
7026 7047 299
7028 7063 298
7047 7054 275
7063 7104 27
7082 7087 15
7095 7106 68
7103 7120 40
7122 7141 178
7123 7166 79
7138 7155 299
7162 7181 169
7181 7202 161
7192 7232 76
7216 7224 12
7226 7273 106
7228 7238 234
7230 7241 212
7260 7294 186
7289 7336 146
7310 7327 244
7328 7368 8
7339 7384 126
7343 7391 243
7368 7417 70
7386 7398 106
7390 7397 203
7394 7412 263
7406 7414 38
7418 7427 166
7428 7458 253
7456 7466 295
7483 7510 172
7486 7492 92
7497 7516 231
7499 7532 222
7504 7508 133
7513 7554 26
7526 7576 242
7538 7582 63
7541 7562 299
7545 7563 133
7568 7612 62
7584 7585 24
7595 7610 225
7619 7647 225
7644 7680 264
7661 7708 102
7676 7718 264
7687 7689 19
7691 7711 7
7703 7725 87
7715 7717 227
7731 7735 3
7738 7749 163
7764 7796 278
7780 7785 87
7806 7840 153
7815 7863 68
7833 7847 189
7839 7840 55
7854 7876 42
7866 7901 163
7893 7913 59
7894 7907 131
7921 7959 170
7927 7958 160
7954 7995 13
7984 8005 194
7994 8017 128
8017 8065 257
8020 8059 10
8043 8055 157
8068 8080 131
8090 8094 137
8115 8148 287
8138 8188 163
8158 8207 147
8161 8210 225
8176 8196 174
8176 8216 202
8180 8185 293
8192 8233 198
8199 8248 107
8212 8225 231
8242 8286 149
8257 8284 244
8262 8308 165
8264 8311 298
8278 8324 143
8294 8303 16
8306 8322 277
8335 8354 4
8350 8380 258
8358 8374 294
8358 8380 221
8358 8401 88
8366 8372 199
8386 8407 140
8409 8451 159
8414 8440 118
8444 8459 284
8453 8464 65
8477 8506 78
8500 8519 71
8522 8555 102
8531 8555 62
8558 8585 22
8574 8585 14
8579 8603 273
8586 8607 125
8601 8631 158
8621 8656 283
8644 8652 282
8664 8702 75
8687 8697 54
8696 8726 85
8699 8739 259
8703 8735 182
8715 8746 57
8715 8755 120
8721 8763 267
8729 8779 171
8732 8774 299
8740 8786 237
8741 8770 279
8756 8788 228
8762 8807 245
8764 8779 169
8791 8817 198
8806 8822 187
8830 8854 15
8860 8869 232
8873 8917 9
8900 8917 201
8914 8916 103
8926 8953 197
8935 8942 156
8958 9002 188
8978 8984 72
8984 8991 297
9003 9009 144
9008 9024 257
9015 9053 29
9026 9031 104
9042 9087 63
9060 9090 89
9062 9074 104
9088 9132 238
9116 9122 257
9138 9150 258
9160 9205 278
9171 9201 194
9173 9187 127
9193 9237 97
9222 9251 120
9237 9255 41
9249 9291 188
9278 9304 268
9294 9306 119
9302 9343 128
9323 9335 49
9339 9348 180
9367 9383 119
9388 9422 105
9389 9423 211
9417 9421 151
9438 9443 231
9441 9466 72
9449 9451 240
9473 9515 26
9494 9496 208
9500 9539 254
9504 9506 259
9508 9525 72
9536 9563 84
9563 9576 149
9563 9606 186
9566 9616 76
9589 9632 202
9613 9633 217
9627 9646 33
9639 9683 33
9652 9653 125
9660 9688 100
9684 9721 69
9701 9711 169
9730 9769 51
9742 9782 42
9754 9780 221
9755 9775 257
9783 9785 13
9808 9812 9
9830 9861 267
9846 9894 240
9869 9887 125
9886 9916 196
9897 9916 91
9899 9921 99
9902 9911 216
9923 9932 129
9940 9945 274
9945 9970 183
9968 9972 240
9990 10009 257
10002 10010 280
10003 10053 199
10025 10058 20
10046 10077 261
10053 10067 53
10073 10093 273
10082 10099 263
10088 10092 225
10104 10143 288
10110 10145 70
10114 10127 157
10120 10131 25
10139 10187 220
10156 10196 271
10178 10180 244
10196 10232 249
10201 10247 264
10205 10217 181
10235 10263 81
10257 10284 75
10271 10310 150
10285 10322 285
10296 10327 42
10313 10353 70
10334 10341 185
10339 10365 244
10355 10384 188
10378 10402 66
10396 10414 97
10415 10426 223
10444 10447 1
10462 10487 220
10490 10520 206
10507 10543 197
10512 10519 55
10527 10530 197
10530 10559 208
10535 10554 146
10535 10542 96
10555 10568 136
10568 10617 141
10587 10609 255
10603 10614 300
10621 10668 44
10645 10673 20
10654 10664 202
10657 10695 182
10679 10693 43
10707 10743 191
10731 10779 50
10755 10769 144
10761 10785 10
10770 10804 137
10776 10783 56
10792 10797 126
10818 10865 179
10839 10858 224
10863 10895 83
10866 10892 235
10891 10919 29
10909 10956 251
10933 10977 247
10945 10978 190
10964 10966 144
10982 10983 125
11004 11027 191
11027 11077 169
11032 11043 90
11058 11101 59
11083 11124 286
11113 11144 248
11120 11124 190
11147 11176 106
11172 11189 248
11190 11236 241
11198 11230 256
11204 11225 24
11208 11224 1
11234 11250 191
11260 11304 207
11270 11298 239
11300 11318 142
11316 11333 229
11316 11323 244
11326 11356 209
11335 11362 247
11357 11403 220
11374 11378 84
11388 11420 296
11418 11449 114
11438 11467 130
11446 11485 259
11476 11526 81
11493 11497 145
11515 11539 158
11534 11579 161
11541 11547 30
11561 11578 81
11591 11631 96
11592 11598 33
11593 11614 88
11603 11625 182
11631 11670 182
11649 11674 135
11653 11672 270
11658 11663 187
11675 11692 205
11680 11713 19
11706 11716 39
11711 11719 117
11721 11748 135
11730 11757 40
11740 11745 255
11750 11774 262
11750 11751 166
11757 11796 195
11787 11826 64
11805 11826 74
11805 11851 231
11824 11828 143
11854 11889 172
11882 11898 116
11893 11912 218
11915 11921 50
11940 11971 85
11960 12001 155
11968 12015 43
11984 12015 267
11989 12036 283
12003 12005 244
12019 12038 23
12025 12046 238
12042 12085 298
12061 12064 65
12074 12092 59
12076 12107 189
12100 12104 16
12127 12137 138
12136 12151 78
12160 12177 278
12190 12225 204
12220 12261 8
12243 12248 132
12263 12302 123
12265 12284 128
12273 12297 99
12273 12279 197
12291 12333 134
12320 12321 170
12335 12361 189
12353 12396 177
12369 12387 116
12385 12396 20
12401 12404 116
12403 12407 300
12428 12458 26
12435 12441 210
12452 12495 215
12459 12460 31
12484 12520 103
12501 12505 162
12512 12526 65
12536 12541 99
12551 12567 153
12558 12588 156
12578 12612 142
12584 12606 16
12589 12636 82
12597 12636 136
12621 12645 272
12642 12671 289
12650 12686 178
12674 12706 31
12676 12712 227
12704 12725 182
12721 12763 63
12728 12765 118
12750 12796 188
12757 12772 294
12777 12823 288
12797 12809 141
12797 12834 94
12809 12856 219
12811 12838 71
12828 12870 119
12834 12869 63
12854 12868 201
12877 12894 218
12880 12881 258
12903 12935 144
12920 12959 214
12944 12987 191
12973 13016 118
12992 13011 274
12994 13041 179
13002 13008 180
13024 13041 91
13049 13077 77
13060 13098 131
13082 13118 295
13089 13130 153
13117 13165 269
13135 13149 226
13139 13141 237
13148 13196 93
13148 13178 37
13158 13199 60
13184 13195 276
13213 13218 208
13214 13257 28
13216 13256 5
13240 13252 85
13248 13293 108
13251 13280 248
13264 13300 164
13266 13274 192
13269 13288 288
13295 13345 213
13312 13341 150
13319 13322 43
13349 13373 257
13368 13377 3
13381 13419 48
13400 13429 53
13406 13453 223
13425 13434 190
13452 13473 289
13482 13491 164
13490 13498 113
13496 13501 280
13516 13538 30
13537 13554 211
13543 13560 193
13558 13578 28
13574 13607 150
13598 13632 87
13598 13614 197
13627 13662 188
13628 13664 227
13642 13668 154
13648 13697 34
13672 13700 120
13683 13700 56
13705 13716 209
13734 13738 7
13739 13749 214
13761 13803 184
13781 13829 58
13783 13820 10
13784 13821 183
13795 13801 230
13798 13807 198
13815 13861 65
13820 13862 169
13840 13850 16
13866 13898 246
13889 13892 116
13905 13926 67
13915 13957 177
13920 13951 230
13942 13947 202
13951 13996 95
13965 13987 230
13978 13999 190
14008 14053 94
14031 14036 230
14048 14056 27
14076 14093 22
14097 14131 39
14118 14147 260
14119 14160 25
14126 14148 20
14136 14170 101
14149 14199 289
14165 14194 288
14189 14214 164
14205 14211 197
14221 14270 150
14237 14286 13
14252 14279 287
14281 14299 157
14288 14301 64
14295 14340 196
14314 14348 105
14314 14354 95
14341 14344 25
14359 14407 81
14374 14386 44
14399 14446 51
14427 14469 278
14456 14473 154
14456 14466 286
14484 14505 8
14494 14533 267
14519 14559 252
14530 14566 172
14535 14555 115
14560 14593 296
14572 14586 100
14577 14606 298
14589 14623 265
14594 14624 229
14607 14614 210
14633 14642 186
14661 14699 193
14664 14670 208
14668 14677 39
14694 14726 259
14721 14749 23
14723 14757 241
14746 14762 144
14752 14783 299
14779 14804 300
14782 14806 98
14789 14797 209
14801 14851 206
14818 14834 6
14827 14844 258
14857 14876 231
14877 14919 143
14879 14909 134
14882 14899 280
14910 14923 286
14919 14921 257
14928 14959 68
14928 14937 172
14949 14990 239
14950 14957 133
14966 14978 229
14966 15007 56
14970 15003 103
14970 15010 192
14995 14998 194
14998 15041 67
15012 15056 2
15036 15067 152
15037 15065 248
15053 15092 290
15054 15098 183
15061 15100 126
15080 15118 102
15099 15115 228
15099 15124 42
15101 15136 271
15121 15144 182
15129 15137 35
15136 15154 282
15157 15202 218
15163 15189 21
15164 15171 277
15175 15176 88
15184 15208 171
15209 15227 156
15209 15215 240
15210 15237 118
15223 15237 119
15236 15286 209
15243 15285 300
15268 15275 176
15288 15290 119
15313 15360 251
15313 15350 41
15336 15340 56
15358 15370 249
15366 15399 264
15370 15383 221
15373 15419 24
15387 15425 146
15389 15411 60
15398 15413 206
15400 15427 146
15402 15411 188
15412 15461 44
15424 15439 125
15448 15466 1
15476 15495 180
15497 15510 6
15511 15529 248
15538 15568 105
15545 15584 68
15558 15591 123
15579 15590 151
15580 15581 129
15596 15603 170
15616 15662 268
15625 15627 278
15637 15650 83
15650 15656 228
15660 15708 184
15671 15685 80
15674 15719 230
15684 15710 29
15690 15706 118
15707 15748 166
15724 15761 68
15732 15746 194
15745 15768 91
15755 15775 260
15755 15782 284
15785 15814 39
15812 15831 163
15840 15869 183
15854 15876 207
15876 15903 232
15892 15923 11
15893 15904 246
15912 15917 47
15915 15952 288
15945 15953 141
15949 15965 222
15963 15997 61
15981 16030 2
16001 16003 199
16031 16035 166
16033 16058 71
16033 16070 33
16041 16052 161
16051 16086 161
16051 16061 4
16051 16066 113
16066 16099 38
16079 16092 64
16098 16123 281
16110 16148 257
16118 16143 55
16128 16138 97
16149 16179 201
16177 16179 182
16198 16209 237
16199 16210 200
16199 16219 78
16199 16244 175
16214 16263 7
16217 16245 16
16236 16249 47
16244 16288 83
16244 16250 60
16270 16276 106
16286 16305 206
16301 16323 122
16327 16362 98
16351 16371 5
16351 16393 288
16365 16381 248
16378 16402 89
16394 16430 182
16408 16434 111
16432 16453 41
16456 16489 109
16457 16474 299
16478 16511 14
16501 16505 85
16510 16512 56
16533 16554 24
16558 16571 82
16578 16621 191
16606 16648 296
16633 16674 145
16644 16691 144
16661 16702 11
16689 16715 143
16711 16741 175
16739 16742 139
16754 16764 50
16782 16784 135
16788 16796 41
16814 16834 272
16818 16841 95
16829 16846 199
16831 16843 34
16838 16844 228
16868 16888 205
16871 16910 62
16875 16877 255
16877 16898 179
16883 16895 239
16911 16940 184
16922 16930 98
16940 16988 12
16943 16964 142
16967 16970 281
16979 17027 42
16995 17036 103
17017 17038 249
17021 17055 154
17022 17042 158
17049 17057 258
17049 17051 293
17060 17077 50
17075 17123 207
17080 17117 14
17091 17141 25
17111 17135 169
17140 17178 19
17155 17189 71
17177 17197 31
17184 17232 90
17201 17219 87
17208 17230 50
17231 17261 253
17245 17257 86
17265 17304 225
17281 17305 21
17281 17290 67
17289 17322 192
17295 17342 13
17300 17323 93
17318 17368 16
17327 17365 272
17355 17360 154
17373 17402 272
17398 17410 130
17407 17446 249
17432 17459 181
17448 17466 157
17478 17525 50
17479 17525 234
17485 17516 217
17498 17521 205
17509 17546 52
17527 17534 47
17535 17583 216
17555 17560 167
17585 17634 107
17603 17633 284
17614 17621 252
17636 17670 24
17665 17692 218
17678 17705 160
17707 17708 28
17707 17739 50
17720 17725 223
17723 17733 156
17728 17743 165
17756 17757 39
17782 17823 60
17800 17833 218
17805 17808 67
17818 17852 299
17844 17881 160
17855 17885 2
17881 17902 248
17894 17908 41
17916 17959 32
17919 17968 131
17938 17966 165
17958 18003 18
17980 18004 197
17985 18031 173
17994 18021 219
18003 18037 6
18032 18066 171
18041 18049 95
18045 18089 257
18066 18110 202
18084 18089 100
18089 18134 106
18090 18099 141
18113 18127 290
18140 18144 230
18154 18202 35
18169 18207 271
18174 18199 181
18187 18220 258
18217 18254 95
18225 18228 28
18249 18283 217
18259 18285 117
18259 18304 21
18276 18308 208
18279 18317 27
18309 18316 181
18315 18356 199
18340 18381 54
18357 18377 92
18384 18422 147
18396 18430 157
18400 18426 108
18411 18455 12
18421 18453 172
18428 18456 9
18445 18452 122
18463 18497 203
18475 18507 124
18475 18502 81
18505 18546 186
18509 18551 70
18513 18544 114
18515 18548 93
18544 18588 156
18547 18550 258
18550 18563 284
18579 18594 194
18580 18629 7
18584 18592 282
18614 18624 220
18623 18643 37
18630 18650 261
18640 18663 74
18643 18670 44
18659 18662 293
18672 18695 111
18689 18734 194
18689 18690 131
18709 18756 113
18728 18763 172
18731 18760 64
18740 18790 32
18767 18815 47
18779 18819 260
18785 18796 255
18807 18831 76
18807 18819 96
18823 18847 101
18851 18868 165
18862 18873 75
18862 18908 171
18881 18920 79
18890 18939 168
18909 18943 162
18923 18943 15
18929 18972 140
18942 18946 163
18948 18985 71
18949 18982 115
18973 18989 13
18981 19024 288
19011 19039 227
19013 19059 256
19030 19033 49
19056 19070 187
19056 19079 68
19081 19088 22
19110 19137 24
19110 19137 86
19117 19166 75
19120 19124 40
19124 19171 157
19151 19189 232
19159 19161 38
19174 19179 189
19186 19226 126
19193 19216 120
19202 19212 261
19208 19227 202
19224 19259 133
19226 19240 241
19248 19276 132
19264 19310 22
19292 19337 183
19298 19342 206
19319 19358 221
19331 19361 5
19341 19344 40
19352 19379 273
19373 19402 43
19402 19423 177
19416 19425 224
19444 19489 62
19464 19501 7
19471 19506 171
19471 19475 208
19491 19540 214
19520 19567 296
19523 19565 270
19546 19548 122
19550 19584 148
19576 19615 263
19586 19636 22
19593 19627 5
19611 19642 263
19630 19635 203
19641 19681 172
19645 19657 230
19665 19698 76
19679 19691 275
19694 19744 8
19705 19709 27
19706 19750 100
19713 19749 221
19730 19747 222
19758 19807 299
19765 19772 94
19767 19782 212
19782 19807 51
19806 19838 175
19831 19862 285
19854 19893 27
19876 19897 135
19885 19904 201
19900 19941 39
19912 19950 20
19939 19983 121
19966 20006 53
19975 20018 280
19991 20027 200
20014 20041 60
20027 20058 59
20047 20095 240
20070 20108 167
20077 20124 97
20087 20105 40
20094 20130 181
20103 20113 227
20110 20116 141
20127 20173 59
20128 20132 125
20137 20172 146
20153 20160 18
20183 20193 57
20211 20234 19
20223 20272 11
20242 20255 86
20251 20264 286
20268 20298 205
20270 20307 296
20277 20321 260
20285 20321 300
20285 20298 280
20292 20321 284
20315 20323 124
20344 20350 102
20355 20388 139
20362 20396 258
20368 20416 241
20386 20393 245
20388 20425 102
20417 20426 66
20422 20442 36
20444 20480 268
20452 20479 262
20462 20490 298
20474 20485 230
20491 20510 9
20502 20541 106
20508 20558 188
20536 20574 239
20543 20564 263
20555 20577 198
20579 20628 148
20583 20586 65
20600 20650 267
20627 20630 136
20629 20665 58
20641 20651 40
20652 20667 185
20665 20666 176
20678 20692 134
20688 20696 61
20691 20738 157
20695 20733 148
20696 20709 76
20696 20729 293
20720 20731 60
20750 20786 51
20777 20779 35
20797 20832 168
20823 20870 152
20844 20856 285
20846 20889 280
20846 20860 249
20857 20880 129
20877 20925 59
20877 20919 170
20905 20907 103
20931 20957 193
20943 20979 40
20958 20977 261
20972 21019 8
20984 20989 278
20994 21020 98
21012 21021 90
21025 21043 270
21029 21033 16
21054 21078 170
21079 21121 291
21105 21147 176
21116 21138 38
21131 21161 4
21147 21178 253
21161 21205 25
21180 21222 283
21195 21204 209
21198 21244 141
21221 21235 95
21224 21250 297
21241 21287 278
21253 21278 297
21265 21280 86
21268 21306 67
21280 21321 196
21296 21339 212
21324 21331 163
21328 21373 297
21352 21388 106
21357 21361 259
21373 21413 37
21386 21402 13
21401 21405 235
21407 21447 282
21427 21444 130
21429 21436 194
21445 21477 266
21448 21493 158
21478 21501 278
21487 21501 126
21502 21510 246
21520 21554 278
21546 21571 26
21575 21608 197
21599 21637 220
21604 21637 33
21618 21664 195
21629 21663 217
21629 21637 270
21632 21674 237
21638 21656 107
21659 21701 17
21663 21686 221
21676 21708 297
21699 21719 221
21725 21731 108
21740 21748 215
21754 21783 181
21754 21802 110
21780 21817 286
21792 21797 253
21820 21827 167
21845 21861 209
21866 21884 105
21882 21919 137
21884 21891 87
21911 21959 66
21921 21927 15
21941 21969 34
21946 21981 67
21959 22004 259
21973 21975 72
22000 22042 257
22025 22070 139
22030 22057 79
22047 22067 242
22049 22073 68
22070 22118 60
22073 22112 209
22100 22125 68
22112 22122 153
22130 22151 88
22155 22200 119
22156 22203 88
22167 22216 117
22171 22211 14
22193 22240 35
22210 22256 15
22229 22236 169
22247 22258 135
22253 22263 216
22259 22274 179
22268 22292 173
22274 22319 150
22287 22290 225
22294 22339 53
22303 22343 54
22329 22334 29
22337 22382 3
22340 22366 232
22357 22406 159
22385 22409 240
22415 22464 251
22434 22451 225
22456 22476 283
22466 22467 6
22494 22507 189
22523 22571 160
22530 22578 147
22557 22568 53
22579 22589 225
22590 22631 229
22618 22665 269
22626 22674 141
22632 22674 193
22634 22678 33
22637 22644 161
22641 22663 216
22658 22668 185
22674 22687 89
22690 22718 33
22715 22736 277
22734 22766 12
22734 22767 171
22753 22796 140
22773 22779 92
22785 22811 256
22812 22824 13
22818 22867 182
22837 22874 19
22852 22880 198
22881 22906 288
22911 22920 128
22928 22977 252
22956 22965 124
22957 22970 38
22959 22989 66
22977 22980 139
22988 23003 206
23002 23045 209
23014 23048 153
23038 23039 281
23052 23057 220
23079 23093 14
23099 23101 280
23113 23132 170
23130 23173 31
23147 23150 136
23174 23181 10
23201 23218 182
23218 23249 128
23239 23250 175
23249 23278 297
23275 23279 208
23297 23322 120
23326 23355 86
23342 23366 242
23350 23375 132
23366 23380 287
23371 23420 43
23389 23412 195
23397 23430 34
23421 23468 109
23437 23455 21
23457 23476 174
23479 23501 49
23505 23539 288
23514 23560 102
23518 23560 69
23547 23562 127
23569 23591 279
23588 23605 194
23598 23616 54
23614 23652 116
23627 23637 126
23634 23636 48
23646 23668 274
23671 23709 56
23700 23719 284
23727 23733 24
23727 23772 30
23745 23791 206
23769 23793 81
23773 23823 106
23776 23816 10
23781 23824 130
23806 23816 98
23826 23871 223
23840 23852 214
23842 23892 124
23846 23882 228
23864 23879 155
23891 23917 89
23916 23921 243
23944 23976 158
23956 23985 171
23979 24008 164
24007 24050 47
24036 24086 81
24054 24066 55
24082 24113 258
24107 24134 171
24116 24121 218
24138 24180 156
24159 24191 20
24184 24207 39
24188 24237 105
24207 24257 203
24207 24251 61
24211 24233 109
24237 24271 136
24253 24292 52
24255 24288 206
24263 24296 145
24273 24279 268
24290 24295 192
24300 24323 34
24319 24322 207
24339 24358 27
24359 24366 177
24360 24407 197
24375 24386 27
24391 24430 198
24415 24450 207
24434 24475 111
24440 24470 44
24452 24463 244
24466 24483 9
24488 24497 5
24492 24533 231
24497 24526 65
24503 24548 48
24513 24530 62
24536 24551 118
24555 24584 178
24569 24601 32
24592 24625 139
24620 24635 182
24638 24687 75
24641 24656 128
24644 24658 60
24669 24692 161
24681 24706 15
24693 24726 231
24696 24714 79
24706 24750 67
24725 24769 277
24751 24793 238
24760 24769 158
24771 24817 45
24790 24815 53
24791 24793 131
24800 24826 123
24806 24809 216
24831 24865 137
24842 24885 235
24862 24868 275
24888 24918 62
24904 24924 69
24922 24924 139
24943 24993 164
24949 24979 13
24957 24972 296
24970 24987 237
24984 25015 75
24984 24991 139
24985 24999 25
25012 25015 215
25030 25049 172
25048 25056 142
25078 25093 243
25080 25112 236
25103 25107 177
25107 25120 51
25119 25134 273
25147 25187 148
25157 25172 35
25178 25191 272
25197 25210 145
25225 25237 157
25230 25242 201
25246 25282 154
25266 25284 50
25287 25334 31
25305 25339 230
25312 25323 228
25339 25350 177
25343 25373 296
25357 25378 37
25378 25385 145
25407 25439 292
25432 25458 101
25432 25462 215
25448 25474 284
25464 25472 113
25465 25488 293
25468 25495 284
25478 25483 293
25486 25529 7
25487 25534 105
25498 25539 255
25526 25542 42
25539 25583 285
25558 25571 89
25564 25602 299
25589 25626 67
25610 25635 139
25615 25663 130
25635 25666 108
25661 25673 80
25675 25697 232
25700 25742 7
25705 25747 36
25714 25757 174
25726 25748 106
25748 25753 75
25756 25757 161
25758 25794 244
25770 25784 42
25786 25822 234
25813 25823 168
25820 25843 208
25842 25844 144
25862 25868 283
25875 25910 70
25880 25901 169
25897 25946 56
25918 25926 213
25919 25929 293
25936 25943 144
25947 25977 129
25965 26014 190
25974 25994 22
25979 26017 240
25982 25983 32
26000 26010 215
26015 26041 72
26023 26073 59
26025 26071 155
26037 26063 54
26052 26074 239
26059 26063 53
26086 26126 57
26089 26135 196
26110 26148 158
26133 26178 159
26157 26171 202
26176 26214 275
26198 26225 269
26212 26242 46
26212 26220 184
26220 26252 73
26227 26228 78
26257 26292 139
26276 26280 193
26294 26323 283
26323 26325 61
26343 26380 237
26347 26370 230
26362 26383 5
26368 26380 134
26396 26409 256
26414 26421 69
26442 26473 171
26444 26448 90
26457 26464 272
26475 26494 228
26500 26550 46
26500 26502 72
26501 26518 286
26521 26527 42
26530 26567 42
26541 26589 255
26543 26545 54
26560 26608 26
26589 26591 229
26589 26604 218
26616 26650 259
26629 26637 157
26636 26681 53
26643 26661 209
26651 26672 58
26654 26674 289
26671 26708 229
26689 26720 75
26710 26713 93
26723 26772 197
26732 26740 57
26748 26758 204
26769 26797 294
26787 26813 291
26813 26835 182
26839 26886 140
26848 26878 283
26857 26861 3
26884 26916 197
26885 26924 61
26905 26950 85
26905 26930 11
26921 26948 102
26937 26940 251
26961 26970 159
26979 26983 259
27001 27003 203
27008 27050 105
27032 27069 128
27035 27037 200
27042 27079 152
27050 27078 184
27067 27107 157
27094 27141 105
27095 27102 99
27115 27127 166
27135 27170 296
27136 27163 193
27157 27195 146
27160 27178 239
27167 27180 34
27173 27206 257
27186 27194 92
27190 27193 243
27207 27212 164
27236 27273 107
27240 27247 270
27262 27283 137
27268 27276 101
27269 27313 9
27295 27328 118
27311 27354 150
27338 27382 200
27354 27385 99
27382 27423 178
27400 27449 70
27408 27429 86
27437 27473 260
27438 27480 121
27440 27483 70
27463 27491 111
27472 27516 260
27490 27529 264
27491 27534 41
27518 27560 28
27539 27578 226
27567 27573 30
27586 27614 159
27604 27612 226
27607 27628 147
27629 27659 35
27655 27665 172
27683 27714 296
27694 27728 117
27705 27739 241
27723 27770 148
27728 27760 208
27742 27782 144
27762 27790 255
27776 27822 170
27779 27828 29
27803 27851 132
27808 27856 179
27825 27855 106
27853 27867 73
27869 27895 34
27875 27904 196
27888 27895 267
27910 27916 6
27931 27980 111
27932 27965 32
27947 27983 277
27961 27999 182
27985 28034 192
27990 27997 300
27992 28029 137
27992 28006 87
28017 28035 71
28021 28063 77
28030 28045 113
28056 28057 289
28085 28114 152
28105 28150 13
28110 28125 17
28122 28150 232
28136 28157 71
28155 28167 259
28158 28177 261
28165 28183 205
28195 28230 139
28200 28210 22
28206 28254 4
28216 28217 173
28229 28261 74
28253 28260 31
28281 28331 12
28306 28325 109
28331 28379 235
28337 28365 197
28338 28373 107
28358 28363 59
28362 28410 164
28378 28398 159
28396 28409 273
28413 28461 126
28429 28449 43
28430 28447 152
28453 28458 208
28483 28500 250
28500 28515 60
28517 28555 122
28530 28532 62
28551 28601 292
28559 28590 225
28578 28598 102
28581 28606 106
28590 28623 129
28599 28603 172
28608 28634 6
28629 28642 72
28647 28664 286
28671 28709 138
28684 28727 218
28709 28754 30
28726 28748 246
28728 28744 281
28742 28760 78
28762 28765 2
28776 28824 26
28802 28844 31
28802 28850 249
28802 28828 286
28830 28848 176
28842 28884 144
28842 28843 181
28851 28891 274
28864 28911 131
28874 28881 204
28880 28895 9
28907 28927 223
28932 28971 273
28938 28965 212
28952 28993 29
28964 28995 111
28976 28985 46
29001 29007 87
29025 29074 8
29025 29059 221
29039 29089 67
29044 29064 20
29071 29105 280
29085 29128 286
29100 29125 254
29120 29167 147
29124 29161 110
29142 29162 15
29167 29174 99
29169 29212 224
29184 29213 12
29199 29249 265
29210 29230 66
29231 29260 128
29261 29291 82
29275 29295 146
29282 29330 293
29306 29323 162
29306 29327 206
29307 29317 139
29307 29317 217
29330 29377 25
29343 29370 221
29358 29395 287
29363 29397 209
29363 29364 55
29390 29431 138
29392 29421 242
29414 29429 94
29421 29426 254
29449 29464 253
29465 29498 77
29477 29483 211
29498 29523 146
29515 29550 141
29539 29542 210
29556 29570 49
29566 29598 236
29576 29621 90
29590 29603 261
29617 29647 273
29644 29686 195
29666 29689 196
29683 29708 221
29696 29728 86
29723 29724 224
29734 29735 124
29758 29786 295
29785 29826 141
29810 29823 22
29818 29847 272
29826 29830 70
29846 29891 48
29858 29892 113
29882 29922 1
29910 29936 122
29918 29963 174
29931 29957 209
29938 29945 40
29963 30008 217
29978 29984 188
30004 30027 241
30026 30039 226
30032 30045 19
30035 30045 29
30061 30086 290
30068 30110 8
30081 30084 218
30109 30151 36
30128 30150 208
30138 30154 39
30159 30204 230
30162 30171 216
30187 30214 255
30212 30214 52
30215 30257 183
30223 30269 101
30232 30250 283
30241 30277 168
30244 30264 50
30274 30318 280
30277 30286 126
30292 30297 221
30299 30316 199
30328 30331 23
30329 30345 112
30359 30388 77
30368 30416 274
30393 30435 270
30403 30420 180
30429 30458 215
30434 30471 77
30450 30495 292
30467 30509 175
30481 30530 19
30500 30547 242
30524 30536 25
30536 30541 228
30554 30577 292
30554 30580 27
30574 30599 53
30601 30628 35
30620 30641 121
30646 30668 57
30665 30703 150
30666 30698 142
30679 30724 72
30688 30691 27
30709 30735 277
30726 30730 123
30739 30777 266
30747 30770 262
30771 30779 127
30772 30792 256
30797 30827 165
30809 30837 252
30826 30860 93
30826 30849 152
30841 30886 249
30863 30871 105
30882 30927 79
30893 30939 256
30914 30940 74
30931 30933 144
30936 30966 235
30939 30947 225
30963 30973 154
30972 30998 149
30998 31044 280
31020 31049 157
31049 31093 191
31049 31082 265
31056 31074 255
31069 31105 230
31085 31129 140
31103 31116 233
31129 31174 47
31137 31175 82
31158 31195 127
31166 31185 252
31187 31188 183
31188 31233 7
31196 31232 72
31213 31247 246
31235 31282 203
31262 31283 295
31268 31289 121
31283 31330 159
31303 31347 95
31305 31314 150
31322 31333 214
31338 31351 35
31341 31380 52
31351 31363 210
31364 31368 278
31376 31412 195
31386 31418 6
31387 31410 53
31395 31421 203
31399 31410 286
31404 31414 197
31424 31439 46
31424 31462 169
31450 31461 162
31480 31520 35
31492 31510 88
31516 31536 243
31516 31544 115
31528 31549 67
31546 31549 258
31556 31582 138
31582 31621 42
31584 31618 178
31591 31637 63
31620 31640 277
31648 31663 230
31677 31687 45
31707 31742 5
31725 31743 63
31753 31765 271
31755 31766 119
31762 31764 200
31770 31777 257
31792 31796 18
31811 31859 205
31815 31842 235
31815 31816 17
31820 31859 232
31827 31858 55
31835 31839 10
31839 31863 54
31854 31884 75
31863 31878 20
31868 31888 109
31897 31909 137
31917 31927 168
31930 31957 233
31950 31975 21
31974 31982 30
31990 32022 44
32018 32056 299
32028 32060 112
32049 32050 132
32049 32080 37
32066 32075 102
32082 32124 71
32088 32099 132
32104 32115 150
32121 32130 82
32146 32156 215
32154 32163 295
32183 32219 203
32209 32213 122
32224 32243 16
32238 32274 191
32254 32302 70
32273 32300 283
32300 32304 261
32306 32308 236
32327 32346 189
32327 32344 199
32352 32391 156
32362 32368 20
32370 32400 268
32373 32408 200
32383 32385 1
32389 32397 26
32408 32445 169
32430 32454 87
32452 32495 69
32479 32527 191
32504 32506 242
32533 32565 132
32533 32548 210
32552 32568 67
32580 32616 273
32602 32635 120
32610 32635 35
32636 32667 168
32666 32697 257
32690 32692 153
32700 32718 154
32712 32761 282
32728 32777 205
32735 32785 196
32753 32801 30
32781 32824 36
32786 32794 68
32795 32841 65
32809 32823 5
32830 32852 216
32854 32870 160
32875 32923 236
32889 32895 42
32905 32928 243
32911 32945 209
32915 32948 168
32929 32935 296
32942 32971 128
32965 33005 188
32986 32995 241
32996 33013 141
33007 33023 123
33009 33048 39
33016 33038 187
33025 33045 221
33052 33067 265
33068 33113 126
33070 33072 102
33095 33141 186
33096 33109 141
33122 33132 86
33144 33185 236
33164 33211 113
33174 33221 182
33196 33237 235
33216 33221 64
33230 33247 2
33258 33269 21
33258 33301 176
33264 33303 121
33277 33302 102
33305 33346 222
33308 33327 110
33338 33341 113
33340 33371 10
33345 33386 165
33361 33406 43
33384 33408 258
33395 33442 23
33404 33434 229
33417 33435 174
33431 33458 257
33440 33463 134
33468 33500 254
33478 33508 163
33479 33481 120
33504 33547 94
33519 33540 165
33543 33555 224
33550 33552 244
33570 33573 275
33584 33604 163
33589 33620 174
33613 33625 255
33619 33660 156
33632 33680 157
33643 33648 34
33662 33698 46
33666 33712 157
33678 33715 121
33678 33716 152
33679 33685 20
33709 33729 132
33731 33765 189
33757 33761 150
33787 33836 48
33794 33805 132
33813 33828 73
33834 33855 166
33846 33883 38
33850 33900 148
33871 33908 121
33871 33920 19
33884 33911 40
33889 33893 76
33908 33910 95
33932 33967 169
33947 33993 170
33956 33957 119
33957 33987 109
33970 33998 98
33998 34019 45
34028 34050 246
34044 34089 8
34069 34071 162
34086 34120 217
34109 34119 37
34132 34179 101
34135 34148 282
34157 34158 268
34184 34229 19
34193 34230 35
34208 34217 37
34236 34259 147
34250 34254 268
34255 34294 284
34274 34298 294
34289 34299 195
34302 34336 181
34318 34339 105
34340 34344 86
34361 34408 229
34366 34392 266
34385 34403 10
34386 34431 116
34400 34433 23
34404 34432 277
34410 34448 285
34418 34432 82
34424 34455 113
34433 34438 230
34458 34471 90
34474 34502 253
34483 34501 118
34486 34519 129
34499 34515 65
34508 34540 178
34521 34524 16
34529 34554 94
34542 34549 129
34562 34582 10
34578 34599 263
34578 34591 66
34596 34634 94
34601 34628 106
34602 34643 103
34603 34650 6
34609 34646 178
34625 34662 118
34633 34658 61
34653 34655 204
34670 34671 251
34682 34686 177
34683 34716 15
34707 34732 183
34735 34741 32
34758 34778 67
34774 34788 113
34775 34799 293
34778 34802 192
34806 34850 71
34823 34871 288
34826 34843 117
34838 34879 259
34848 34872 1
34874 34889 180
34903 34920 293
34907 34926 212
34921 34929 258
34935 34952 118
34959 35009 248
34975 34981 255
34998 35013 225
35028 35043 188
35038 35052 133
35060 35092 97
35061 35076 217
35065 35070 183
35079 35106 228
35100 35128 296
35111 35133 89
35129 35146 137
35159 35181 42
35189 35204 148
35199 35249 2
35221 35246 188
35222 35236 37
35222 35254 113
35245 35295 168
35269 35313 276
35293 35325 119
35321 35333 77
35322 35344 189
35338 35387 122
35358 35360 79
35358 35370 148
35386 35390 209
35388 35423 13
35395 35442 72
35397 35422 179
35406 35455 9
35429 35458 134
35456 35481 92
35482 35527 202
35511 35542 288
35536 35569 179
35559 35602 109
35576 35626 147
35594 35636 85
35611 35651 94
35619 35645 87
35641 35683 54
35663 35687 55
35670 35699 13
35680 35708 36
35682 35714 167
35709 35740 86
35727 35728 89
35730 35752 133
35733 35781 36
35738 35751 17
35765 35777 73
35787 35803 278
35806 35837 31
35813 35819 40
35815 35836 277
35816 35818 224
35830 35849 179
35835 35846 18
35865 35893 277
35869 35887 131
35894 35919 31
35918 35960 119
35937 35967 296
35961 35973 171
35963 36003 36
35966 35991 288
35970 36011 293
35995 36035 12
36003 36029 14
36005 36028 138
36020 36036 16
36020 36062 279
36020 36047 43
36036 36053 107
36041 36047 125
36044 36051 239
36068 36112 120
36068 36070 41
36073 36099 148
36102 36114 274
36111 36134 86
36131 36177 152
36148 36193 298
36166 36169 248
36191 36198 169
36210 36212 185
36234 36250 91
36247 36270 212
36267 36312 137
36271 36286 74
36289 36310 190
36311 36337 50
36311 36358 297
36341 36385 30
36349 36386 147
36361 36395 236
36363 36370 149
36373 36397 247
36398 36429 119
36405 36447 49
36434 36449 227
36440 36444 116
36454 36455 69
36482 36497 270
36494 36511 42
36497 36543 92
36511 36533 46
36518 36521 262
36539 36547 208
36540 36568 268
36545 36579 237
36568 36577 115
36587 36616 87
36603 36614 134
36607 36638 3
36612 36645 245
36619 36661 230
36642 36664 28
36672 36674 55
36680 36723 169
36686 36735 297
36698 36738 55
36699 36712 42
36725 36748 18
36737 36756 71
36759 36789 29
36762 36806 70
36764 36772 40
36764 36775 49
36782 36806 65
36804 36833 163
36833 36851 78
36833 36835 294
36833 36841 59
36859 36903 97
36859 36888 67
36873 36884 24
36879 36898 104
36908 36936 77
36932 36936 230
36953 37002 36
36981 36996 289
37000 37031 27
37018 37019 132
37043 37083 244
37062 37078 26
37076 37085 160
37102 37141 36
37130 37169 174
37143 37192 250
37143 37184 144
37164 37173 117
37170 37215 51
37196 37211 47
37223 37255 181
37225 37245 115
37244 37260 99
37249 37272 180
37260 37271 187
37282 37298 300
37306 37334 73
37332 37365 107
37360 37397 209
37364 37391 10
37391 37425 151
37394 37431 183
37423 37462 140
37438 37463 94
37448 37492 230
37470 37490 113
37470 37500 75
37499 37542 107
37510 37529 246
37518 37545 195
37546 37572 64
37555 37576 296
37579 37620 289
37583 37611 96
37602 37645 226
37627 37662 196
37637 37667 50
37657 37670 146
37669 37715 72
37672 37707 229
37672 37681 200
37684 37702 143
37689 37732 160
37713 37739 61
37717 37766 169
37730 37750 68
37747 37789 108
37774 37801 129
37790 37802 198
37807 37854 153
37826 37868 251
37843 37850 121
37867 37885 132
37880 37902 66
37894 37905 273
37914 37940 269
37919 37932 8
37934 37973 120
37954 37978 157
37970 38011 10
37974 38021 139
37990 38040 43
38019 38058 214
38038 38072 244
38047 38089 26
38069 38108 206
38077 38123 55
38096 38137 54
38101 38105 244
38127 38131 101
38143 38169 82
38168 38215 58
38189 38229 25
38219 38244 103
38224 38265 298
38240 38251 4
38259 38291 102
38282 38290 86
38289 38290 88
38302 38343 241
38327 38370 142
38342 38383 90
38355 38392 29
38381 38423 171
38388 38419 116
38394 38415 178
38398 38443 228
38425 38450 36
38443 38453 47
38455 38466 125
38462 38507 65
38480 38497 99
38503 38524 134
38518 38555 277
38531 38553 200
38547 38564 94
38572 38610 259
38578 38620 261
38598 38600 33
38616 38638 163
38636 38664 124
38636 38686 127
38650 38659 182
38659 38698 28
38663 38684 16
38666 38675 27
38678 38689 216
38685 38732 87
38706 38734 61
38718 38742 52
38742 38775 95
38751 38755 161
38758 38800 148
38782 38809 79
38811 38818 203
38818 38861 159
38834 38845 18
38837 38861 200
38858 38890 151
38887 38934 209
38888 38896 174
38897 38928 5
38925 38936 142
38953 39003 231
38962 38976 296
38978 39025 134
38981 39005 240
38993 38999 166
39020 39023 229
39046 39076 107
39074 39102 125
39103 39104 28
39111 39151 169
39127 39170 78
39142 39190 3
39149 39172 233
39175 39211 262
39192 39219 31
39211 39233 47
39234 39263 271
39252 39273 138
39257 39284 119
39273 39284 42
39280 39305 31
39300 39311 87
39304 39330 268
39311 39315 210
39337 39362 256
39367 39371 132
39391 39418 105
39412 39436 120
39421 39427 69
39425 39450 18
39434 39475 261
39461 39484 205
39472 39504 142
39498 39537 141
39508 39543 60
39532 39565 138
39554 39583 64
39564 39567 270
39573 39578 268
39591 39621 119
39593 39629 270
39599 39625 93
39620 39669 155
39639 39661 124
39646 39661 87
39672 39693 10
39701 39708 172
39729 39732 104
39752 39775 39
39753 39788 245
39764 39811 287
39774 39823 51
39788 39799 129
39808 39833 43
39813 39844 110
39835 39847 81
39864 39883 192
39894 39934 23
39903 39942 149
39908 39933 72
39929 39979 261
39933 39950 191
39952 39997 204
39980 40029 140
39994 40030 223
40013 40020 151
40040 40059 103
40053 40085 71
40063 40083 139
40085 40121 39
40095 40105 196
40107 40139 13
40121 40160 138
40144 40188 160
40170 40201 235
40181 40209 127
40199 40211 174
40220 40249 199
40221 40240 26
40226 40241 101
40241 40269 99
40264 40275 279
40289 40311 40
40303 40319 218
40305 40347 240
40331 40350 78
40358 40389 116
40375 40382 159
40386 40436 99
40394 40409 69
40395 40439 126
40419 40442 26
40429 40432 296
40442 40491 177
40447 40481 168
40476 40511 236
40500 40508 277
40504 40521 46
40506 40553 19
40532 40572 68
40544 40589 184
40566 40599 269
40581 40595 217
40591 40640 114
40605 40643 200
40610 40638 236
40611 40624 109
40635 40677 259
40644 40650 144
40656 40701 295
40673 40686 31
40674 40722 17
40698 40743 15
40719 40740 188
40728 40763 247
40749 40780 170
40754 40804 62
40763 40797 59
40781 40799 284
40801 40809 83
40817 40866 184
40830 40843 52
40846 40852 54
40871 40883 127
40895 40931 137
40898 40936 105
40921 40951 205
40944 40964 14
40953 40986 296
40960 41004 40
40964 40976 273
40992 41032 59
41017 41060 86
41044 41087 7
41052 41085 124
41072 41098 63
41079 41113 73
41089 41135 51
41115 41139 94
41141 41182 133
41164 41200 1
41172 41201 93
41195 41240 24
41222 41232 250
41243 41279 111
41273 41292 295
41283 41304 292
41290 41305 234
41295 41345 139
41320 41348 103
41337 41365 53
41352 41357 8
41362 41395 73
41369 41383 233
41379 41395 129
41383 41405 298
41394 41414 174
41416 41456 251
41422 41451 164
41431 41441 54
41452 41468 76
41473 41507 234
41474 41519 195
41503 41532 157
41523 41534 225
41528 41550 159
41535 41542 160
41547 41572 298
41570 41619 272
41587 41608 86
41612 41622 7
41634 41635 8
41659 41679 59
41662 41682 251
41677 41708 73
41706 41723 50
41726 41743 12
41741 41782 54
41764 41814 14
41764 41801 254
41782 41786 26
41803 41822 135
41814 41833 184
41817 41858 254
41845 41893 188
41855 41882 72
41881 41910 215
41898 41930 35
41898 41910 296
41903 41947 288
41905 41918 251
41929 41933 43
41929 41951 220
41939 41947 9
41966 41984 88
41971 42003 55
41992 42037 121
42010 42055 55
42036 42048 283
42062 42107 88
42084 42113 279
42106 42127 137
42109 42149 71
42138 42142 180
42167 42202 240
42189 42220 243
42196 42225 237
42220 42237 273
42239 42281 153
42265 42274 31
42265 42281 291
42288 42333 222
42296 42339 144
42296 42307 169
42307 42330 259
42314 42350 98
42342 42391 236
42370 42417 248
42395 42402 139
42410 42458 225
42417 42442 273
42433 42469 194
42440 42483 267
42459 42477 238
42486 42489 10
42514 42562 16
42518 42524 2
42548 42588 248
42577 42584 235
42605 42632 33
42619 42645 147
42638 42676 103
42647 42668 209
42671 42712 203
42688 42732 128
42701 42724 154
42701 42740 63
42724 42731 226
42747 42796 214
42752 42801 100
42761 42809 25
42764 42772 109
42764 42814 27
42790 42799 264
42803 42812 144
42817 42852 65
42831 42833 103
42848 42861 176
42857 42877 111
42864 42886 256
42883 42899 174
42904 42920 212
42926 42927 77
42944 42956 300
42966 42999 105
42985 43030 167
42992 43017 277
43005 43039 286
43008 43035 188
43014 43038 69
43025 43055 46
43028 43032 119
43057 43082 149
43084 43086 230
43103 43113 138
43111 43132 99
43128 43162 75
43129 43165 218
43139 43146 136
43148 43186 47
43156 43201 184
43160 43166 91
43166 43182 85
43186 43188 141
43203 43210 54
43211 43220 300
43235 43282 271
43239 43260 146
43257 43306 243
43269 43290 151
43276 43287 286
43289 43307 183
43296 43306 5
43303 43333 262
43312 43340 33
43329 43366 86
43346 43362 147
43372 43374 165
43379 43429 15
43380 43406 232
43400 43440 186
43407 43451 52
43417 43420 271
43443 43463 213
43449 43469 52
43467 43516 9
43467 43507 237
43479 43493 48
43486 43493 250
43510 43549 158
43538 43543 177
43566 43582 166
43592 43631 109
43612 43641 12
43622 43655 233
43651 43663 61
43658 43694 40
43679 43687 231
43697 43721 186
43699 43737 46
43726 43765 17
43726 43773 166
43751 43754 48
43768 43808 41
43771 43796 252
43793 43796 283
43812 43847 246
43836 43846 176
43849 43868 11
43850 43865 216
43880 43891 225
43891 43938 117
43898 43937 129
43898 43918 283
43907 43953 42
43916 43942 8
43935 43964 161
43963 43997 66
43971 43974 127
43974 44020 148
43991 44029 83
44018 44027 47
44040 44090 241
44070 44082 9
44095 44101 59
44124 44130 204
44133 44140 179
44146 44192 94
44162 44201 136
44168 44198 190
44172 44177 127
44189 44195 158
44196 44227 199
44218 44232 62
44245 44274 45
44248 44257 235
44262 44301 277
44287 44312 3
44299 44318 42
44323 44356 28
44329 44368 30
44344 44352 4
44362 44411 84
44381 44404 25
44403 44438 130
44430 44457 213
44457 44474 233
44481 44496 111
44499 44509 106
44510 44538 54
44534 44556 7
44554 44585 219
44562 44585 49
44591 44632 21
44606 44634 250
44624 44670 205
44637 44641 271
44644 44650 147
44669 44699 178
44671 44703 181
44676 44716 158
44701 44750 87
44726 44765 18
44735 44747 143
44739 44759 296
44756 44762 246
44778 44793 147
44785 44811 152
44790 44807 53
44818 44856 34
44840 44883 187
44869 44899 151
44883 44890 127
44908 44911 61
44921 44945 134
44930 44957 175
44945 44960 106
44962 45012 78
44966 45012 269
44981 44991 134
44986 45034 214
45001 45007 266
45021 45041 283
45043 45049 145
45055 45089 104
45060 45072 264
45069 45087 271
45088 45119 109
45101 45145 110
45125 45151 295
45153 45191 212
45154 45186 188
45160 45195 52
45182 45205 288
45188 45232 74
45217 45267 65
45226 45269 192
45247 45268 204
45258 45285 112
45258 45295 179
45287 45303 40
45300 45349 49
45304 45353 170
45325 45367 16
45328 45377 14
45357 45398 154
45357 45370 227
45372 45420 150
45380 45397 90
45394 45420 7
45401 45419 102
45406 45422 25
45421 45426 184
45421 45431 23
45441 45462 115
45441 45475 233
45458 45471 15
45481 45530 161
45483 45525 74
45503 45507 241
45532 45542 24
45557 45606 75
45558 45564 20
45560 45603 115
45573 45604 62
45579 45617 120
45598 45604 164
45615 45622 266
45638 45659 79
45642 45643 8
45649 45679 6
45678 45724 118
45708 45751 194
45723 45768 21
45751 45778 277
45774 45817 236
45797 45823 298
45806 45836 293
45834 45874 141
45854 45855 120
45863 45903 15
45889 45929 24
45903 45933 22
45918 45959 131
45942 45970 192
45953 45991 46
45978 45999 45
45986 46033 149
46005 46041 222
46031 46068 229
46061 46078 20
46071 46101 225
46079 46080 6
46097 46123 33
46099 46149 10
46125 46134 7
46152 46183 33
46166 46194 117
46176 46219 201
46178 46182 230
46184 46232 111
46202 46248 60
46204 46228 143
46219 46245 117
46227 46256 57
46229 46251 240
46252 46267 193
46258 46266 209
46278 46321 102
46295 46307 70
46304 46349 228
46307 46316 88
46336 46378 1
46342 46359 23
46367 46410 33
46390 46437 93
46415 46455 11
46433 46475 161
46461 46466 192
46472 46521 230
46478 46496 152
46486 46529 4
46498 46532 86
46525 46556 185
46553 46584 78
46573 46589 72
46589 46616 21
46602 46610 249
46602 46645 51
46605 46615 223
46615 46617 225
46631 46674 140
46642 46691 109
46653 46655 267
46667 46680 249
46694 46737 84
46708 46730 89
46726 46758 109
46751 46764 53
46761 46794 85
46787 46793 103
46803 46853 29
46817 46856 70
46839 46850 86
46860 46893 82
46889 46916 238
46906 46907 43
46912 46919 219
46929 46972 199
46929 46930 56
46941 46956 137
46950 46971 13
46952 46972 135
46962 47004 145
46972 46993 138
46975 47018 137
46976 47025 138
46978 47007 283
46981 46996 242
46997 47046 60
47002 47026 13
47016 47037 249
47033 47064 153
47056 47098 279
47067 47100 58
47074 47112 82
47102 47148 4
47127 47147 45
47147 47185 285
47173 47186 278
47185 47192 26
47196 47197 152
47198 47210 165
47210 47211 14
47222 47234 29
47238 47262 114
47254 47301 167
47281 47322 284
47293 47340 283
47298 47348 213
47326 47356 210
47341 47377 297
47360 47392 273
47377 47399 147
47401 47408 180
47401 47436 300
47431 47478 89
47435 47459 297
47438 47483 119
47450 47453 268
47464 47513 9
47471 47495 62
47477 47492 176
47477 47481 127
47504 47532 30
47504 47554 80
47512 47530 51
47521 47557 179
47521 47552 222
47530 47554 279
47559 47568 202
47573 47597 274
47585 47604 119
47585 47593 190
47593 47638 141
47611 47656 229
47627 47677 36
47655 47687 37
47670 47718 31
47684 47722 167
47693 47695 24
47713 47736 245
47730 47777 282
47747 47750 149
47747 47770 56
47762 47802 134
47785 47811 90
47795 47806 284
47810 47839 244
47822 47863 96
47844 47848 211
47871 47882 217
47892 47899 152
47911 47928 142
47925 47945 19
47934 47976 236
47957 47981 44
47983 48022 113
47991 48004 216
48012 48059 267
48026 48063 124
48027 48073 189
48027 48042 101
48040 48063 89
48052 48068 238
48071 48079 103
48071 48095 263
48076 48116 135
48097 48123 196
48103 48122 118
48118 48130 212
48119 48125 274
48128 48157 214
48132 48147 52
48142 48176 261
48147 48159 246
48176 48179 180
48195 48200 269
48216 48230 190
48220 48246 281
48238 48251 199
48251 48280 50
48270 48283 188
48278 48321 114
48303 48331 38
48307 48345 150
48321 48349 240
48323 48336 234
48327 48362 272
48330 48335 51
48337 48373 194
48357 48381 192
48359 48394 178
48384 48401 98
48411 48417 179
48432 48440 94
48447 48468 220
48447 48482 91
48458 48498 238
48481 48510 250
48510 48545 3
48517 48524 252
48545 48563 121
48573 48596 278
48598 48618 91
48625 48655 118
48638 48654 204
48646 48679 53
48671 48685 1
48677 48696 89
48683 48687 92
48703 48734 22
48711 48723 88
48741 48749 152
48745 48764 91
48769 48775 201
48788 48799 56
48803 48805 169
48827 48858 238
48828 48848 50
48841 48881 128
48860 48900 294
48872 48913 29
48891 48935 102
48899 48942 23
48915 48937 246
48939 48983 242
48951 48986 101
48975 48989 259
48984 48987 102
49004 49048 158
49025 49062 8
49053 49071 15
49081 49096 155
49083 49112 191
49104 49149 16
49107 49131 99
49123 49140 295
49132 49162 297
49153 49173 33
49166 49184 232
49186 49225 148
49212 49236 247
49240 49260 92
49243 49279 271
49257 49262 132
49284 49314 61
49296 49329 148
49318 49341 120
49336 49350 231
49355 49389 189
49373 49410 12
49376 49401 277
49397 49418 277
49423 49429 20
49424 49451 75
49442 49485 168
49451 49476 34
49455 49456 58
49472 49520 206
49473 49487 276
49495 49539 220
49516 49521 100
49542 49583 52
49562 49593 268
49579 49598 290
49580 49605 115
49581 49600 239
49610 49627 255
49624 49632 269
49645 49692 9
49651 49692 218
49681 49685 176
49685 49734 209
49709 49741 267
49716 49758 189
49733 49738 197
49757 49767 150
49782 49805 122
49808 49850 253
49835 49844 290
49843 49853 205
49862 49888 14
49878 49928 38
49881 49882 173
49905 49955 269
49914 49931 205
49943 49968 285
49955 49956 191
49961 49995 290
49972 50019 1
49985 49997 222
50009 50053 69
50019 50050 96
50032 50068 274
50035 50059 224
50045 50068 13
50064 50076 35
50072 50099 89
50080 50094 249
50088 50112 19
50090 50133 169
50114 50136 3
50142 50172 104
50145 50159 257
50154 50156 62
50163 50186 89
50190 50200 248
50202 50235 168
50232 50257 162
50249 50268 166
50252 50278 213
50280 50317 110
50284 50293 120
50312 50350 34
50342 50357 217
50363 50397 31
50371 50380 298
50397 50416 28
50397 50404 143
50400 50410 96
50405 50417 61
50420 50430 166
50439 50463 88
50461 50500 26
50475 50521 213
50491 50527 86
50493 50505 179
50508 50517 140
50523 50568 66
50524 50553 72
50552 50566 254
50566 50602 144
50574 50586 177
50603 50626 28
50631 50649 240
50633 50665 55
50656 50670 222
50657 50678 164
50674 50678 30
50697 50740 229
50707 50720 281
50719 50740 245
50721 50728 212
50739 50772 187
50764 50785 259
50771 50781 282
50796 50826 278
50822 50829 164
50841 50870 185
50869 50911 229
50896 50933 188
50901 50908 278
50905 50910 265
50917 50929 53
50945 50958 284
50958 50999 120
50983 51005 158
51013 51052 105
51033 51069 209
51040 51048 187
51059 51076 56
51071 51072 215
51078 51109 3
51107 51136 51
51126 51157 223
51155 51176 191
51182 51221 179
51212 51236 15
51230 51233 52
51249 51264 294
51258 51272 275
51287 51313 128
51306 51349 37
51332 51353 177
51343 51362 28
51347 51359 136
51352 51392 296
51359 51408 76
51370 51396 269
51392 51401 242
51404 51432 172
51415 51429 143
51422 51424 80
51429 51457 234
51441 51458 83
51460 51510 28
51471 51520 82
51474 51518 248
51503 51517 236
51522 51553 122
51526 51560 172
51526 51566 63
51534 51555 259
51555 51589 300
51563 51600 50
51580 51594 244
51586 51598 211
51599 51636 39
51609 51637 145
51625 51639 122
51642 51643 290
51653 51661 3
51675 51709 92
51693 51740 75
51714 51728 32
51717 51723 14
51724 51769 264
51729 51746 295
51730 51774 113
51731 51756 1
51738 51757 255
51742 51778 227
51772 51803 224
51797 51819 240
51804 51854 250
51832 51842 138
51862 51905 172
51887 51921 278
51892 51936 167
51895 51904 146
51925 51956 103
51940 51989 2
51966 51973 280
51996 52011 46
52004 52028 242
52007 52051 237
52019 52051 84
52022 52029 27
52044 52055 171
52048 52088 212
52073 52075 195
52084 52085 289
52085 52122 265
52088 52102 55
52109 52125 201
52134 52159 35
52161 52164 266
52173 52175 30
52203 52234 240
52226 52262 199
52256 52268 156
52272 52306 155
52275 52292 93
52297 52298 82
52320 52356 102
52328 52365 47
52357 52377 134
52377 52425 57
52405 52417 28
52412 52424 200
52438 52456 186
52457 52504 267
52484 52524 264
52513 52535 281
52514 52548 273
52530 52552 97
52545 52576 287
52548 52585 24
52568 52611 103
52594 52625 208
52608 52618 98
52630 52663 222
52637 52649 29
52663 52690 226
52671 52687 122
52673 52682 213
52677 52678 24
52679 52684 124
52708 52711 92
52722 52759 26
52735 52772 233
52740 52766 160
52763 52781 138
52763 52788 49
52774 52814 129
52803 52845 7
52826 52871 282
52834 52849 233
52849 52875 6
52851 52877 92
52866 52914 21
52876 52888 106
52892 52931 276
52913 52946 171
52921 52961 25
52929 52931 6
52956 52967 165
52971 52980 95
52997 53002 19
53026 53039 251
53029 53034 277
53050 53080 210
53059 53103 118
53067 53079 83
53080 53105 30
53082 53126 98
53092 53141 33
53109 53116 277
53124 53147 205
53148 53196 99
53155 53180 257
53169 53194 27
53172 53216 102
53187 53231 4
53211 53222 225
53224 53242 7
53245 53273 270
53271 53301 279
53298 53340 68
53323 53367 221
53331 53372 231
53338 53387 112
53343 53348 203
53355 53379 220
53367 53370 110
53370 53387 127
53383 53426 215
53387 53404 21
53417 53444 129
53441 53478 111
53449 53452 242
53472 53494 86
53477 53518 162
53501 53517 164
53506 53539 148
53522 53524 17
53547 53564 124
53576 53606 219
53587 53632 224
53596 53619 103
53602 53627 201
53606 53635 189
53624 53669 234
53638 53686 190
53662 53699 272
53679 53687 291
53709 53740 67
53738 53774 172
53753 53792 251
53758 53771 75
53780 53810 157
53781 53819 39
53810 53819 286
53822 53844 262
53842 53878 35
53866 53905 27
53892 53893 64
53894 53906 208
53908 53949 90
53922 53950 104
53926 53935 124
53927 53931 106
53947 53957 23
53965 53998 140
53970 53988 67
53971 54005 28
53979 54019 70
53988 53999 175
54005 54021 300
54032 54049 64
54046 54065 151
54074 54103 174
54095 54136 114
54108 54144 182
54134 54139 5
54152 54159 219
54152 54171 166
54168 54172 97
54172 54217 143
54194 54243 107
54195 54235 71
54201 54246 294
54209 54255 128
54223 54247 262
54226 54249 193
54247 54251 137
54255 54288 4
54264 54275 77
54273 54297 230
54287 54288 157
54299 54314 279
54328 54333 182
54332 54374 278
54341 54388 29
54349 54383 24
54352 54389 137
54379 54391 220
54398 54413 137
54424 54469 54
54427 54438 176
54454 54465 224
54474 54511 243
54501 54520 120
54529 54550 31
54553 54556 183
54558 54581 196
54560 54580 83
54582 54616 133
54590 54640 128
54616 54639 84
54617 54624 127
54636 54669 265
54643 54680 111
54670 54708 285
54683 54712 89
54709 54724 227
54716 54732 170
54717 54758 12
54717 54726 62
54717 54723 97
54721 54744 214
54747 54766 49
54775 54820 161
54789 54800 285
54790 54816 286
54816 54831 250
54821 54855 34
54828 54837 128
54858 54878 131
54870 54873 159
54897 54931 143
54921 54956 105
54925 54936 24
54950 54970 210
54962 55012 270
54966 55007 265
54975 55002 136
54997 55024 115
55017 55028 2
55018 55044 201
55040 55064 89
55047 55059 213
55072 55088 130
55089 55119 174
55095 55134 160
55118 55150 299
55147 55149 173
55157 55190 13
55167 55177 154
55169 55179 48
55169 55177 114
55180 55191 245
55183 55201 294
55197 55226 151
55224 55254 281
55244 55273 207
55251 55293 207
55265 55297 167
55269 55288 287
55272 55310 264
55289 55296 142
55302 55313 88
55329 55357 92
55351 55354 48
55366 55405 206
55392 55393 170
55400 55403 114
55425 55460 148
55430 55454 275
55437 55475 157
55454 55469 245
55467 55508 69
55474 55504 91
55481 55524 283
55505 55515 8
55516 55518 30
55540 55581 257
55558 55572 41
55575 55580 172
55602 55622 245
55609 55638 28
55636 55662 20
55640 55659 224
55646 55659 273
55658 55696 252
55665 55713 199
55690 55717 142
55703 55748 171
55731 55775 23
55738 55746 16
55745 55789 224
55761 55780 158
55783 55825 125
55787 55836 174
55795 55842 93
55822 55837 292
55834 55863 41
55836 55862 210
55855 55865 264
55858 55867 90
55861 55867 157
55891 55927 156
55916 55933 41
55919 55961 235
55942 55987 28
55966 55980 137
55972 56009 196
55999 56040 161
56010 56022 167
56037 56080 209
56039 56087 61
56043 56082 153
56057 56067 265
56087 56095 160
56100 56136 205
56125 56128 165
56133 56160 63
56142 56179 113
56149 56182 13
56159 56183 247
56167 56212 42
56170 56211 14
56178 56195 105
56191 56221 214
56209 56224 12
56226 56261 113
56246 56261 161
56276 56285 48
56288 56319 3
56298 56312 160
56321 56323 67
56326 56328 244
56350 56369 186
56366 56415 227
56383 56428 175
56405 56440 10
56435 56449 87
56462 56501 277
56490 56510 34
56517 56554 228
56519 56528 25
56545 56594 263
56546 56582 261
56561 56589 2
56572 56584 120
56582 56590 33
56589 56633 281
56606 56607 97
56636 56637 113
56638 56642 127
56647 56683 240
56655 56699 268
56669 56687 88
56692 56723 152
56716 56757 248
56737 56743 161
56750 56799 37
56755 56780 95
56775 56797 237
56791 56802 192
56814 56828 289
56830 56847 34
56836 56840 119
56861 56910 2
56874 56879 58
56886 56895 100
56902 56934 72
56917 56965 256
56934 56957 297
56940 56947 180
56946 56965 202
56964 56973 243
56966 56972 17
56990 57031 280
57007 57033 179
57010 57030 202
57019 57062 49
57027 57045 131
57035 57061 211
57038 57077 250
57055 57066 122
57065 57112 269
57069 57104 260
57074 57080 83
57099 57103 198
57120 57139 150
57130 57179 190
57159 57163 146
57176 57223 299
57192 57200 128
57205 57213 176
57219 57263 33
57233 57247 29
57259 57292 300
57259 57269 166
57266 57292 5
57269 57285 5
57271 57318 1
57286 57334 55
57309 57356 207
57322 57341 261
57323 57366 220
57346 57376 109
57371 57421 162
57395 57400 44
57411 57458 248
57423 57445 87
57425 57464 226
57438 57483 202
57465 57480 291
57468 57509 63
57496 57497 265
57518 57531 161
57538 57543 194
57556 57581 254
57567 57605 230
57597 57613 63
57602 57629 5
57602 57649 165
57609 57649 158
57615 57648 300
57643 57652 63
57646 57652 222
57652 57663 114
57653 57655 194
57672 57718 192
57686 57736 80
57710 57723 95
57727 57744 93
57753 57795 286
57779 57811 163
57782 57817 82
57794 57835 190
57807 57815 33
57819 57841 57
57846 57894 131
57868 57876 37
57883 57913 66
57890 57898 221
57911 57932 297
57932 57940 194
57957 57967 299
57963 57968 120
57987 58003 30
58006 58013 41
58018 58027 122
58037 58074 48
58041 58078 6
58047 58068 182
58053 58061 36
58067 58115 211
58081 58092 1
58099 58121 101
58108 58150 111
58130 58172 287
58144 58182 18
58147 58159 250
58162 58177 63
58191 58210 121
58200 58239 237
58230 58238 30
58242 58250 108
58266 58282 179
58272 58309 88
58298 58345 143
58312 58339 246
58329 58367 248
58340 58388 222
58346 58367 281
58354 58363 207
58381 58401 285
58389 58390 53
58414 58445 37
58444 58483 77
58461 58469 242
58467 58473 178
58467 58469 260
58494 58518 181
58524 58560 146
58533 58563 299
58562 58594 72
58587 58619 289
58608 58618 61
58617 58650 56
58634 58678 197
58655 58690 294
58665 58682 255
58678 58708 85
58703 58752 43
58722 58755 32
58751 58793 184
58760 58792 45
58769 58778 187
58787 58823 283
58805 58853 154
58823 58852 152
58842 58846 254
58854 58881 162
58865 58879 75
58885 58916 85
58913 58949 281
58942 58985 246
58947 58956 47
58964 59012 28
58969 59011 11
58988 59015 35
59013 59022 58
59041 59045 47
59067 59087 126
59095 59102 187
59111 59129 285
59114 59124 275
59125 59149 134
59135 59149 127
59155 59199 87
59172 59191 77
59189 59234 114
59199 59214 72
59221 59223 287
59236 59276 270
59262 59265 75
59265 59299 53
59290 59315 254
59313 59338 251
59322 59338 280
59343 59351 153
59349 59350 229
59379 59424 48
59379 59421 131
59407 59441 129
59430 59438 169
59441 59467 298
59444 59471 10
59463 59492 272
59473 59505 90
59502 59509 200
59521 59543 154
59532 59562 199
59539 59561 272
59544 59571 115
59552 59601 138
59572 59612 20
59576 59591 84
59604 59618 190
59630 59648 199
59637 59670 298
59665 59690 128
59695 59709 208
59709 59748 119
59717 59727 125
59744 59749 298
59773 59782 171
59780 59811 231
59805 59852 203
59833 59857 170
59857 59868 139
59871 59873 16
59878 59902 21
59893 59904 146
59921 59944 250
59922 59942 77
59925 59933 7
59934 59945 149
59964 59986 43
59968 60001 64
59987 59992 280
59992 59993 290
60006 60048 158
60029 60073 227
60045 60089 189
60061 60078 198
60074 60100 53
60088 60104 278
60101 60110 272
60102 60125 283
60115 60157 19
60116 60164 144
60139 60187 266
60168 60210 21
60182 60196 159
60190 60228 203
60210 60240 32
60224 60228 155
60244 60276 255
60262 60293 135
60287 60313 168
60297 60307 11
60320 60363 248
60345 60386 25
60374 60403 215
60375 60393 51
60377 60392 112
60378 60420 298
60388 60425 288
60407 60445 273
60433 60443 154
60451 60490 99
60466 60511 30
60471 60510 5
60489 60529 87
60496 60506 280
60518 60526 275
60525 60567 77
60536 60539 121
60536 60575 28
60551 60568 239
60575 60587 299
60585 60631 39
60589 60636 65
60592 60598 294
60610 60614 112
60611 60612 288
60637 60655 204
60666 60679 27
60681 60702 174
60707 60746 236
60729 60746 251
60749 60765 243
60779 60823 39
60781 60788 216
60810 60855 212
60825 60834 7
60827 60862 91
60850 60894 254
60853 60886 10
60879 60907 262
60903 60914 259
60933 60975 101
60941 60977 13
60952 60973 104
60970 61013 167
60973 61011 187
60976 60984 129
60984 60990 266
61004 61038 209
61009 61023 60
61024 61037 201
61039 61069 292
61050 61061 233
61051 61094 122
61066 61071 5
61081 61083 271
61084 61097 19
61088 61111 202
61115 61120 208
61123 61163 247
61138 61153 192
61155 61162 106
61161 61173 208
61188 61203 209
61193 61203 246
61205 61247 166
61232 61235 178
61245 61283 58
61267 61302 288
61279 61284 174
61281 61305 80
61310 61337 158
61325 61353 4
61349 61375 50
61351 61358 169
61371 61412 30
61377 61380 130
61394 61433 191
61408 61450 154
61431 61441 33
61456 61490 125
61456 61477 61
61459 61477 71
61484 61522 224
61507 61512 280
61509 61546 245
61529 61537 155
61556 61577 149
61567 61603 86
61568 61573 54
61568 61576 129
61583 61598 219
61611 61644 164
61614 61657 68
61637 61644 10
61641 61663 116
61652 61680 166
61661 61679 159
61684 61695 252
61702 61750 206
61725 61747 222
61736 61744 39
61765 61787 274
61780 61782 57
61805 61841 120
61835 61878 148
61864 61889 87
61875 61882 247
61894 61944 51
61916 61924 179
61918 61950 125
61919 61955 55
61923 61946 9
61950 61970 15
61957 61972 103
61965 61994 144
61994 62000 177
62000 62005 89
62009 62036 281
62034 62062 178
62064 62100 5
62065 62084 119
62073 62086 210
62082 62128 236
62099 62149 33
62105 62121 221
62132 62172 95
62144 62174 107
62160 62172 90
62189 62215 147
62193 62239 19
62207 62257 144
62210 62223 110
62228 62246 123
62233 62278 219
62262 62311 134
62274 62278 97
62298 62340 141
62303 62316 91
62303 62320 16
62326 62355 78
62348 62376 81
62358 62403 219
62383 62424 178
62394 62403 246
62411 62442 244
62419 62456 53
62426 62439 294
62442 62458 210
62468 62474 56
62486 62522 14
62509 62543 188
62533 62557 170
62540 62545 37
62543 62583 170
62547 62566 224
62565 62587 137
62574 62609 91
62585 62587 124
62585 62589 27
62587 62622 133
62608 62647 194
62616 62647 293
62624 62628 131
62635 62638 82
62653 62658 215
62657 62678 287
62670 62716 97
62690 62725 296
62709 62753 173
62719 62737 282
62739 62786 149
62756 62767 88
62781 62816 214
62802 62827 60
62816 62843 185
62821 62869 100
62821 62827 215
62829 62853 241
62848 62858 60
62856 62867 219
62873 62887 284
62903 62949 41
62926 62945 12
62949 62968 160
62960 62975 129
62968 63006 202
62994 63001 82
63018 63026 252
63030 63067 259
63047 63091 42
63052 63081 207
63059 63097 19
63076 63106 217
63090 63104 24
63098 63134 28
63103 63124 82
63121 63130 258
63133 63179 245
63161 63200 229
63177 63209 164
63192 63212 282
63216 63248 173
63238 63244 98
63255 63287 262
63266 63287 233
63283 63320 9
63306 63351 125
63309 63335 186
63318 63334 242
63345 63380 129
63363 63381 213
63390 63427 99
63399 63413 220
63417 63428 129
63437 63482 195
63467 63473 251
63472 63489 19
63480 63481 191
63503 63536 207
63513 63539 6
63514 63554 242
63523 63544 1
63541 63572 196
63562 63569 104
63586 63620 50
63588 63602 122
63615 63644 271
63623 63638 167
63637 63643 230
63653 63678 160
63681 63696 282
63682 63687 161
63702 63725 271
63720 63762 175
63723 63748 120
63734 63769 191
63745 63790 131
63746 63755 63
63762 63809 51
63785 63800 196
63807 63837 60
63807 63841 84
63811 63851 169
63835 63867 137
63857 63884 1
63862 63866 293
63875 63924 116
63878 63921 48
63878 63923 18
63903 63950 169
63922 63930 8
63940 63970 199
63945 63976 107
63963 63987 114
63992 64036 73
64013 64015 44
64036 64040 57
64058 64099 165
64078 64111 162
64096 64113 254
64115 64127 211
64121 64148 107
64121 64171 42
64150 64174 17
64177 64180 22
64188 64218 250
64199 64243 283
64225 64258 110
64243 64251 298
64270 64301 124
64287 64305 108
64294 64327 242
64299 64332 232
64311 64360 70
64322 64338 122
64344 64362 118
64363 64408 120
64365 64394 283
64388 64407 182
64388 64407 291
64396 64404 1
64425 64464 297
64437 64449 180
64457 64474 284
64474 64478 252
64492 64530 80
64514 64542 34
64544 64577 97
64556 64562 49
64583 64607 101
64613 64624 75
64638 64671 107
64641 64654 84
64656 64658 178
64665 64700 268
64679 64712 37
64687 64721 187
64710 64721 113
64719 64753 11
64735 64781 122
64746 64760 269
64775 64779 109
64783 64822 74
64807 64841 211
64823 64825 86
64832 64878 21
64853 64878 125
64865 64903 264
64889 64908 232
64896 64941 50
64917 64946 199
64936 64969 112
64953 64975 149
64965 64991 204
64989 65027 22
65012 65048 23
65026 65032 187
65028 65067 110
65045 65086 226
65052 65081 146
65073 65079 48
65096 65133 25
65098 65132 239
65110 65128 68
65135 65169 154
65147 65193 141
65163 65187 294
65175 65210 184
65180 65186 104
65203 65244 190
65231 65242 228
65231 65274 21
65259 65263 294
65282 65286 40
65293 65311 191
65316 65341 80
65319 65369 176
65334 65345 68
65358 65384 85
65373 65400 155
65374 65399 274
65397 65443 215
65407 65454 267
65434 65435 4
65446 65461 5
65463 65496 284
65469 65491 188
65489 65517 130
65519 65559 262
65525 65560 155
65533 65547 281
65551 65598 257
65557 65588 87
65557 65586 144
65564 65594 237
65588 65618 94
65614 65658 93
65622 65633 250
65652 65684 196
65680 65715 147
65688 65735 13
65712 65758 88
65722 65761 107
65722 65737 290
65724 65762 34
65748 65757 256
65766 65805 47
65771 65774 282
65801 65824 214
65802 65816 203
65809 65855 134
65819 65855 69
65824 65874 75
65825 65832 70
65842 65877 192
65843 65849 244
65870 65907 130
65883 65931 155
65912 65956 246
65912 65945 19
65926 65941 282
65948 65989 232
65955 65969 112
65978 65980 196
65981 65995 63
65992 66002 187
66007 66024 15
66019 66063 60
66039 66052 99
66049 66088 257
66049 66078 141
66078 66091 2
66080 66109 230
66091 66124 287
66117 66141 249
66124 66170 106
66125 66146 208
66154 66156 242
66158 66200 257
66180 66200 69
66194 66224 284
66204 66241 68
66207 66257 167
66233 66270 247
66241 66282 101
66270 66310 6
66293 66302 17
66311 66319 87
66328 66371 208
66347 66385 154
66347 66378 191
66360 66401 2
66375 66384 180
66379 66403 244
66409 66435 22
66419 66432 192
66423 66452 199
66447 66453 151
66464 66493 99
66485 66495 126
66496 66498 162
66516 66546 289
66530 66574 288
66542 66579 51
66556 66560 125
66563 66602 195
66586 66628 155
66586 66636 42
66603 66610 186
66632 66656 297
66656 66675 169
66684 66705 4
66704 66751 267
66729 66771 135
66755 66789 143
66783 66828 55
66783 66789 254
66807 66849 246
66813 66836 126
66835 66864 271
66850 66871 135
66862 66889 90
66884 66908 198
66905 66943 241
66913 66940 236
66938 66944 9
66964 66979 236
66982 66984 217
66985 66992 4
66987 67002 83
67013 67026 107
67029 67068 223
67037 67053 90
67038 67055 91
67041 67080 29
67059 67062 267
67089 67125 169
67092 67142 184
67094 67102 102
67120 67134 218
67145 67170 176
67163 67182 275
67179 67204 51
67200 67203 152
67203 67219 67
67230 67264 165
67260 67262 300
67281 67331 276
67308 67323 81
67323 67361 3
67330 67338 293
67332 67333 25
67361 67365 42
67379 67420 184
67389 67412 72
67412 67427 257
67430 67445 266
67446 67453 156
67451 67498 292
67478 67520 48
67494 67517 299
67518 67551 14
67542 67585 133
67549 67556 264
67574 67606 211
67584 67628 80
67612 67660 244
67629 67668 44
67655 67690 34
67671 67675 261
67689 67699 92
67697 67707 87
67719 67739 91
67732 67765 225
67745 67761 101
67766 67773 169
67794 67826 174
67810 67851 200
67818 67866 1
67835 67870 228
67854 67882 86
67865 67877 161
67890 67902 292
67910 67938 81
67910 67933 204
67924 67963 89
67936 67961 185
67946 67962 106
67960 67972 69
67965 67993 221
67994 68005 39
68011 68060 275
68018 68066 203
68022 68049 13
68051 68091 46
68068 68086 2
68086 68093 103
68100 68137 201
68113 68139 250
68139 68153 171
68152 68189 121
68169 68216 242
68196 68226 220
68219 68266 20
68227 68272 163
68247 68253 134
68247 68262 146
68260 68298 91
68271 68320 120
68301 68305 62
68320 68330 56
68336 68372 172
68346 68367 55
68355 68374 131
68361 68377 58
68382 68413 170
68382 68409 295
68410 68437 5
68411 68414 196
68418 68454 296
68426 68455 255
68435 68469 245
68447 68458 61
68466 68498 124
68470 68512 93
68495 68510 244
68507 68524 67
68536 68573 104
68561 68587 1
68570 68592 59
68597 68633 249
68602 68623 43
68624 68674 21
68627 68649 179
68631 68661 198
68643 68651 94
68643 68661 81
68670 68706 113
68679 68718 243
68701 68740 167
68707 68717 257
68716 68731 216
68734 68764 218
68764 68788 152
68765 68769 49
68769 68794 91
68781 68827 222
68806 68820 239
68817 68846 238
68830 68863 66
68846 68896 58
68860 68870 217
68860 68903 28
68879 68920 155
68897 68930 56
68897 68915 59
68909 68937 261
68911 68915 244
68918 68934 10
68919 68955 227
68927 68951 218
68955 69001 277
68957 68996 34
68982 69026 74
68985 68998 210
68989 69024 223
69005 69031 143
69022 69043 258
69043 69093 283
69069 69102 172
69078 69099 114
69101 69115 300
69109 69144 295
69111 69152 78
69121 69163 15
69135 69153 104
69146 69195 280
69161 69204 164
69189 69211 249
69194 69242 20
69208 69247 258
69222 69250 189
69237 69272 87
69246 69262 86
69267 69270 10
69278 69324 278
69302 69337 137
69319 69348 114
69339 69377 108
69357 69393 88
69371 69419 219
69397 69443 30
69423 69444 212
69439 69455 151
69444 69479 79
69471 69507 128
69489 69536 234
69493 69509 18
69521 69528 210
69530 69546 288
69546 69563 49
69562 69571 260
69573 69581 175
69597 69612 175
69623 69655 87
69637 69651 264
69654 69696 17
69667 69683 236
69687 69689 235
69702 69751 187
69728 69749 146
69729 69756 131
69745 69771 240
69767 69801 15
69787 69790 9
69803 69824 257
69806 69850 280
69832 69880 15
69832 69854 246
69845 69869 61
69865 69882 223
69885 69928 180
69887 69924 51
69905 69945 65
69923 69957 297
69928 69961 143
69947 69985 139
69964 70007 9
69991 70005 47
69991 70001 184
70020 70036 250
70030 70066 280
70037 70071 263
70063 70069 135
70084 70091 53
70107 70150 275
70128 70172 230
70134 70139 73
70137 70172 98
70140 70165 4
70148 70186 111
70170 70184 255
70190 70216 287
70214 70238 255
70216 70254 250
70221 70241 21
70229 70234 264
70251 70280 121
70270 70302 138
70270 70302 123
70298 70339 260
70298 70330 236
70317 70331 178
70343 70372 252
70365 70389 150
70394 70399 187
70413 70461 164
70413 70463 56
70440 70452 220
70462 70489 118
70473 70520 60
70479 70489 41
70486 70523 156
70515 70521 249
70516 70552 213
70517 70552 269
70535 70578 85
70547 70591 96
70560 70595 240
70568 70586 77
70592 70641 5
70620 70663 122
70638 70652 240
70654 70691 181
70682 70689 247
70688 70700 223
70696 70729 13
70701 70745 261
70721 70722 172
70744 70749 168
70762 70810 150
70782 70817 29
70788 70834 296
70796 70838 27
70800 70814 119
70826 70831 109
70839 70869 203
70858 70866 153
70863 70885 121
70893 70938 83
70905 70918 103
70926 70956 52
70941 70973 205
70950 70993 197
70950 70999 47
70966 71001 28
70976 70982 67
70999 71007 295
71007 71032 218
71027 71062 94
71043 71078 14
71057 71063 62
71067 71088 225
71081 71106 31
71083 71114 6
71089 71117 229
71105 71147 133
71108 71140 185
71131 71153 55
71138 71162 201
71166 71212 59
71181 71205 137
71202 71244 169
71222 71229 286
71238 71254 277
71241 71243 10
71262 71265 280
71281 71306 272
71299 71306 117
71317 71366 1
71323 71350 142
71342 71374 188
71369 71390 255
71374 71412 267
71382 71415 298
71393 71429 175
71409 71422 282
71420 71470 113
71449 71464 144
71464 71488 108
71478 71500 285
71503 71541 63
71532 71549 242
71548 71559 146
71568 71617 269
71595 71626 49
71621 71647 11
71636 71684 173
71648 71694 217
71662 71668 247
71676 71703 296
71702 71752 37
71716 71722 57
71726 71768 100
71751 71778 148
71755 71774 12
71779 71806 163
71791 71800 274
71798 71811 73
71807 71839 248
71827 71839 234
71851 71892 111
71872 71919 195
71887 71937 161
71900 71949 96
71929 71931 173
71933 71947 131
71961 71977 57
71987 72035 4
72002 72012 27
72012 72061 6
72030 72075 164
72046 72065 205
72070 72079 12
72092 72099 29
72121 72146 220
72128 72131 136
72146 72190 90
72150 72171 296
72170 72174 6
72193 72224 11
72217 72234 228
72231 72249 30
72244 72250 195
72269 72310 258
72277 72320 209
72293 72313 103
72294 72315 224
72298 72300 259
72303 72342 286
72306 72348 22
72332 72333 161
72361 72393 118
72390 72419 69
72410 72428 8
72434 72438 34
72458 72469 89
72463 72504 59
72486 72497 66
72499 72509 128
72516 72547 157
72531 72569 80
72547 72571 241
72573 72575 121
72575 72604 168
72575 72620 143
72599 72622 261
72613 72654 288
72627 72651 281
72628 72640 54
72635 72639 4
72649 72674 73
72655 72703 48
72673 72678 44
72696 72723 187
72726 72772 266
72748 72776 203
72755 72757 268
72767 72780 67
72779 72780 239
72795 72822 280
72800 72811 185
72818 72826 190
72847 72893 266
72853 72878 299
72882 72888 2
72899 72905 262
72907 72944 46
72908 72951 147
72926 72965 99
72934 72964 45
72959 72979 278
72972 72975 277
72994 73007 280
73011 73051 26
73032 73035 135
73057 73106 251
73063 73084 75
73087 73117 257
73104 73120 185
73116 73153 282
73131 73165 76
73148 73161 197
73150 73196 4
73176 73219 53
73196 73233 168
73220 73232 270
73234 73243 96
73250 73258 148
73269 73272 103
73270 73310 67
73272 73306 263
73298 73348 4
73317 73324 139
73319 73366 270
73336 73370 243
73358 73383 160
73363 73401 106
73378 73392 297
73400 73429 31
73411 73447 198
73420 73446 155
73429 73449 272
73438 73484 157
73465 73475 219
73482 73509 145
73503 73550 155
73505 73526 239
73524 73541 183
73531 73536 267
73555 73565 260
73567 73607 148
73574 73583 233
73587 73594 94
73601 73639 281
73608 73611 272
73620 73665 295
73635 73652 114
73640 73661 180
73668 73709 171
73680 73719 287
73686 73717 35
73700 73728 270
73716 73731 154
73730 73746 153
73760 73775 114
73775 73809 191
73787 73824 235
73802 73849 190
73821 73827 207
73833 73864 35
73858 73902 71
73877 73907 285
73893 73918 157
73895 73920 104
73920 73956 115
73950 73989 102
73976 74026 175
73982 74008 3
73991 73992 268
74000 74042 182
74012 74015 159
74035 74079 247
74055 74083 42
74073 74101 204
74078 74082 72
74080 74121 277
74105 74113 55
74121 74154 71
74138 74150 5
74161 74203 3
74189 74227 80
74209 74248 183
