5000
1 49 282
27 46 164
35 41 15
45 63 102
75 91 111
76 107 183
84 116 233
96 137 263
103 106 22
133 135 215
159 190 51
164 166 51
181 192 102
185 190 150
213 214 77
235 248 107
258 283 254
271 305 74
274 275 290
297 330 280
310 329 187
327 362 218
337 361 150
341 363 40
345 377 163
375 416 273
375 394 40
396 403 224
404 449 57
404 413 273
431 456 265
456 501 157
466 494 230
493 496 165
506 551 11
509 548 195
515 519 257
515 544 296
526 572 240
527 540 169
528 553 76
556 564 245
583 594 208
600 605 165
629 677 192
641 665 201
649 661 136
661 673 300
680 712 73
680 729 262
697 743 78
726 730 86
736 781 287
750 761 295
777 788 31
807 848 95
837 863 126
844 864 104
864 900 7
887 920 157
889 913 222
904 928 248
932 945 105
961 973 226
988 998 133
1016 1059 265
1018 1020 190
1046 1063 92
1071 1075 44
1095 1143 148
1112 1127 292
1121 1155 169
1130 1157 143
1142 1176 75
1148 1173 162
1153 1161 136
1183 1225 107
1198 1203 89
1208 1236 115
1208 1225 43
1230 1249 105
1255 1266 144
1269 1271 187
1297 1324 135
1304 1314 37
1327 1356 221
1339 1359 257
1359 1396 189
1377 1405 266
1397 1440 210
1427 1470 123
1448 1455 269
1452 1485 168
1468 1469 269
1482 1501 167
1491 1505 162
1498 1537 154
1503 1509 200
1508 1557 8
1513 1540 110
1517 1548 118
1533 1567 113
1539 1582 154
1540 1571 178
1570 1575 75
1578 1628 177
1582 1627 291
1609 1623 244
1612 1614 159
1621 1652 283
1636 1662 296
1656 1706 61
1682 1701 128
1696 1746 121
1705 1742 167
1705 1746 236
1728 1736 101
1734 1747 110
1755 1788 6
1755 1761 86
1775 1790 34
1792 1795 194
1813 1845 147
1829 1857 219
1851 1893 171
1856 1904 177
1886 1930 135
1892 1898 198
1916 1921 34
1945 1988 177
1951 1994 3
1980 2003 275
1993 2017 61
2023 2066 40
2053 2067 183
2056 2099 221
2080 2081 37
2101 2119 198
2127 2161 288
2147 2173 78
2148 2195 189
2158 2159 296
2168 2178 57
2194 2218 271
2216 2253 25
2243 2256 77
2246 2291 55
2272 2300 123
2277 2319 85
2300 2319 255
2330 2331 182
2344 2366 185
2370 2371 77
2383 2407 265
2394 2432 62
2409 2413 153
2422 2439 275
2432 2463 223
2448 2472 204
2468 2500 143
2479 2505 168
2479 2481 146
2503 2519 242
2518 2566 12
2533 2534 32
2546 2558 211
2574 2588 24
2592 2626 250
2620 2652 21
2621 2666 261
2646 2662 42
2663 2673 187
2685 2698 178
2688 2737 108
2713 2715 193
2743 2759 224
2752 2760 36
2765 2781 168
2788 2803 173
2796 2825 22
2809 2814 240
2820 2850 46
2850 2889 160
2862 2885 148
2889 2921 78
2910 2939 28
2938 2960 43
2967 3011 261
2971 2996 12
2985 3010 17
3002 3030 280
3006 3007 216
3015 3055 232
3017 3051 135
3039 3085 94
3044 3058 173
3067 3107 183
3082 3119 7
3096 3106 69
3126 3140 184
3137 3148 94
3155 3180 195
3158 3206 203
3171 3218 130
3175 3196 236
3179 3187 204
3205 3218 263
3229 3231 134
3243 3272 270
3248 3293 88
3251 3286 150
3265 3272 94
3281 3328 197
3304 3352 300
3320 3367 202
3337 3375 28
3338 3340 210
3360 3366 294
3380 3416 119
3401 3417 162
3418 3434 234
3438 3468 24
3443 3473 291
3457 3496 67
3478 3502 120
3484 3486 265
3500 3537 79
3511 3545 263
3522 3572 278
3527 3569 291
3536 3558 76
3551 3569 243
3581 3594 19
3584 3629 127
3612 3646 133
3631 3644 146
3647 3648 58
3660 3688 285
3671 3696 68
3696 3710 209
3702 3710 185
3705 3748 73
3727 3733 283
3750 3767 57
3768 3779 265
3780 3791 116
3791 3822 192
3815 3821 242
3826 3845 135
3846 3892 114
3875 3877 96
3875 3904 97
3884 3923 10
3907 3936 114
3930 3980 238
3937 3973 124
3939 3942 58
3948 3972 247
3972 3993 160
3974 4010 25
3989 4005 290
4006 4049 195
4017 4025 164
4033 4048 24
4043 4059 7
4055 4071 93
4079 4094 71
4081 4131 16
4102 4141 120
4106 4146 141
4115 4163 55
4119 4148 259
4128 4174 295
4152 4165 188
4155 4187 186
4162 4205 221
4192 4195 247
4196 4208 228
4215 4258 30
4244 4286 170
4251 4274 106
4252 4259 69
4275 4321 181
4298 4343 217
4310 4349 230
4313 4345 210
4332 4381 1
4336 4340 150
4346 4358 85
4350 4375 273
4376 4421 132
4377 4418 65
4393 4395 61
4393 4435 33
4403 4410 276
4416 4453 30
4431 4443 12
4459 4488 283
4467 4505 15
4482 4512 216
4511 4553 151
4541 4557 76
4558 4569 90
4562 4609 193
4567 4575 48
4591 4615 171
4596 4617 139
4610 4653 231
4639 4656 137
4664 4699 259
4678 4723 181
4687 4694 9
4706 4715 176
4727 4752 14
4749 4779 38
4755 4756 163
4776 4824 69
4798 4847 180
4798 4803 282
4817 4851 245
4822 4823 81
4824 4830 235
4830 4866 201
4853 4903 30
4864 4887 56
4864 4875 5
4891 4924 73
4906 4936 75
4906 4950 66
4914 4920 279
4942 4960 206
4946 4992 79
4969 5004 180
4990 5035 242
5000 5018 81
5007 5011 47
5014 5055 104
5031 5044 137
5035 5069 173
5036 5058 273
5045 5054 240
5059 5064 231
5077 5095 261
5093 5109 101
5106 5124 206
5112 5148 80
5135 5145 169
5138 5159 172
5153 5188 77
5158 5175 131
5170 5205 50
5186 5208 203
5197 5231 44
5199 5206 123
5217 5244 221
5231 5250 154
5238 5257 198
5253 5291 296
5264 5308 220
5281 5312 148
5309 5355 174
5322 5326 58
5351 5385 291
5357 5392 148
5360 5366 180
5362 5378 82
5392 5431 133
5419 5422 137
5431 5451 70
5453 5486 211
5483 5491 7
5502 5513 56
5532 5572 216
5546 5593 215
5550 5556 100
5570 5601 241
5595 5608 258
5596 5631 209
5620 5658 26
5643 5652 250
5658 5680 29
5674 5698 298
5695 5743 158
5721 5762 119
5750 5785 242
5778 5807 221
5794 5808 2
5807 5828 33
5824 5834 98
5840 5859 149
5844 5891 191
5844 5891 53
5869 5903 264
5891 5909 122
5913 5948 235
5923 5936 285
5950 5971 31
5965 6003 28
5969 6006 42
5978 5983 43
5987 6026 79
6003 6041 198
6023 6068 260
6024 6067 173
6038 6055 125
6041 6042 136
6068 6090 108
6085 6092 1
6104 6139 130
6125 6147 56
6153 6186 260
6153 6196 148
6174 6220 230
6191 6206 4
6221 6264 129
6243 6289 213
6251 6275 299
6253 6293 102
6261 6303 239
6268 6272 63
6292 6330 175
6293 6294 16
6315 6333 73
6329 6378 255
6351 6368 126
6368 6388 96
6377 6419 97
6392 6429 123
6404 6428 287
6416 6443 247
6433 6472 122
6436 6440 207
6466 6488 59
6478 6527 53
6493 6512 170
6493 6502 48
6510 6541 54
6533 6552 271
6536 6546 129
6557 6594 163
6579 6600 183
6594 6599 115
6607 6628 3
6623 6657 145
6631 6651 242
6657 6691 115
6673 6675 30
6697 6701 259
6698 6731 202
6700 6741 251
6714 6736 243
6741 6748 260
6760 6777 253
6786 6811 290
6787 6833 19
6807 6838 196
6821 6859 86
6839 6877 54
6855 6857 113
6869 6899 94
6898 6909 173
6924 6964 56
6927 6958 42
6956 6978 236
6961 6995 149
6984 6987 99
6991 6998 112
7015 7058 264
7032 7041 50
7061 7100 296
7081 7093 80
7085 7096 289
7111 7158 84
7129 7178 9
7154 7192 94
7171 7195 223
7179 7196 40
7184 7216 51
7211 7242 112
7211 7224 121
7213 7244 215
7215 7223 72
7234 7248 25
7234 7241 222
7262 7274 246
7269 7286 168
7276 7318 283
7282 7295 280
7312 7334 175
7340 7353 21
7365 7366 25
7379 7420 36
7406 7410 228
7410 7415 268
7418 7435 173
7426 7438 140
7426 7450 293
7430 7441 210
7439 7465 97
7449 7499 249
7468 7476 153
7485 7505 269
7513 7549 62
7537 7584 226
7545 7563 72
7573 7607 238
7603 7640 149
7612 7659 8
7620 7670 222
7626 7651 55
7653 7693 24
7664 7713 20
7667 7715 271
7672 7682 70
7693 7714 272
7715 7753 284
7732 7738 59
7751 7765 194
7776 7809 202
7802 7817 200
7807 7830 229
7826 7842 66
7843 7874 127
7865 7880 26
7873 7915 221
7896 7926 173
7907 7909 47
7908 7936 128
7913 7956 260
7914 7949 67
7942 7944 126
7952 7988 96
7976 8017 69
7996 8025 18
8019 8065 272
8024 8039 222
8045 8055 284
8072 8083 114
8072 8082 132
8099 8142 200
8115 8132 223
8119 8161 96
8122 8125 266
8148 8164 65
8173 8203 13
8188 8222 28
8198 8238 90
8198 8243 154
8215 8218 259
8219 8253 161
8245 8250 129
8267 8274 195
8278 8305 49
8297 8334 51
8311 8347 222
8312 8327 224
8312 8329 291
8342 8346 150
8368 8373 26
8384 8391 75
8406 8436 6
8418 8432 12
8430 8447 249
8431 8455 235
8445 8457 202
8452 8498 291
8467 8488 233
8479 8521 284
8491 8502 11
8493 8522 226
8512 8524 118
8516 8538 88
8537 8570 131
8551 8578 50
8581 8595 150
8591 8600 73
8605 8640 93
8608 8621 63
8610 8623 268
8621 8634 160
8649 8654 21
8662 8711 70
8681 8717 46
8704 8709 40
8728 8736 45
8753 8803 170
8758 8786 144
8785 8791 237
8787 8827 184
8788 8816 222
8792 8800 256
8802 8851 231
8820 8838 63
8839 8873 265
8859 8882 251
8868 8887 222
8882 8931 144
8883 8887 100
8885 8910 113
8894 8913 223
8896 8901 85
8907 8922 297
8919 8931 123
8949 8950 78
8961 8962 300
8964 8995 87
8991 9027 228
9005 9036 36
9015 9040 5
9043 9059 26
9049 9086 115
9064 9076 21
9079 9089 246
9097 9125 291
9111 9113 145
9133 9142 149
9148 9186 256
9177 9213 250
9205 9215 104
9225 9268 189
9241 9280 121
9258 9298 30
9273 9290 159
9275 9279 99
9296 9324 104
9319 9365 158
9344 9390 172
9350 9394 79
9354 9402 199
9359 9388 129
9375 9406 105
9402 9412 132
9407 9427 193
9410 9430 3
9419 9463 34
9426 9437 23
9430 9480 116
9456 9486 6
9462 9469 171
9474 9519 25
9489 9509 170
9509 9522 42
9537 9545 58
9552 9560 109
9561 9592 39
9569 9573 278
9590 9629 195
9595 9632 256
9606 9616 204
9611 9643 261
9615 9665 21
9632 9647 86
9641 9651 46
9658 9689 226
9661 9700 92
9672 9703 264
9678 9679 189
9685 9730 253
9703 9724 169
9709 9731 192
9715 9728 259
9729 9731 236
9738 9763 215
9768 9775 125
9787 9801 188
9797 9805 258
9805 9828 226
9826 9846 109
9835 9863 217
9846 9860 288
9864 9875 61
9882 9909 69
9884 9890 198
9914 9924 178
9939 9989 238
9967 9987 180
9980 10019 267
9996 10035 253
10022 10046 295
10047 10095 245
10052 10095 280
10070 10100 255
10094 10144 51
10099 10117 183
10108 10128 99
10122 10150 79
10125 10148 91
10151 10155 39
10167 10214 279
10174 10190 124
10179 10226 293
10187 10218 6
10206 10250 233
10213 10236 66
10234 10257 292
10258 10266 238
10285 10320 25
10305 10337 104
10323 10354 178
10353 10372 8
10364 10374 181
10388 10423 56
10399 10400 192
10406 10419 236
10436 10440 174
10451 10458 20
10467 10502 98
10477 10494 40
10487 10488 132
10498 10501 242
10520 10537 160
10521 10546 267
10526 10561 37
10542 10543 84
10543 10560 152
10560 10568 22
10571 10603 258
10598 10638 41
10628 10675 157
10643 10687 174
10656 10697 183
10682 10702 90
10683 10731 247
10695 10718 228
10712 10736 119
10716 10750 188
10737 10761 259
10752 10797 117
10765 10795 129
10789 10813 112
10798 10812 254
10820 10846 199
10846 10890 46
10848 10885 69
10853 10860 116
10881 10882 181
10898 10936 160
10909 10912 241
10931 10962 181
10956 10957 103
10979 10986 51
10982 11002 67
11010 11013 110
11018 11036 259
11038 11060 233
11045 11093 158
11073 11083 29
11091 11124 280
11098 11146 251
11127 11154 264
11128 11173 201
11152 11199 218
11174 11205 109
11176 11208 31
11184 11228 43
11187 11232 235
11213 11219 222
11217 11250 295
11223 11226 248
11226 11228 123
11245 11270 287
11260 11263 46
11276 11302 108
11277 11293 107
11299 11312 180
11313 11358 84
11325 11361 274
11345 11391 95
11371 11381 37
11397 11445 270
11398 11433 135
11411 11422 90
11420 11425 141
11443 11484 77
11443 11451 294
11450 11460 96
11458 11490 297
11466 11499 36
11495 11498 246
11497 11528 300
11511 11516 91
11515 11558 250
11532 11541 269
11545 11548 254
11560 11605 75
11563 11584 125
11590 11617 186
11611 11623 152
11630 11680 300
11645 11689 183
11675 11719 124
11688 11707 139
11695 11700 13
11697 11735 188
11699 11735 29
11722 11766 94
11725 11746 226
11734 11750 296
11762 11774 176
11789 11809 30
11818 11821 165
11823 11842 12
11843 11844 126
11859 11901 238
11872 11880 98
11878 11880 103
11893 11910 209
11899 11918 144
11927 11960 183
11929 11971 51
11945 11949 38
11959 11999 68
11978 12012 119
11981 11986 110
11993 12018 272
12018 12028 79
12044 12083 184
12046 12075 127
12064 12092 198
12078 12098 214
12102 12148 11
12127 12151 49
12150 12200 190
12159 12204 86
12171 12191 22
12177 12183 16
12195 12199 112
12219 12234 206
12230 12245 263
12250 12277 223
12262 12279 150
12278 12317 130
12280 12318 184
12293 12297 295
12311 12315 87
12320 12363 123
12334 12381 15
12364 12394 49
12377 12415 38
12378 12404 243
12402 12424 275
12407 12424 133
12410 12429 126
12439 12456 225
12466 12508 232
12475 12488 67
12478 12487 6
12486 12516 38
12510 12546 243
12513 12530 152
12532 12533 256
12539 12578 279
12539 12587 272
12554 12576 18
12577 12605 127
12583 12600 89
12586 12594 25
12609 12628 228
12613 12635 46
12631 12679 82
12655 12701 236
12671 12706 103
12683 12692 182
12706 12741 126
12736 12749 262
12743 12774 149
12773 12813 231
12786 12815 164
12806 12823 3
12812 12841 216
12829 12837 202
12830 12844 28
12860 12896 140
12887 12891 250
12915 12951 250
12917 12951 16
12925 12957 200
12937 12976 10
12938 12985 37
12957 12959 75
12959 12992 225
12974 12999 281
13002 13033 246
13006 13017 135
13031 13047 285
13060 13073 79
13062 13110 5
13073 13113 114
13085 13101 296
13106 13145 196
13129 13140 123
13146 13159 55
13151 13171 275
13181 13193 18
13192 13236 47
13207 13209 157
13213 13225 196
13238 13283 104
13246 13262 59
13260 13304 108
13285 13311 155
13297 13340 167
13302 13318 178
13332 13365 284
13333 13357 90
13343 13393 42
13368 13417 278
13382 13417 194
13403 13453 276
13416 13437 161
13417 13441 114
13424 13441 76
13446 13489 192
13456 13501 165
13465 13512 139
13485 13533 231
13492 13496 71
13512 13522 7
13541 13545 276
13571 13592 255
13581 13629 21
13595 13624 37
13604 13639 188
13621 13661 124
13624 13648 39
13652 13681 293
13672 13673 141
13685 13692 131
13710 13760 204
13732 13737 182
13762 13782 111
13788 13792 78
13806 13813 51
13829 13844 254
13853 13856 51
13855 13856 104
13866 13870 223
13884 13911 80
13912 13925 147
13918 13926 134
13922 13971 174
13944 13960 50
13956 13983 298
13986 14014 6
13995 14004 75
14010 14012 133
14017 14047 277
14023 14052 281
14023 14024 297
14035 14036 169
14050 14091 267
14078 14087 145
14079 14098 289
14095 14139 55
14096 14144 99
14102 14110 294
14111 14156 40
14141 14145 254
14159 14208 62
14182 14186 155
14182 14196 231
14203 14228 84
14213 14253 202
14237 14273 91
14247 14278 221
14267 14295 160
14282 14283 269
14301 14318 241
14322 14335 255
14340 14362 223
14363 14397 65
14371 14391 241
14391 14401 268
14411 14412 84
14424 14434 215
14432 14439 246
14461 14498 7
14479 14520 65
14498 14537 222
14500 14510 61
14526 14530 222
14545 14547 114
14553 14578 75
14559 14583 79
14573 14610 258
14596 14632 64
14626 14652 9
14646 14690 99
14663 14684 186
14672 14722 33
14699 14726 179
14702 14735 95
14729 14745 229
14754 14760 66
14769 14793 19
14793 14810 14
14808 14834 190
14832 14845 235
14853 14858 33
14879 14906 237
14904 14917 300
14930 14952 298
14952 14975 264
14952 14972 204
14954 14984 11
14961 15004 280
14985 14999 54
15015 15018 260
15029 15041 116
15038 15057 289
15051 15088 52
15067 15084 131
15085 15098 211
15105 15110 23
15130 15132 97
15152 15183 90
15172 15184 57
15181 15231 282
15181 15205 298
15193 15207 99
15197 15211 249
15213 15262 51
15236 15258 149
15250 15285 189
15258 15283 68
15265 15272 147
15277 15302 268
15278 15306 170
15279 15319 7
15309 15349 9
15321 15346 292
15326 15330 204
15354 15389 75
15378 15419 137
15394 15419 267
15423 15448 255
15445 15459 141
15454 15461 208
15470 15509 175
15494 15497 195
15501 15539 86
15502 15548 274
15521 15536 251
15529 15539 119
15555 15577 285
15574 15596 86
15587 15604 39
15612 15633 268
15632 15652 234
15648 15680 102
15676 15694 9
15677 15716 222
15705 15742 228
15726 15758 14
15748 15772 204
15774 15785 108
15778 15799 157
15806 15855 83
15808 15836 40
15817 15837 187
15837 15854 48
15840 15858 197
15845 15873 23
15869 15890 134
15870 15886 99
15894 15922 169
15894 15932 228
15919 15923 59
15923 15939 80
15927 15954 196
15936 15947 199
15938 15958 16
15953 15961 37
15964 16014 30
15988 16011 90
16014 16029 108
16024 16029 140
16040 16087 166
16070 16109 265
16082 16132 143
16108 16126 265
16129 16160 3
16135 16185 263
16147 16174 176
16159 16180 41
16175 16181 125
16201 16210 115
16229 16233 246
16252 16270 155
16264 16279 228
16293 16318 56
16300 16344 205
16315 16333 116
16344 16367 213
16347 16374 240
16353 16401 122
16372 16414 173
16390 16423 236
16391 16423 223
16400 16431 181
16414 16452 97
16439 16457 273
16452 16483 162
16480 16519 245
16485 16490 145
16491 16505 191
16502 16530 225
16515 16539 257
16525 16536 98
16553 16584 90
16583 16616 288
16584 16599 219
16587 16595 57
16605 16625 106
16633 16677 47
16659 16689 54
16684 16731 125
16687 16718 146
16704 16733 200
16717 16765 279
16740 16779 8
16740 16761 275
16766 16807 279
16773 16800 39
16781 16794 297
16784 16804 248
16809 16838 36
16826 16829 26
16843 16887 108
16872 16879 20
16901 16948 248
16910 16928 293
16933 16981 60
16943 16967 169
16944 16988 170
16959 17002 203
16981 16984 253
17006 17042 265
17021 17059 92
17029 17046 230
17046 17061 141
17064 17111 146
17068 17111 159
17091 17113 225
17106 17135 295
17123 17146 265
17124 17145 288
17130 17157 112
17134 17168 160
17156 17173 97
17164 17185 172
17173 17198 86
17190 17211 280
17210 17231 102
17238 17245 161
17249 17277 210
17250 17279 142
17252 17280 202
17273 17299 175
17297 17308 135
17320 17342 26
17347 17393 45
17361 17392 84
17364 17392 184
17380 17393 125
17388 17404 161
17390 17412 245
17408 17434 83
17415 17435 260
17430 17459 48
17435 17439 261
17448 17488 145
17453 17499 40
17479 17509 103
17500 17543 285
17505 17531 218
17519 17546 252
17544 17594 247
17562 17583 25
17569 17583 1
17573 17609 280
17599 17623 231
17629 17672 125
17648 17664 214
17671 17687 264
17696 17716 86
17706 17722 249
17729 17732 96
17740 17763 4
17752 17776 146
17771 17791 209
17772 17820 103
17797 17803 119
17797 17839 148
17815 17833 135
17821 17833 233
17838 17868 218
17854 17895 255
17865 17892 10
17876 17914 95
17906 17929 21
17907 17942 245
17935 17981 266
17935 17971 63
17936 17959 290
17951 17984 289
17951 17993 147
17976 17990 199
17988 18017 63
17999 18030 239
17999 18000 172
18020 18063 222
18039 18071 201
18064 18076 58
18088 18105 275
18088 18130 70
18103 18140 113
18122 18132 8
18145 18178 75
18173 18176 212
18181 18212 273
18198 18208 143
18203 18227 3
18223 18240 150
18240 18280 3
18263 18311 136
18263 18276 102
18293 18297 267
18322 18332 256
18345 18390 255
18349 18380 7
18373 18392 265
18384 18427 284
18390 18393 151
18411 18436 38
18417 18433 7
18425 18436 254
18455 18475 211
18478 18481 295
18508 18548 201
18521 18555 63
18539 18585 124
18553 18594 134
18562 18602 214
18588 18595 241
18600 18624 294
18613 18644 203
18618 18649 295
18639 18667 62
18657 18660 115
18658 18665 116
18684 18718 124
18698 18746 122
18713 18751 9
18726 18733 235
18734 18771 256
18746 18752 297
18769 18773 300
18771 18815 129
18796 18809 35
18813 18815 215
18841 18881 201
18862 18877 37
18878 18923 93
18896 18941 113
18913 18923 21
18932 18962 184
18952 18973 272
18953 18964 208
18955 18987 233
18974 18986 113
18982 19032 16
18987 19012 174
18989 18997 238
19006 19022 228
19029 19073 159
19053 19083 287
19075 19078 186
19098 19114 260
19118 19138 87
19145 19153 16
19167 19183 79
19196 19227 48
19224 19247 44
19227 19277 168
19242 19243 41
19253 19277 111
19261 19266 91
19282 19319 198
19308 19348 125
19308 19317 161
19319 19348 236
19321 19356 295
19323 19325 191
19345 19389 14
19347 19397 262
19365 19403 41
19382 19400 291
19386 19400 157
19415 19451 41
19426 19430 206
19432 19467 264
19459 19463 41
19462 19507 55
19484 19494 159
19488 19514 273
19516 19561 267
19541 19545 218
19561 19594 62
19570 19602 231
19599 19621 224
19621 19643 70
19634 19648 35
19655 19671 143
19684 19723 240
19713 19734 215
19726 19740 83
19730 19770 150
19744 19775 275
19752 19790 222
19756 19784 209
19779 19782 6
19789 19814 68
19797 19846 40
19809 19852 115
19829 19834 119
19842 19854 13
19860 19886 83
19871 19911 85
19879 19899 84
19887 19890 92
19897 19915 178
19927 19962 91
19936 19981 211
19946 19981 64
19947 19956 223
19964 20008 196
19980 20026 266
20009 20052 269
20025 20067 181
20028 20049 216
20046 20063 192
20072 20093 22
20086 20136 174
20093 20123 3
20112 20148 263
20134 20174 49
20158 20163 133
20172 20177 228
20182 20200 290
20189 20235 66
20195 20205 138
20224 20245 145
20238 20250 93
20267 20302 144
20292 20294 245
20313 20314 127
20342 20354 79
20369 20404 115
20387 20424 77
20398 20400 184
20421 20445 127
20426 20467 80
20434 20454 172
20435 20468 80
20439 20482 162
20457 20470 76
20478 20495 172
20492 20509 3
20508 20525 107
20532 20550 20
20562 20570 60
20584 20607 296
20613 20631 204
20640 20681 124
20640 20677 104
20661 20708 169
20686 20736 101
20708 20718 81
20718 20735 255
20719 20736 115
20736 20782 262
20741 20765 225
20764 20779 125
20785 20795 12
20789 20831 174
20791 20831 156
20791 20833 65
20807 20840 104
20815 20824 214
20842 20886 277
20869 20876 135
20887 20921 72
20917 20928 115
20932 20954 281
20961 20981 49
20961 20991 267
20962 20979 119
20989 20998 264
21011 21034 109
21014 21022 6
21029 21047 239
21037 21079 228
21043 21081 180
21049 21084 60
21054 21093 191
21057 21070 177
21068 21071 148
21086 21120 270
21094 21138 242
21099 21105 132
21104 21124 149
21107 21116 248
21133 21142 113
21163 21201 248
21183 21200 198
21200 21250 8
21224 21245 44
21233 21276 272
21253 21261 239
21254 21288 300
21254 21287 35
21260 21265 165
21266 21303 243
21287 21319 162
21316 21360 272
21324 21352 270
21333 21377 215
21337 21360 220
21339 21340 227
21356 21400 252
21384 21418 288
21401 21402 8
21429 21447 201
21438 21468 76
21452 21464 99
21470 21520 174
21474 21516 169
21485 21505 242
21488 21505 209
21498 21529 105
21510 21539 208
21530 21577 73
21534 21539 183
21553 21566 129
21571 21613 127
21597 21598 182
21620 21638 167
21646 21679 35
21657 21686 248
21682 21696 233
21708 21740 138
21731 21772 57
21752 21754 233
21764 21809 92
21770 21780 112
21788 21837 67
21793 21823 70
21822 21848 96
21834 21852 259
21847 21867 230
21874 21886 105
21890 21911 185
21892 21942 70
21916 21918 26
21922 21941 109
21930 21972 80
21939 21965 124
21965 22014 213
21965 21991 255
21977 22015 277
22005 22025 286
22015 22031 35
22036 22071 23
22063 22111 205
22086 22115 218
22089 22117 152
22112 22128 137
22133 22152 273
22137 22168 131
22164 22197 161
22185 22202 41
22187 22195 168
22199 22214 269
22218 22242 120
22237 22246 129
22237 22272 97
22256 22266 144
22265 22298 27
22285 22323 17
22305 22350 68
22315 22319 267
22337 22365 243
22353 22371 246
22367 22370 19
22378 22416 193
22393 22397 297
22406 22439 79
22431 22439 294
22435 22476 146
22453 22476 65
22455 22498 203
22472 22478 241
22484 22485 67
22490 22514 59
22512 22554 212
22530 22548 50
22531 22568 3
22533 22551 226
22561 22605 44
22564 22579 161
22582 22600 203
22603 22610 182
22619 22629 19
22642 22670 253
22672 22719 91
22702 22710 209
22729 22733 189
22746 22755 45
22776 22810 210
22784 22834 264
22798 22822 85
22798 22830 123
22808 22838 290
22838 22886 231
22865 22870 279
22866 22884 81
22895 22909 92
22899 22935 82
22916 22947 117
22927 22954 240
22943 22949 139
22953 22985 111
22976 22998 257
22986 23010 276
22990 23025 259
23006 23039 93
23008 23041 151
23032 23055 208
23043 23078 270
23050 23069 51
23069 23109 230
23095 23123 179
23102 23145 226
23123 23124 196
23130 23152 297
23143 23144 196
23159 23186 30
23161 23203 202
23171 23188 50
23182 23207 202
23195 23198 57
23225 23229 115
23246 23270 83
23249 23257 212
23265 23276 210
23289 23310 54
23318 23337 214
23319 23369 235
23334 23360 51
23334 23376 83
23354 23366 79
23379 23398 91
23385 23422 134
23387 23422 134
23412 23422 300
23425 23468 300
23440 23479 248
23448 23498 147
23470 23496 212
23485 23519 159
23513 23544 297
23530 23573 11
23548 23589 196
23568 23589 117
23571 23587 147
23579 23602 251
23605 23650 241
23610 23652 292
23612 23647 28
23626 23631 209
23642 23650 187
23666 23690 5
23667 23674 299
23669 23673 69
23670 23685 153
23688 23734 112
23692 23714 63
23704 23719 6
23721 23765 276
23734 23766 20
23737 23777 136
23756 23776 232
23761 23802 66
23777 23810 6
23781 23821 17
23788 23803 71
23813 23817 279
23826 23869 61
23851 23859 226
23876 23888 207
23904 23911 83
23930 23975 229
23952 23962 98
23976 24003 108
24002 24050 222
24015 24062 80
24022 24063 73
24034 24051 266
24049 24055 285
24072 24107 45
24088 24132 287
24117 24143 34
24145 24187 180
24170 24211 58
24173 24178 198
24201 24207 150
24231 24276 105
24258 24272 262
24259 24299 105
24262 24265 44
24271 24281 76
24288 24304 33
24289 24324 79
24315 24322 272
24326 24328 117
24330 24362 218
24347 24393 219
24353 24354 218
24367 24409 11
24369 24390 79
24369 24405 149
24393 24409 102
24414 24458 29
24439 24464 293
24447 24475 159
24467 24479 162
24473 24516 285
24486 24508 163
24492 24496 245
24492 24537 113
24512 24537 81
24540 24557 156
24565 24574 296
24575 24609 66
24601 24644 35
24622 24665 30
24631 24654 258
24647 24650 39
24659 24688 188
24663 24678 201
24679 24724 199
24705 24709 227
24724 24739 22
24729 24749 287
24749 24797 80
24758 24768 167
24785 24791 197
24815 24846 82
24818 24862 71
24830 24862 189
24846 24875 50
24859 24898 213
24888 24913 137
24893 24900 106
24893 24938 267
24918 24932 8
24940 24949 89
24947 24959 193
24967 25001 194
24985 25012 57
25009 25033 300
25016 25027 263
25043 25080 113
25058 25075 227
25065 25070 276
25082 25092 101
25109 25151 114
25136 25181 73
25158 25197 45
25162 25193 177
25163 25191 67
25184 25223 253
25210 25242 237
25228 25230 268
25233 25255 292
25254 25269 28
25266 25278 298
25285 25330 47
25288 25295 107
25299 25321 53
25317 25358 67
25323 25348 288
25326 25354 192
25355 25357 101
25357 25379 151
25377 25397 1
25399 25419 269
25414 25419 241
25424 25426 58
25442 25454 1
25461 25511 271
25487 25511 236
25494 25495 28
25518 25541 218
25539 25563 32
25539 25573 270
25565 25597 63
25587 25636 42
25591 25641 67
25620 25635 59
25637 25662 216
25649 25669 168
25679 25691 215
25688 25710 215
25706 25719 27
25725 25742 23
25745 25778 198
25774 25799 74
25781 25801 288
25783 25828 60
25801 25809 150
25830 25875 78
25838 25845 241
25864 25897 101
25893 25918 58
25911 25925 144
25926 25940 198
25928 25932 98
25957 25972 73
25979 26006 232
25985 26020 100
25990 26024 58
26003 26023 196
26004 26052 134
26021 26069 111
26046 26054 217
26075 26102 208
26093 26116 262
26102 26121 100
26120 26127 210
26145 26159 139
26160 26185 224
26160 26181 10
26184 26193 137
26184 26222 277
26184 26220 288
26214 26245 34
26224 26270 260
26233 26264 2
26253 26267 89
26253 26299 135
26273 26278 37
26279 26281 158
26280 26283 296
26287 26316 152
26313 26328 258
26342 26379 166
26357 26395 109
26376 26390 200
26377 26378 67
26386 26434 157
26394 26402 220
26402 26448 145
26407 26418 276
26430 26449 266
26443 26469 179
26461 26488 145
26467 26480 228
26467 26471 187
26492 26535 230
26502 26540 184
26520 26552 21
26535 26542 86
26535 26541 164
26544 26592 210
26568 26591 27
26579 26611 230
26584 26623 168
26600 26608 133
26604 26629 195
26618 26666 70
26626 26663 67
26634 26663 12
26649 26665 291
26671 26711 56
26680 26714 20
26686 26706 246
26711 26742 220
26740 26753 58
26764 26792 239
26768 26809 33
26785 26821 68
26796 26822 233
26804 26843 119
26816 26832 49
26827 26865 7
26827 26828 260
26857 26899 93
26877 26921 260
26890 26900 35
26902 26904 102
26906 26931 130
26914 26960 284
26927 26945 188
26928 26964 259
26934 26939 196
26952 26954 270
26971 27014 193
26996 27010 256
27016 27028 6
27026 27046 118
27042 27062 54
27061 27076 103
27062 27106 110
27078 27127 292
27100 27128 47
27100 27117 174
27103 27112 14
27113 27134 281
27118 27150 151
27123 27128 245
27137 27153 193
27165 27214 109
27167 27180 44
27168 27182 269
27172 27222 69
27184 27226 100
27203 27240 196
27211 27244 102
27233 27274 102
27242 27246 270
27266 27302 19
27284 27327 50
27297 27337 91
27320 27337 57
27339 27364 218
27364 27369 20
27387 27393 103
27391 27440 76
27412 27419 280
27431 27466 69
27450 27455 254
27465 27491 127
27466 27513 295
27495 27540 285
27500 27550 196
27518 27523 217
27527 27532 160
27552 27588 193
27572 27573 175
27597 27602 297
27616 27628 4
27634 27649 239
27639 27649 171
27645 27655 38
27651 27687 201
27681 27728 241
27701 27714 7
27705 27737 230
27705 27736 8
27731 27749 64
27736 27769 14
27743 27762 208
27770 27779 19
27788 27828 226
27798 27831 287
27816 27837 132
27844 27850 212
27874 27876 253
27892 27915 255
27892 27902 223
27898 27946 32
27908 27955 58
27909 27928 22
27930 27978 282
27943 27992 22
27961 28004 204
27974 27999 30
28002 28025 9
28019 28028 190
28022 28071 159
28049 28069 262
28076 28101 131
28093 28128 46
28103 28149 113
28121 28135 22
28145 28184 95
28173 28176 23
28187 28213 133
28212 28222 127
28233 28257 101
28244 28278 153
28262 28308 274
28290 28324 215
28317 28351 152
28341 28386 6
28347 28397 287
28377 28387 22
28407 28441 66
28435 28451 57
28438 28464 101
28459 28499 129
28479 28515 221
28500 28514 208
28513 28517 22
28539 28587 78
28545 28551 90
28570 28579 158
28579 28591 123
28592 28597 39
28600 28615 136
28626 28639 103
28647 28672 209
28652 28692 109
28675 28691 207
28676 28724 61
28697 28744 251
28723 28725 214
28745 28790 239
28770 28790 167
28798 28835 68
28808 28810 20
28820 28850 64
28838 28865 70
28855 28862 189
28862 28870 37
28879 28887 158
28884 28931 118
28900 28929 265
28910 28922 223
28928 28978 63
28930 28959 84
28952 28983 41
28973 28987 182
29000 29024 115
29014 29025 16
29035 29059 151
29035 29048 24
29057 29064 188
29057 29100 189
29058 29070 1
29082 29083 7
29083 29087 40
29110 29130 16
29114 29130 246
29119 29167 42
29127 29128 84
29131 29175 146
29147 29194 92
29153 29162 63
29165 29192 234
29192 29224 95
29210 29247 29
29210 29249 221
29211 29217 259
29226 29251 251
29255 29303 93
29268 29304 131
29283 29330 208
29304 29315 115
29307 29340 68
29315 29334 169
29329 29333 37
29331 29333 111
29339 29382 28
29354 29360 40
29359 29405 159
29373 29386 145
29393 29431 206
29413 29460 248
29415 29462 185
29419 29454 267
29449 29457 226
29458 29472 72
29466 29472 110
29470 29506 82
29472 29490 110
29487 29490 45
29494 29499 250
29516 29518 36
29532 29546 204
29536 29548 284
29539 29560 130
29559 29584 152
29574 29585 142
29574 29588 12
29584 29590 137
29601 29604 228
29607 29647 78
29607 29653 176
29636 29671 77
29639 29683 99
29657 29707 12
29687 29713 227
29714 29733 274
29741 29762 179
29750 29769 81
29774 29786 222
29783 29786 251
29787 29804 222
29815 29856 153
29828 29851 172
29841 29877 245
29869 29885 248
29886 29918 105
29916 29939 145
29938 29945 189
29939 29986 193
29945 29980 140
29963 30010 34
29969 29999 76
29970 30016 212
29972 29986 247
29973 29979 35
29980 30001 36
30009 30032 207
30027 30045 138
30030 30063 40
30035 30061 248
30045 30090 275
30062 30094 94
30073 30114 295
30088 30115 80
30089 30134 160
30117 30162 103
30133 30143 183
30149 30177 160
30156 30205 254
30164 30190 277
30186 30195 147
30196 30219 211
30197 30198 188
30224 30231 230
30246 30269 3
30276 30304 290
30288 30319 111
30310 30328 158
30311 30337 132
30321 30343 294
30340 30365 217
30348 30390 38
30349 30394 232
30359 30383 6
30376 30386 64
30383 30410 244
30395 30431 250
30422 30446 57
30429 30456 184
30454 30479 129
30474 30485 296
30482 30488 158
30507 30551 238
30520 30559 5
30542 30581 7
30553 30588 161
30582 30598 287
30590 30639 166
30606 30619 160
30624 30641 238
30635 30654 47
30665 30707 34
30688 30708 156
30689 30707 267
30695 30731 264
30716 30717 161
30746 30761 265
30765 30800 225
30774 30783 208
30784 30789 158
30805 30806 154
30822 30825 24
30828 30869 252
30845 30894 7
30856 30904 159
30875 30878 11
30880 30906 65
30883 30923 61
30898 30933 126
30908 30955 198
30936 30974 132
30959 30966 202
30989 31021 67
31006 31013 290
31031 31035 219
31042 31065 1
31044 31079 283
31068 31075 162
31092 31117 113
31113 31157 279
31143 31152 65
31162 31167 179
31166 31184 154
31188 31235 186
31205 31219 269
31215 31250 155
31216 31241 262
31238 31267 269
31264 31307 274
31276 31326 54
31301 31334 36
31313 31323 165
31343 31365 101
31343 31386 273
31351 31378 297
31370 31386 261
31378 31411 28
31398 31443 102
31425 31441 215
31449 31487 92
31463 31493 299
31474 31505 139
31489 31513 177
31510 31525 98
31518 31555 295
31541 31585 58
31569 31597 256
31597 31608 104
31599 31605 121
31619 31635 55
31619 31653 63
31632 31639 288
31647 31681 105
31674 31688 9
31696 31736 6
31722 31755 87
31746 31758 270
31767 31768 78
31771 31798 117
31774 31795 280
31793 31824 74
31814 31842 127
31828 31870 284
31837 31842 78
31837 31886 68
31843 31884 295
31856 31897 135
31862 31902 182
31867 31881 77
31875 31916 117
31877 31909 11
31885 31892 134
31885 31931 266
31886 31918 250
31916 31954 152
31943 31985 248
31957 31999 131
31984 32017 125
31987 32011 274
32008 32030 261
32024 32030 141
32042 32055 276
32052 32063 282
32066 32089 62
32088 32136 4
32107 32136 79
32126 32143 211
32148 32157 91
32167 32193 44
32187 32205 73
32205 32253 283
32220 32246 30
32241 32276 25
32262 32287 170
32286 32303 195
32303 32352 179
32313 32360 269
32343 32372 210
32369 32403 236
32399 32436 211
32409 32459 196
32410 32421 64
32427 32448 235
32429 32432 290
32452 32473 16
32482 32515 223
32499 32520 87
32508 32517 37
32511 32542 251
32532 32563 120
32538 32575 158
32541 32585 285
32556 32566 294
32566 32599 192
32572 32586 78
32577 32595 59
32600 32639 113
32614 32637 175
32621 32650 233
32649 32696 250
32676 32681 192
32687 32734 57
32712 32726 261
32715 32746 150
32743 32771 246
32762 32807 70
32763 32771 42
32774 32818 35
32779 32809 29
32783 32789 203
32788 32838 43
32815 32849 146
32821 32869 245
32825 32851 55
32846 32879 89
32859 32889 11
32875 32896 139
32898 32906 43
32916 32938 38
32917 32936 288
32934 32978 216
32961 32986 78
32978 33018 187
33004 33015 148
33033 33041 231
33037 33065 77
33045 33059 175
33074 33124 180
33102 33119 255
33117 33122 101
33132 33168 115
33150 33189 209
33167 33189 251
33196 33228 180
33219 33261 14
33234 33238 149
33264 33285 7
33270 33311 182
33291 33292 198
33301 33324 20
33324 33327 109
33339 33354 98
33347 33380 132
33363 33402 170
33382 33431 8
33394 33442 179
33423 33446 164
33434 33437 199
33438 33466 135
33440 33474 49
33469 33510 66
33474 33505 24
33504 33540 71
33510 33526 272
33513 33537 239
33537 33543 99
33545 33552 48
33571 33579 260
33600 33625 106
33601 33624 273
33605 33621 49
33622 33655 149
33631 33654 170
33641 33643 291
33653 33682 135
33668 33717 150
33691 33714 179
33698 33731 161
33719 33732 168
33719 33720 261
33728 33761 10
33732 33737 76
33757 33798 222
33775 33802 108
33783 33826 80
33807 33839 95
33825 33868 31
33850 33887 150
33860 33904 55
33875 33878 226
33887 33918 222
33900 33905 289
33904 33926 10
33916 33935 178
33937 33974 105
33946 33983 150
33970 34009 181
34000 34010 248
34000 34044 272
34001 34051 297
34022 34053 85
34034 34064 11
34050 34075 294
34072 34076 24
34087 34114 11
34097 34142 119
34125 34142 175
34138 34143 50
34160 34175 119
34189 34224 246
34200 34242 91
34227 34234 15
34228 34235 94
34234 34277 166
34237 34279 103
34240 34261 84
34264 34274 156
34281 34324 29
34283 34320 232
34300 34306 109
34324 34351 24
34325 34335 88
34351 34375 204
34368 34413 94
34396 34420 132
34415 34419 93
34435 34455 166
34448 34457 148
34466 34482 55
34473 34476 261
34486 34519 98
34495 34500 183
34502 34527 86
34524 34537 285
34537 34549 121
34566 34577 65
34580 34581 275
34596 34621 18
34617 34633 257
34629 34630 232
34654 34685 74
34683 34706 183
34689 34704 233
34700 34707 186
34724 34747 284
34740 34761 29
34758 34759 59
34781 34796 29
34786 34835 256
34811 34861 152
34821 34856 189
34847 34860 291
34871 34891 225
34885 34915 74
34898 34943 241
34917 34934 116
34923 34952 8
34931 34972 26
34944 34946 227
34964 34969 148
34972 35013 201
34985 34992 260
34991 35024 119
35001 35004 175
35028 35049 171
35047 35065 30
35060 35102 236
35086 35100 292
35101 35111 208
35128 35150 163
35137 35161 118
35154 35155 38
35159 35179 1
35174 35178 168
35188 35205 82
35213 35227 214
35235 35239 223
35252 35258 233
35252 35265 57
35277 35314 275
35281 35318 248
35309 35340 281
35318 35341 215
35338 35388 292
35349 35363 270
35349 35355 227
35372 35386 31
35378 35415 142
35403 35429 166
35418 35443 117
35423 35438 22
35430 35445 159
35434 35462 46
35462 35507 262
35491 35500 44
35507 35523 166
35509 35523 106
35523 35544 223
35537 35540 55
35545 35569 238
35554 35555 299
35563 35592 63
35574 35585 102
35592 35616 72
35613 35631 247
35624 35668 178
35651 35696 265
35653 35682 5
35663 35665 34
35679 35704 196
35686 35695 16
35706 35742 162
35711 35756 272
35730 35769 217
35741 35787 107
35746 35748 32
35759 35783 231
35762 35803 74
35789 35818 233
35814 35842 199
35824 35850 84
35854 35856 203
35870 35904 261
35890 35902 16
35902 35943 62
35915 35943 29
35932 35940 138
35951 35995 153
35957 35972 45
35974 35978 30
35978 36013 293
35994 36037 281
36007 36011 46
36022 36036 74
36025 36067 70
36037 36065 289
36061 36100 242
36061 36087 188
36070 36117 231
36096 36117 147
36123 36158 276
36153 36199 128
36183 36225 186
36183 36212 76
36198 36225 70
36202 36208 231
36228 36255 210
36247 36254 65
36254 36265 99
36282 36330 10
36308 36324 119
36313 36360 180
36334 36380 285
36337 36361 169
36342 36377 196
36344 36355 138
36345 36368 251
36363 36403 214
36390 36398 150
36405 36423 175
36410 36417 126
36427 36451 239
36432 36472 98
36440 36451 117
36443 36456 107
36457 36475 5
36484 36495 112
36511 36549 135
36527 36560 249
36547 36586 168
36548 36585 95
36569 36585 9
36578 36628 142
36586 36620 105
36603 36630 249
36605 36627 222
36613 36633 218
36631 36635 76
36655 36689 189
36662 36710 245
36666 36676 52
36666 36681 163
36673 36700 4
36692 36719 69
36716 36735 121
36740 36747 5
36757 36789 113
36781 36799 96
36795 36797 147
36802 36830 256
36807 36846 2
36821 36855 12
36851 36889 183
36868 36896 293
36875 36903 68
36889 36927 5
36901 36903 162
36915 36927 139
36929 36949 234
36929 36968 294
36938 36984 20
36966 37006 289
36996 37004 187
37006 37055 135
37008 37020 60
37028 37076 86
37051 37094 251
37068 37093 263
37085 37131 155
37093 37100 33
37115 37144 210
37132 37163 97
37156 37194 264
37181 37193 138
37192 37206 285
37199 37219 94
37224 37253 142
37235 37249 140
37236 37254 5
37240 37253 37
37249 37272 168
37262 37298 3
37274 37315 241
37293 37336 217
37322 37339 148
37329 37363 252
37355 37397 136
37359 37367 24
37360 37406 91
37373 37411 19
37383 37407 138
37391 37393 66
37402 37405 136
37426 37456 167
37440 37487 42
37450 37478 5
37461 37472 136
37478 37503 295
37484 37503 34
37513 37534 94
37541 37584 84
37543 37567 76
37563 37590 241
37575 37584 81
37589 37617 148
37604 37651 202
37605 37637 74
37610 37642 179
37637 37670 115
37646 37666 18
37676 37697 140
37677 37707 146
37682 37689 114
37698 37726 167
37714 37734 158
37741 37753 112
37756 37789 10
37771 37805 203
37780 37808 231
37783 37805 170
37811 37853 291
37816 37829 186
37836 37858 85
37853 37870 45
37870 37871 91
37877 37920 133
37899 37905 82
37913 37963 115
37937 37947 279
37947 37969 133
37970 37984 158
37976 37987 210
37979 38025 251
37990 38021 241
38016 38059 241
38046 38062 280
38072 38114 169
38087 38105 226
38097 38120 62
38097 38146 184
38103 38117 13
38129 38174 161
38140 38186 71
38162 38193 160
38186 38215 133
38192 38238 178
38201 38226 130
38209 38211 106
38209 38213 48
38212 38219 278
38240 38255 92
38264 38285 298
38288 38300 138
38294 38305 251
38297 38309 120
38322 38325 93
38351 38358 226
38357 38403 122
38370 38384 1
38378 38393 184
38393 38394 20
38400 38445 71
38417 38465 290
38421 38434 185
38439 38487 61
38468 38475 54
38475 38484 91
38486 38502 107
38491 38513 13
38497 38510 283
38501 38503 58
38521 38522 71
38536 38557 74
38554 38600 274
38582 38585 262
38606 38641 128
38629 38636 116
38651 38658 58
38658 38703 222
38663 38665 254
38692 38708 237
38701 38707 15
38723 38736 112
38729 38763 234
38742 38772 207
38772 38807 127
38773 38814 271
38778 38785 142
38803 38853 78
38832 38856 283
38852 38867 134
38853 38865 118
38878 38881 72
38890 38896 68
38907 38945 10
38937 38959 241
38941 38949 92
38948 38977 11
38976 39004 66
38979 39002 244
39004 39025 133
39022 39031 286
39024 39071 270
39026 39055 270
39042 39067 274
39049 39054 91
39071 39095 261
39089 39126 119
39093 39102 111
39122 39134 134
39122 39134 284
39130 39134 168
39141 39161 31
39143 39181 205
39166 39175 111
39187 39198 250
39207 39250 278
39215 39259 221
39233 39242 157
39249 39273 158
39277 39295 131
39294 39304 35
39300 39306 156
39310 39331 298
39331 39376 107
39347 39356 83
39369 39381 125
39375 39381 152
39398 39447 140
39414 39428 30
39426 39440 48
39439 39483 27
39439 39440 135
39465 39514 109
39490 39540 140
39493 39527 154
39521 39541 225
39528 39545 58
39543 39548 102
39545 39568 298
39547 39564 212
39572 39583 198
39595 39600 100
39624 39650 70
39624 39670 151
39642 39678 30
39653 39662 243
39679 39722 117
39707 39724 78
39725 39765 35
39732 39737 300
39734 39776 115
39738 39741 82
39743 39757 204
39758 39805 145
39781 39803 34
39789 39806 279
39812 39830 300
39842 39865 145
39869 39905 287
39878 39924 133
39883 39921 24
39884 39910 292
39895 39916 149
39896 39922 213
39909 39910 108
39936 39978 162
39936 39948 280
39956 39988 223
39958 40000 1
39968 39995 187
39985 40011 22
39998 40036 164
40024 40065 256
40034 40036 213
40043 40046 244
40070 40108 151
40088 40106 72
40108 40126 20
40115 40146 173
40140 40182 279
40169 40204 232
40188 40238 243
40197 40242 1
40216 40244 214
40232 40279 153
40235 40252 274
40235 40242 84
40237 40238 185
40237 40269 57
40259 40278 212
40285 40295 210
40304 40317 183
40325 40368 137
40344 40371 279
40351 40390 23
40375 40376 213
40380 40385 280
40385 40409 70
40399 40414 294
40426 40451 243
40447 40461 113
40449 40469 219
40479 40504 178
40485 40493 102
40511 40548 69
40526 40570 255
40553 40559 285
40576 40591 33
40585 40600 237
40615 40619 19
40625 40646 274
40638 40671 125
40661 40706 73
40668 40709 103
40697 40741 56
40707 40741 149
40722 40731 115
40724 40759 211
40745 40781 155
40751 40752 276
40781 40807 256
40803 40826 252
40814 40830 136
40836 40870 80
40848 40854 219
40872 40903 128
40893 40933 7
40898 40914 153
40918 40963 281
40936 40982 155
40940 40984 29
40944 40991 189
40951 40968 2
40976 41023 21
41000 41034 63
41022 41066 213
41041 41046 239
41070 41114 10
41097 41144 34
41118 41165 167
41124 41136 287
41135 41185 16
41138 41161 260
41150 41163 137
41170 41176 247
41195 41219 56
41198 41225 166
41213 41259 46
41235 41271 82
41246 41262 169
41273 41296 274
41296 41325 73
41319 41345 81
41323 41343 279
41338 41375 37
41368 41384 135
41382 41414 10
41383 41401 182
41401 41441 101
41401 41409 137
41411 41412 154
41413 41458 81
41425 41469 251
41432 41441 258
41453 41463 228
41474 41509 267
41485 41515 289
41502 41514 20
41517 41524 19
41526 41534 115
41531 41565 32
41554 41562 2
41554 41559 260
41554 41589 41
41579 41595 179
41584 41590 263
41611 41613 286
41630 41671 212
41635 41659 99
41663 41693 49
41675 41676 185
41686 41704 117
41696 41731 29
41720 41733 147
41722 41758 299
41743 41757 245
41750 41774 284
41751 41798 197
41764 41782 76
41775 41801 39
41784 41822 210
41813 41836 79
41840 41856 260
41846 41878 211
41869 41874 274
41870 41918 176
41872 41917 13
41886 41916 119
41911 41921 47
41920 41939 52
41924 41969 118
41938 41949 123
41948 41987 224
41950 41955 278
41950 41971 57
41957 41978 107
41984 41986 17
41997 42035 115
42002 42030 261
42011 42016 98
42017 42065 293
42040 42054 187
42055 42071 42
42080 42130 268
42080 42098 16
42099 42119 66
42099 42130 132
42128 42170 227
42139 42145 300
42153 42158 104
42166 42198 282
42172 42183 147
42190 42220 127
42210 42230 87
42222 42237 241
42252 42272 6
42270 42279 263
42297 42343 190
42299 42319 246
42306 42316 300
42317 42347 203
42337 42361 26
42346 42353 289
42360 42373 2
42361 42405 273
42372 42411 197
42385 42388 39
42394 42406 149
42424 42443 23
42428 42439 64
42442 42489 145
42470 42510 91
42494 42532 170
42522 42565 121
42548 42579 125
42561 42568 230
42570 42576 194
42600 42634 163
42628 42671 281
42633 42675 31
42650 42665 116
42659 42708 266
42685 42711 131
42703 42736 12
42705 42733 30
42719 42743 96
42749 42783 3
42761 42794 110
42779 42798 192
42794 42825 58
42799 42803 119
42804 42835 122
42804 42812 242
42812 42828 179
42831 42863 178
42831 42842 134
42835 42863 214
42843 42888 115
42870 42893 28
42873 42880 15
42895 42903 298
42910 42939 109
42920 42947 244
42941 42947 158
42971 43010 5
42997 43041 274
42999 43030 294
43007 43049 15
43007 43018 131
43026 43049 298
43046 43068 108
43055 43059 263
43078 43097 131
43079 43082 49
43100 43104 50
43129 43168 217
43130 43160 9
43130 43153 295
43160 43207 168
43176 43196 130
43201 43230 39
43205 43215 207
43219 43233 275
43244 43293 295
43251 43294 270
43266 43301 24
43266 43313 256
43296 43307 116
43319 43340 109
43340 43367 143
43367 43403 113
43388 43429 280
43393 43432 51
43395 43425 177
43401 43439 8
43407 43409 285
43419 43461 90
43434 43436 189
43462 43499 187
43491 43519 7
43511 43518 45
43523 43559 168
43537 43566 234
43563 43596 223
43578 43610 271
43603 43643 222
43625 43650 183
43638 43686 83
43640 43650 154
43652 43682 4
43655 43697 21
43685 43728 247
43713 43733 222
43736 43752 7
43743 43783 297
43747 43768 17
43754 43776 140
43758 43785 107
43762 43773 282
43772 43811 55
43787 43835 166
43793 43825 242
43814 43845 267
43843 43880 201
43855 43867 208
43876 43919 179
43880 43911 243
43883 43925 159
43904 43914 291
43918 43949 193
43935 43980 239
43939 43941 76
43941 43983 199
43941 43948 57
43963 43967 187
43977 44020 51
43987 44016 186
44010 44054 290
44019 44046 32
44020 44034 33
44038 44049 292
44065 44095 75
44076 44097 274
44094 44132 265
44108 44110 72
44124 44133 161
44150 44167 215
44151 44186 140
44154 44202 58
44157 44160 52
44172 44205 69
44188 44237 120
44201 44225 52
44206 44237 183
44223 44231 42
44237 44258 121
44248 44286 14
44260 44291 67
44265 44306 267
44273 44322 293
44296 44319 259
44321 44355 155
44351 44369 35
44363 44401 67
44371 44384 88
44401 44438 46
44409 44441 136
44430 44462 78
44436 44464 139
44438 44464 267
44438 44484 186
44467 44500 138
44473 44511 157
44490 44492 105
44515 44552 29
44541 44587 8
44545 44565 210
44557 44603 95
44577 44616 188
44594 44620 149
44609 44611 195
44629 44630 155
44648 44666 186
44657 44683 112
44671 44706 207
44675 44686 271
44687 44700 59
44715 44743 267
44736 44743 111
44737 44775 73
44761 44780 81
44767 44817 78
44775 44812 176
44791 44829 32
44800 44835 162
44822 44871 199
44838 44853 104
44847 44862 270
44866 44909 14
44870 44905 225
44878 44919 298
44908 44941 5
44916 44959 249
44923 44927 289
44952 44991 122
44967 45013 148
44970 44989 209
44990 45012 189
45020 45037 29
45028 45060 147
45031 45072 286
45043 45073 213
45062 45076 138
45065 45103 33
45072 45082 78
45096 45112 224
45108 45113 223
45115 45125 124
45123 45148 19
45125 45139 284
45141 45191 83
45141 45188 201
45162 45202 190
45170 45203 299
45176 45198 155
45192 45236 131
45219 45262 292
45240 45246 266
45253 45276 124
45261 45307 180
45266 45300 68
45289 45306 13
45302 45322 161
45328 45344 56
45332 45338 29
45353 45357 263
45373 45378 184
45375 45406 30
45390 45426 217
45412 45449 165
45430 45449 55
45458 45478 221
45463 45510 2
45483 45533 262
45509 45520 262
45537 45548 102
45544 45552 251
45569 45591 121
45583 45588 122
45607 45633 240
45621 45642 298
45639 45666 198
45657 45689 27
45681 45696 278
45699 45740 59
45717 45723 54
45724 45742 10
45741 45762 96
45762 45795 25
45790 45805 50
45815 45822 122
45819 45823 208
45830 45848 234
45836 45872 282
45840 45882 60
45841 45859 8
45849 45896 107
45871 45874 158
45884 45885 4
45885 45935 97
45913 45961 205
45938 45944 212
45956 45962 67
45982 46031 102
46011 46048 1
46036 46081 65
46062 46073 130
46073 46094 36
46080 46106 54
46108 46150 75
46132 46174 219
46159 46183 214
46187 46223 266
46194 46208 237
46212 46218 254
46213 46228 192
46232 46260 253
46241 46269 34
46269 46273 234
46279 46281 37
46297 46307 280
46324 46364 20
46348 46366 46
46367 46385 270
46384 46428 240
46399 46415 210
46405 46448 247
46427 46460 261
46431 46462 160
46448 46450 15
46453 46492 49
46469 46488 252
46480 46501 137
46494 46530 49
46523 46543 25
46534 46572 103
46559 46584 130
46570 46589 154
46583 46595 180
46588 46615 131
46600 46648 139
46611 46652 66
46638 46669 175
46663 46703 18
46673 46717 69
46684 46725 27
46707 46754 263
46720 46724 257
46732 46755 266
46737 46743 178
46746 46775 295
46751 46753 232
46755 46775 253
46772 46795 98
46773 46813 97
46787 46788 294
46794 46831 127
46805 46815 14
46826 46864 56
46852 46859 280
46853 46867 182
46854 46879 50
46868 46904 113
46884 46927 164
46888 46892 9
46901 46934 96
46927 46933 207
46936 46972 3
46953 46971 196
46972 47016 172
46992 47031 199
46994 47042 291
47015 47044 239
47016 47053 299
47044 47086 139
47045 47058 78
47063 47064 291
47089 47110 19
47103 47114 155
47120 47169 125
47143 47175 217
47172 47219 278
47175 47224 19
47201 47207 77
47211 47257 104
47213 47261 195
47242 47272 195
47259 47276 114
47267 47303 167
47290 47333 168
47311 47330 219
47316 47331 11
47322 47364 230
47352 47392 188
47375 47401 31
47394 47396 94
47396 47433 80
47399 47427 243
47426 47432 172
47429 47446 146
47434 47462 120
47438 47474 162
47459 47472 179
47469 47509 22
47495 47544 298
47503 47507 34
47530 47555 82
47555 47598 184
47570 47580 176
47579 47604 184
47588 47589 164
47603 47617 255
47619 47647 95
47646 47692 129
47663 47672 15
47687 47733 201
47687 47715 158
47705 47730 76
47723 47762 27
47753 47782 27
47766 47791 240
47786 47787 33
47794 47809 11
47798 47807 244
47810 47833 174
47811 47827 243
47818 47820 263
47821 47830 100
47849 47884 66
47849 47879 265
47867 47875 229
47870 47900 215
47873 47919 212
47897 47929 231
47916 47959 271
47934 47965 229
47962 47967 229
47979 48029 162
47990 48037 35
48001 48008 112
48005 48043 85
48031 48045 234
48044 48065 7
48054 48071 155
48073 48114 208
48084 48104 159
48105 48108 74
48124 48153 297
48154 48170 170
48157 48184 12
48184 48185 90
48195 48203 166
48200 48208 2
48218 48234 52
48233 48263 299
48258 48297 150
48277 48311 249
48301 48329 111
48311 48333 295
48325 48342 154
48328 48377 42
48348 48372 249
48360 48361 64
48383 48416 171
48390 48396 250
48395 48443 173
48405 48451 296
48412 48449 255
48424 48458 93
48451 48464 2
48460 48501 173
48472 48509 263
48478 48525 203
48502 48532 193
48530 48548 169
48542 48559 178
48564 48566 87
48582 48610 102
48606 48618 102
48610 48660 297
48618 48639 165
48644 48645 140
48670 48701 3
48692 48730 209
48708 48747 167
48738 48751 265
48756 48781 265
48784 48806 124
48795 48830 192
48811 48856 228
48820 48841 75
48828 48855 27
48856 48899 207
48873 48874 165
48873 48888 120
48889 48938 181
48918 48936 135
48927 48957 266
48928 48976 182
48958 48965 12
48986 49014 24
49012 49054 127
49025 49029 62
49026 49042 111
49046 49088 295
49062 49068 280
49071 49107 117
49099 49113 272
49123 49165 220
49128 49130 21
49152 49159 45
49170 49188 175
49180 49222 300
49186 49225 134
49209 49224 279
49219 49266 52
49238 49252 162
49238 49284 53
49263 49286 206
49279 49311 29
49289 49313 156
49294 49303 56
49304 49326 64
49306 49307 122
49319 49335 2
49320 49340 142
49321 49341 67
49327 49376 290
49338 49359 269
49343 49388 82
49354 49377 205
49369 49396 286
49388 49436 215
49402 49416 237
49429 49442 65
49447 49480 36
49449 49488 91
49449 49462 35
49475 49521 189
49499 49543 209
49501 49526 139
49516 49546 298
49542 49583 276
49570 49577 53
49597 49631 14
49605 49653 228
49627 49642 150
49630 49634 131
49659 49695 144
49665 49714 179
49671 49716 147
49683 49704 151
49694 49709 170
49705 49739 13
49734 49759 65
49737 49771 115
49756 49803 59
49763 49791 271
49786 49794 148
49816 49823 28
49820 49854 289
49825 49857 121
49840 49870 137
49843 49863 158
49843 49850 111
49858 49905 189
49864 49909 67
49871 49896 133
49880 49921 2
49887 49916 118
49915 49962 2
49928 49972 286
49949 49996 18
49978 50004 279
49999 50000 180
50012 50056 276
50014 50020 23
50033 50070 93
50059 50064 35
50071 50100 44
50090 50140 208
50106 50139 297
50118 50138 120
50137 50186 93
50146 50164 165
50162 50188 264
50170 50186 41
50193 50219 133
50195 50202 267
50208 50249 285
50214 50219 238
50230 50260 134
50243 50286 273
50245 50273 23
50274 50294 270
50301 50339 260
50303 50323 65
50329 50351 34
50329 50339 233
50358 50389 96
50387 50415 193
50404 50421 154
50422 50455 94
50435 50437 54
50463 50473 86
50478 50501 71
50485 50512 237
50489 50508 97
50509 50546 90
50518 50553 139
50527 50565 182
50530 50565 36
50530 50569 71
50558 50596 10
50587 50600 278
50592 50609 25
50609 50619 173
50609 50610 218
50639 50664 265
50652 50690 181
50680 50700 168
50695 50742 237
50716 50744 27
50716 50765 83
50740 50755 90
50741 50780 186
50758 50794 190
50777 50822 34
50794 50801 290
50811 50845 240
50838 50879 174
50863 50871 87
50881 50923 31
50892 50929 111
50920 50933 297
50934 50976 15
50937 50945 258
50949 50950 65
50955 50967 4
50973 50974 71
50974 50984 179
50992 51013 3
51010 51044 241
51018 51031 205
51024 51065 113
51030 51061 262
51057 51086 154
51080 51119 74
51088 51098 231
51110 51153 80
51118 51123 245
51135 51154 3
51138 51156 32
51141 51180 26
51158 51177 285
51159 51192 127
51159 51186 105
51164 51208 192
51185 51214 161
51212 51252 2
51236 51262 289
51236 51249 119
51251 51268 42
51278 51320 70
51283 51333 216
51295 51316 42
51324 51329 15
51330 51372 281
51346 51364 113
51369 51378 280
51391 51429 136
51396 51422 95
51407 51431 117
51407 51417 81
51430 51456 285
51446 51474 231
51452 51476 104
51460 51481 145
51472 51500 247
51485 51492 114
51495 51542 81
51513 51554 298
51540 51553 238
51560 51578 169
51571 51606 170
51574 51595 81
51577 51626 184
51579 51601 273
51600 51626 94
51618 51660 251
51621 51653 263
51629 51638 253
51645 51660 126
51660 51703 38
51689 51717 54
51716 51745 83
51742 51783 294
51744 51760 227
51746 51785 293
51760 51764 143
51771 51790 254
51797 51835 85
51807 51835 279
51821 51822 164
51829 51856 36
51853 51877 124
51882 51908 45
51909 51926 46
51915 51957 196
51923 51961 244
51939 51958 141
51969 52006 102
51989 52008 39
52006 52048 256
52013 52060 285
52039 52058 4
52050 52064 87
52051 52089 94
52056 52093 55
52064 52082 155
52092 52123 135
52120 52161 132
52124 52149 150
52127 52169 240
52137 52151 106
52146 52154 160
52150 52194 165
52159 52188 239
52170 52177 67
52195 52233 87
52215 52257 78
52217 52246 12
52238 52276 92
52258 52302 214
52263 52300 299
52290 52324 186
52293 52341 223
52313 52356 24
52324 52360 253
52327 52357 291
52349 52363 237
52350 52371 250
52365 52378 6
52394 52431 203
52395 52416 205
52403 52447 69
52432 52441 143
52441 52460 36
52460 52508 243
52475 52477 13
52482 52512 273
52507 52535 87
52514 52560 208
52541 52589 208
52548 52560 51
52559 52569 114
52573 52582 248
52582 52589 168
52608 52651 165
52629 52654 220
52651 52691 249
52679 52699 66
52693 52716 98
52715 52738 202
52737 52779 177
52740 52745 265
52752 52762 37
52772 52795 162
52786 52799 295
52789 52818 65
52800 52817 130
52812 52815 208
52815 52845 241
52819 52846 245
52839 52870 27
52839 52848 70
52852 52896 185
52876 52891 163
52904 52922 7
52917 52961 42
52940 52973 154
52940 52942 239
52955 52957 230
52973 52991 217
52993 52998 205
53007 53047 143
53029 53069 167
53044 53046 251
53051 53067 269
53075 53081 92
53094 53115 39
53117 53124 199
53134 53137 291
53142 53192 104
53168 53210 30
53169 53212 160
53183 53216 254
53193 53243 43
53208 53216 75
53224 53235 252
53238 53256 135
53257 53263 272
53262 53309 76
53267 53273 150
53279 53299 230
53308 53353 238
53308 53324 280
53312 53356 72
53329 53342 172
53340 53366 42
53364 53386 121
53390 53428 47
53396 53426 92
53414 53418 152
53416 53460 171
53427 53428 129
53437 53449 46
53452 53453 169
53478 53484 48
53494 53538 10
53494 53506 238
53514 53559 95
53529 53539 170
53552 53597 259
53558 53604 20
53583 53612 107
53606 53624 117
53621 53651 59
53621 53623 273
53627 53663 40
53653 53693 216
53672 53721 7
53675 53697 69
53698 53736 297
53705 53723 69
53721 53745 74
53727 53767 75
53732 53737 28
53739 53744 256
53741 53762 273
53744 53785 24
53749 53765 40
53773 53777 88
53792 53802 111
53806 53831 8
53819 53843 197
53835 53845 92
53845 53887 123
53853 53902 276
53880 53920 58
53888 53906 283
53892 53906 148
53919 53965 260
53949 53983 9
53960 53975 114
53968 54000 189
53982 54027 23
53989 54008 234
54006 54017 108
54025 54042 181
54028 54052 126
54043 54055 138
54059 54083 273
54075 54082 89
54084 54102 25
54109 54148 8
54126 54169 98
54134 54147 273
54140 54181 121
54149 54154 166
54173 54200 206
54177 54204 276
54184 54191 156
54210 54219 10
54234 54267 98
54234 54265 238
54237 54261 262
54242 54244 87
54268 54289 23
54291 54304 30
54321 54328 78
54326 54364 260
54329 54335 119
54337 54370 191
54348 54366 224
54376 54408 266
54390 54434 199
54412 54435 123
54434 54463 87
54449 54450 143
54470 54501 168
54489 54519 255
54507 54538 254
54536 54546 110
54542 54577 36
54552 54579 114
54566 54615 250
54578 54600 157
54606 54656 110
54607 54609 136
54611 54657 203
54621 54640 57
54651 54682 211
54670 54706 138
54698 54714 125
54707 54712 245
54734 54768 118
54746 54785 279
54767 54775 86
54785 54834 262
54790 54837 186
54801 54821 293
54816 54844 137
54840 54883 75
54870 54883 212
54890 54908 105
54897 54932 154
54916 54920 85
54920 54961 246
54928 54932 123
54937 54973 64
54959 54980 196
54969 54973 19
54969 55016 186
54978 54981 95
54992 54999 14
55009 55045 229
55012 55061 149
55018 55050 139
55020 55048 127
55035 55043 296
55049 55077 199
55061 55086 162
55072 55088 150
55084 55129 34
55105 55112 213
55129 55130 245
55159 55177 165
55165 55195 247
55172 55207 70
55195 55243 47
55216 55237 149
55216 55266 292
55217 55227 9
55244 55280 148
55253 55293 229
55274 55299 281
55299 55315 145
55304 55326 226
55331 55362 20
55340 55361 6
55351 55353 212
55360 55372 241
55381 55403 125
55388 55417 192
55400 55407 184
55414 55464 178
55415 55458 245
55439 55458 177
55462 55504 290
55486 55529 118
55499 55503 33
55509 55558 192
55517 55542 99
55540 55590 126
55547 55565 7
55575 55610 256
55580 55605 37
55588 55608 90
55611 55625 7
55625 55658 142
55635 55663 103
55648 55672 261
55662 55668 278
55691 55738 64
55712 55740 291
55721 55771 69
55745 55767 274
55750 55766 209
55775 55788 251
55795 55835 17
55801 55837 197
55815 55854 240
55835 55841 52
55865 55900 125
55877 55910 276
55903 55909 64
55913 55953 8
55916 55941 10
55933 55977 236
55947 55991 145
55951 55968 40
55960 56010 271
55962 55980 235
55972 55995 37
55999 56049 9
56019 56035 113
56037 56059 13
56058 56065 24
56087 56122 285
56111 56158 105
56137 56180 176
56156 56183 222
56161 56184 26
56165 56197 43
56172 56189 21
56194 56230 229
56197 56209 242
56198 56230 126
56226 56237 29
56237 56246 207
56243 56260 242
56255 56265 189
56266 56286 71
56280 56324 11
56306 56344 200
56332 56345 130
56359 56400 18
56389 56407 198
56397 56440 293
56406 56423 130
56409 56415 290
56429 56470 11
56452 56467 150
56456 56472 230
56484 56505 36
56511 56536 277
56536 56547 91
56564 56607 86
56580 56585 10
56610 56656 60
56634 56639 259
56636 56674 211
56652 56687 22
56669 56709 166
56674 56705 119
56678 56706 229
56686 56722 42
56700 56730 254
56700 56735 62
56714 56753 26
56725 56742 270
56736 56769 193
56738 56743 273
56747 56778 253
56762 56811 60
56773 56823 233
56793 56803 82
56815 56856 69
56835 56859 57
56863 56870 196
56873 56896 130
56894 56903 116
56916 56960 208
56919 56925 25
56936 56937 258
56949 56989 82
56956 57002 14
56985 57035 300
56999 57027 86
57007 57008 45
57011 57020 265
57037 57053 168
57057 57066 219
57059 57100 9
57071 57098 197
57092 57102 261
57104 57136 153
57104 57139 58
57119 57143 297
57127 57146 81
57131 57142 243
57139 57160 73
57159 57174 196
57177 57200 200
57191 57230 127
57220 57237 58
57227 57236 97
57256 57263 180
57264 57300 61
57281 57305 49
57293 57338 295
57314 57321 278
57342 57383 210
57372 57408 258
57393 57435 198
57411 57437 284
57441 57453 34
57455 57476 289
57480 57514 223
57499 57525 159
57501 57543 102
57503 57506 277
57505 57549 199
57508 57528 267
57515 57522 257
57516 57557 56
57527 57530 121
57542 57579 277
57558 57591 217
57582 57605 27
57611 57643 82
57636 57660 243
57660 57694 217
57677 57683 34
57702 57711 232
57726 57730 212
57732 57755 145
57737 57779 184
57746 57751 26
57746 57766 147
57758 57771 296
57778 57789 211
57788 57837 69
57814 57821 28
57820 57854 194
57834 57883 74
57842 57867 210
57857 57882 3
57887 57927 117
57902 57929 247
57931 57958 161
57954 57976 224
57959 57997 224
57989 58004 173
58003 58014 156
58015 58053 252
58041 58066 165
58051 58068 117
58059 58102 67
58074 58075 90
58076 58100 153
58090 58124 189
58105 58132 15
58127 58153 276
58136 58170 21
58165 58178 37
58187 58233 77
58210 58249 151
58224 58246 227
58231 58236 125
58247 58258 143
58249 58291 236
58279 58322 92
58308 58322 122
58333 58350 31
58340 58353 253
58353 58361 86
58355 58365 7
58377 58398 179
58397 58447 193
58422 58472 270
58436 58437 290
58461 58504 64
58479 58506 105
58501 58540 75
58508 58538 28
58536 58538 210
58561 58599 18
58580 58599 245
58608 58616 44
58616 58632 228
58618 58629 187
58647 58684 286
58663 58699 65
58677 58709 44
58678 58724 47
58694 58697 241
58722 58739 100
58740 58788 151
58752 58799 123
58752 58800 85
58776 58780 262
58800 58818 158
58817 58844 280
58832 58845 49
58857 58874 131
58866 58909 42
58874 58903 266
58886 58928 288
58916 58961 223
58917 58966 233
58942 58982 290
58957 58992 249
58971 58980 125
58990 59034 111
59013 59016 219
59021 59064 149
59024 59056 271
59041 59077 173
59060 59071 152
59075 59100 249
59087 59102 238
59115 59125 80
59144 59159 5
59156 59168 247
59183 59206 42
59203 59253 191
59204 59217 286
59223 59271 21
59238 59280 77
59243 59258 97
59260 59288 192
59285 59312 184
59295 59311 22
59299 59323 296
59316 59362 114
59319 59366 50
59329 59338 147
59338 59341 275
59340 59384 227
59348 59370 229
59374 59422 37
59375 59400 167
59393 59403 83
59405 59445 127
59405 59438 7
59431 59442 173
59454 59489 86
59466 59499 279
59493 59542 189
59495 59499 158
59516 59531 150
59521 59526 291
59548 59582 250
59565 59566 289
59579 59595 202
59585 59606 108
59599 59617 58
59623 59663 266
59641 59660 9
59653 59688 293
59656 59690 163
59676 59694 20
59695 59718 112
59703 59737 139
59704 59716 57
59731 59738 204
59741 59748 155
59767 59810 53
59792 59812 15
59793 59814 181
59807 59814 275
59818 59833 200
59820 59860 141
59826 59874 264
59832 59846 237
59835 59838 216
59863 59886 197
59883 59919 53
59888 59924 237
59914 59929 256
59937 59978 145
59944 59988 40
59964 60013 221
59982 60017 92
60007 60011 250
60037 60040 38
60066 60074 280
60082 60130 217
60091 60122 63
60109 60115 258
60118 60164 27
60126 60160 1
60134 60154 223
60164 60189 149
60188 60211 141
60208 60240 42
60216 60242 271
60229 60242 26
60229 60237 280
60238 60282 25
60262 60267 112
60276 60325 15
60285 60296 95
60299 60332 86
60304 60328 273
60329 60368 281
60351 60355 257
60360 60393 68
60363 60412 296
60371 60415 204
60373 60419 110
60392 60395 116
60410 60437 296
60440 60474 98
60453 60482 185
60466 60497 216
60495 60507 295
60509 60549 100
60529 60557 185
60547 60590 88
60572 60580 195
60585 60602 196
60596 60601 230
60602 60616 223
60603 60631 1
60625 60641 42
60644 60656 94
60654 60659 180
60666 60692 197
60695 60734 57
60723 60733 64
60734 60756 49
60762 60783 68
60780 60809 53
60788 60794 15
60792 60827 184
60810 60817 116
60829 60861 228
60848 60856 55
60853 60892 196
60859 60908 92
60861 60911 252
60887 60896 295
60912 60917 25
60918 60964 193
60934 60968 38
60955 60981 166
60978 60981 118
61003 61027 198
61013 61041 87
61031 61070 63
61031 61067 74
61033 61050 219
61062 61073 146
61073 61112 207
61092 61099 192
61096 61118 168
61100 61104 214
61105 61130 45
61134 61144 88
61134 61162 200
61163 61200 224
61166 61168 265
61189 61231 196
61212 61248 121
61213 61237 29
61217 61256 17
61219 61261 91
61223 61256 120
61247 61295 8
61273 61288 17
61288 61308 79
61317 61341 266
61322 61352 203
61343 61388 144
61346 61392 80
61374 61406 241
61403 61435 149
61403 61415 1
61432 61479 70
61458 61495 192
61484 61506 155
61511 61537 201
61529 61564 44
61534 61570 211
61549 61585 253
61554 61563 97
61556 61574 271
61581 61623 94
61582 61613 247
61598 61633 25
61628 61634 288
61633 61663 9
61638 61649 224
61663 61713 121
61665 61700 159
61678 61698 238
61681 61708 181
61693 61715 29
61716 61724 181
61722 61745 138
61736 61752 166
61762 61773 10
61786 61816 252
61801 61804 240
61831 61861 177
61851 61899 288
61859 61900 2
61878 61907 3
61878 61897 42
61890 61920 186
61906 61943 110
61936 61972 224
61947 61963 191
61961 61986 235
61983 62033 61
62012 62020 256
62024 62028 200
62037 62060 287
62040 62046 66
62065 62097 29
62091 62141 37
62110 62129 11
62130 62154 51
62141 62184 252
62160 62169 26
62177 62185 211
62188 62228 295
62209 62217 101
62213 62255 161
62217 62220 257
62243 62279 137
62250 62255 213
62258 62299 40
62285 62299 222
62287 62335 190
62296 62313 160
62316 62338 99
62342 62391 11
62369 62379 81
62379 62420 28
62400 62420 100
62430 62474 192
62434 62448 224
62445 62494 268
62450 62453 203
62462 62469 52
62488 62498 144
62517 62566 254
62532 62533 19
62558 62585 288
62568 62601 254
62576 62579 32
62584 62625 123
62591 62601 176
62601 62622 68
62620 62635 31
62638 62657 46
62659 62709 20
62660 62690 203
62675 62688 46
62681 62720 146
62682 62730 272
62708 62751 267
62735 62743 266
62747 62770 96
62768 62804 35
62772 62775 139
62777 62824 113
62786 62817 157
62811 62821 291
62815 62842 289
62836 62884 98
62842 62852 119
62858 62896 48
62882 62912 203
62890 62906 55
62898 62928 91
62922 62966 30
62929 62934 120
62943 62990 263
62944 62946 59
62948 62970 97
62972 63007 270
63001 63027 239
63015 63058 33
63036 63068 219
63037 63058 221
63052 63066 174
63075 63125 127
63078 63128 74
63102 63121 66
63121 63153 236
63151 63159 37
63171 63191 19
63188 63209 124
63194 63197 150
63201 63248 80
63221 63262 179
63241 63278 182
63268 63295 125
63296 63326 14
63300 63340 176
63303 63311 131
63332 63372 31
63336 63380 133
63366 63392 291
63375 63419 200
63388 63401 245
63415 63432 24
63443 63492 182
63461 63498 286
63469 63490 119
63489 63517 29
63492 63495 73
63498 63514 248
63508 63536 229
63533 63535 130
63550 63570 197
63575 63599 105
63575 63620 183
63599 63635 79
63622 63661 260
63629 63663 253
63629 63640 137
63652 63684 72
63666 63716 249
63695 63708 116
63695 63720 3
63707 63710 191
63722 63737 98
63738 63775 178
63744 63789 147
63774 63793 76
63785 63811 7
63809 63839 66
63830 63856 69
63849 63893 7
63855 63890 57
63856 63884 269
63881 63928 196
63896 63923 234
63911 63955 222
63921 63958 67
63928 63955 146
63931 63937 281
63940 63982 141
63963 63965 19
63975 63989 136
63979 63997 274
64000 64014 74
64005 64033 290
64025 64068 35
64039 64065 73
64062 64102 271
64064 64087 161
64094 64136 138
64106 64156 271
64130 64175 172
64153 64169 89
64155 64177 34
64156 64194 4
64179 64187 5
64205 64237 114
64214 64230 145
64238 64253 148
64266 64291 291
64269 64284 41
64283 64320 140
64308 64341 136
64338 64386 89
64347 64372 260
64375 64384 128
64381 64405 13
64393 64423 264
64400 64437 163
64412 64421 260
64433 64473 267
64438 64469 163
64439 64485 99
64441 64483 92
64451 64462 267
64476 64517 34
64484 64499 292
64490 64507 236
64509 64520 277
64509 64546 139
64510 64525 169
64519 64534 228
64542 64562 276
64544 64588 270
64546 64553 153
64565 64610 86
64573 64599 64
64594 64643 26
64600 64649 133
64615 64649 290
64639 64640 37
64643 64653 32
64664 64682 85
64689 64720 134
64701 64719 257
64731 64776 180
64750 64765 286
64752 64791 131
64770 64817 298
64790 64816 174
64797 64838 39
64814 64834 299
64841 64844 248
64859 64888 70
64886 64911 223
64908 64927 239
64924 64938 23
64948 64988 172
64956 64989 142
64962 65010 150
64972 65000 27
64978 64997 168
64980 65029 171
65006 65018 169
65018 65051 272
65039 65054 171
65053 65090 271
65060 65068 183
65076 65102 166
65094 65142 292
65112 65142 81
65136 65139 252
65162 65203 81
65183 65196 109
65185 65204 266
65211 65215 28
65216 65250 136
65246 65269 81
65256 65284 49
65286 65321 142
65308 65341 246
65310 65325 17
65313 65326 165
65315 65349 201
65339 65354 67
65341 65369 290
65342 65382 242
65343 65367 286
65360 65361 193
65388 65428 6
65414 65457 107
65417 65428 273
65419 65420 184
65428 65467 3
65433 65434 278
65439 65459 176
65469 65482 120
65498 65544 59
65510 65516 158
65515 65533 216
65534 65566 146
65535 65585 53
65553 65590 197
65556 65565 242
65579 65627 32
65595 65635 11
65617 65647 44
65646 65695 54
65646 65670 99
65653 65697 248
65664 65714 286
65678 65714 137
65688 65713 180
65707 65729 272
65735 65778 133
65744 65755 266
65753 65768 118
65768 65800 252
65777 65788 76
65787 65814 124
65812 65828 296
65838 65844 174
65840 65847 86
65857 65867 90
65881 65900 211
65895 65933 164
65913 65925 210
65925 65941 196
65932 65966 43
65952 65962 204
65955 65989 2
65964 65985 170
65970 65998 179
65978 66018 63
65985 65996 98
66002 66028 81
66009 66045 252
66033 66078 250
66044 66073 172
66072 66109 75
66091 66135 203
66099 66119 42
66101 66114 232
66114 66128 84
66144 66191 185
66174 66178 151
66201 66217 230
66224 66253 244
66244 66287 128
66268 66317 104
66276 66294 28
66300 66346 281
66315 66342 30
66327 66330 297
66333 66357 179
66351 66377 100
66380 66387 295
66404 66446 271
66423 66431 200
66447 66473 290
66467 66510 279
66468 66492 220
66473 66485 100
66488 66506 129
66503 66551 66
66507 66552 73
66515 66565 35
66542 66590 1
66569 66588 8
66591 66600 281
66613 66643 5
66613 66659 232
66628 66654 192
66641 66679 19
66656 66705 114
66680 66720 17
66703 66753 57
66711 66714 137
66736 66781 199
66740 66764 122
66754 66761 249
66755 66768 165
66778 66813 299
66787 66812 11
66810 66855 122
66840 66855 275
66870 66890 148
66895 66928 191
66924 66970 279
66935 66968 171
66964 66981 97
66990 67027 2
66995 67026 22
67009 67049 7
67018 67031 173
67022 67067 119
67052 67054 84
67060 67071 25
67078 67126 187
67086 67100 87
67086 67132 240
67104 67138 126
67118 67151 278
67121 67171 136
67140 67160 219
67165 67166 86
67194 67205 235
67205 67209 36
67227 67277 1
67257 67280 283
67263 67284 218
67284 67312 149
67310 67322 289
67321 67342 25
67344 67358 31
67369 67403 262
67383 67412 37
67401 67424 3
67407 67440 191
67418 67432 81
67445 67459 44
67452 67495 286
67473 67517 182
67492 67496 212
67497 67509 104
67505 67538 134
67528 67553 25
67553 67578 24
67571 67598 38
67583 67617 292
67593 67626 160
67598 67647 206
67601 67645 223
67605 67655 179
67627 67669 1
67652 67653 210
67668 67716 117
67682 67683 218
67685 67704 76
67715 67745 147
67736 67737 278
67753 67786 293
67769 67810 210
67776 67810 127
67779 67781 66
67786 67802 80
67788 67807 151
67817 67851 74
67831 67840 184
67837 67843 72
67847 67894 178
67866 67912 254
67879 67895 37
67908 67929 102
67928 67974 203
67939 67945 124
67959 67964 251
67971 67995 90
67981 68019 48
67981 68009 284
67988 67993 198
67991 68011 289
68015 68026 174
68039 68058 295
68064 68100 83
68075 68084 231
68098 68123 113
68111 68114 72
68115 68126 287
68123 68133 203
68143 68183 61
68160 68190 32
68160 68199 188
68164 68183 269
68194 68211 275
68212 68261 268
68212 68256 151
68236 68263 235
68256 68273 287
68265 68284 187
68289 68314 76
68307 68353 155
68316 68326 288
68320 68350 199
68323 68349 95
68350 68351 152
68357 68383 214
68376 68420 141
68380 68405 172
68410 68427 295
68435 68458 218
68442 68447 218
68455 68487 49
68478 68525 138
68478 68518 285
68486 68515 206
68495 68530 168
68511 68558 37
68523 68542 60
68535 68541 274
68545 68558 109
68568 68596 116
68585 68606 64
68592 68595 193
68614 68656 101
68640 68660 120
68641 68652 148
68660 68668 46
68689 68704 90
68690 68740 149
68700 68747 20
68703 68727 64
68718 68762 295
68722 68772 176
68737 68769 111
68738 68745 247
68763 68798 65
68781 68808 165
68793 68834 7
68803 68819 41
68829 68862 200
68851 68858 39
68874 68876 117
68904 68951 178
68921 68927 245
68921 68960 230
68935 68969 161
68962 69009 13
68992 69012 194
69007 69013 30
69035 69058 120
69049 69068 31
69079 69123 100
69083 69099 285
69085 69108 51
69096 69097 238
69115 69146 182
69116 69149 7
69138 69140 16
69143 69190 92
69144 69170 177
69166 69181 154
69178 69200 101
69180 69191 113
69183 69189 181
69211 69261 171
69234 69260 47
69238 69278 126
69246 69263 57
69273 69285 276
69290 69311 257
69296 69326 34
69315 69358 275
69325 69351 100
69344 69387 36
69345 69379 29
69358 69403 107
69378 69385 101
69399 69449 135
69409 69424 130
69431 69448 167
69440 69466 87
69460 69503 171
69463 69496 91
69464 69478 49
69482 69514 75
69491 69498 280
69500 69536 143
69517 69541 47
69533 69580 102
69539 69581 269
69563 69595 216
69574 69614 209
69575 69589 237
69576 69582 262
69593 69630 296
69614 69655 35
69622 69644 53
69623 69660 9
69635 69675 217
69645 69670 112
69667 69695 132
69669 69687 38
69689 69698 128
69693 69735 48
69713 69752 145
69716 69758 180
69720 69740 81
69722 69761 155
69746 69767 23
69775 69790 254
69787 69819 1
69793 69837 34
69815 69824 266
69816 69841 200
69818 69830 285
69831 69862 251
69852 69901 126
69875 69920 112
69897 69922 261
69899 69925 176
69925 69968 247
69935 69940 74
69937 69943 66
69943 69959 103
69972 70018 180
69986 70023 297
69991 70023 216
69998 70033 292
70021 70054 244
70029 70067 177
70059 70087 204
70072 70121 262
70088 70119 33
70095 70124 54
70101 70121 112
70114 70137 282
70118 70160 264
70126 70129 244
70126 70175 277
70145 70166 46
70149 70197 78
70149 70166 186
70174 70195 238
70197 70217 91
70223 70268 24
70228 70277 294
70241 70264 232
70265 70290 197
70269 70298 84
70285 70322 120
70292 70298 257
70311 70336 272
70329 70359 133
70356 70375 116
70382 70407 189
70403 70427 101
70413 70451 190
70427 70459 103
70429 70440 230
70440 70464 167
70457 70462 12
70457 70476 38
70473 70484 297
70490 70513 33
70502 70508 259
70504 70540 69
70521 70524 227
70531 70548 30
70552 70579 80
70580 70611 56
70584 70597 119
70599 70602 38
70618 70637 96
70627 70668 9
70640 70676 107
70667 70682 155
70669 70674 5
70693 70694 56
70705 70750 293
70728 70736 92
70753 70754 79
70782 70804 59
70790 70833 187
70807 70834 247
70810 70855 147
70840 70875 135
70868 70918 78
70879 70882 120
70892 70919 44
70922 70923 40
70951 70979 217
70955 70984 5
70979 71005 251
70983 70999 94
71007 71045 271
71012 71060 147
71039 71077 23
71051 71065 222
71079 71107 19
71093 71126 72
71123 71128 47
71130 71147 130
71148 71160 26
71154 71200 290
71176 71202 58
71177 71191 142
71193 71231 79
71219 71230 216
71232 71243 115
71260 71269 192
71261 71276 185
71285 71308 93
71301 71326 195
71307 71322 228
71314 71336 161
71336 71364 244
71355 71366 8
71385 71424 125
71407 71456 132
71437 71452 81
71452 71491 117
71458 71506 14
71461 71495 289
71481 71515 71
71502 71511 167
71508 71536 108
71534 71542 52
71536 71584 4
71541 71587 128
71553 71600 210
71567 71582 131
71576 71603 170
71603 71653 195
71628 71650 20
71654 71680 59
71667 71693 34
71685 71720 115
71699 71734 246
71708 71752 264
71723 71768 186
71737 71764 263
71740 71788 232
71743 71749 204
71763 71783 233
71772 71794 24
71774 71793 1
71777 71800 104
71794 71843 3
71803 71835 64
71821 71822 28
71821 71834 24
71833 71844 38
71841 71847 224
71851 71870 252
71856 71859 252
71865 71912 208
71886 71923 285
71908 71929 273
71909 71917 256
71917 71957 288
71930 71964 185
71931 71945 238
71944 71956 282
71971 71996 231
71977 72013 160
72000 72020 252
72015 72022 51
72029 72059 78
72055 72081 253
72065 72103 42
72072 72097 41
72072 72080 77
72092 72106 262
72118 72155 35
72127 72137 245
72129 72173 172
72150 72180 134
72163 72187 153
72176 72181 141
72188 72192 47
72216 72223 31
72241 72261 152
72251 72296 139
72255 72298 132
72259 72301 98
72275 72316 162
72281 72282 40
72289 72303 20
72303 72318 13
72329 72347 250
72337 72384 270
72347 72352 227
72350 72383 276
72365 72399 88
72371 72414 226
72374 72405 15
72400 72426 284
72416 72421 134
72419 72447 254
72436 72438 88
72462 72486 235
72489 72504 281
72500 72518 41
72510 72543 272
72520 72552 169
72527 72551 35
72543 72587 167
72543 72589 233
72572 72584 112
72572 72585 186
72600 72626 226
72614 72659 41
72616 72661 56
72620 72626 207
72635 72639 23
72659 72705 191
72683 72697 188
72707 72742 277
72734 72754 31
72741 72769 283
72761 72807 6
72776 72813 18
72784 72822 208
72809 72839 90
72822 72844 118
72840 72878 236
72863 72895 234
72881 72885 127
72903 72941 238
72906 72951 55
72906 72943 287
72925 72933 165
72943 72976 103
72958 72964 145
72979 73017 208
72992 73035 229
73004 73053 150
73021 73043 69
73039 73071 296
73066 73085 289
73094 73116 254
73122 73131 133
73132 73181 66
73160 73175 210
73168 73205 127
73192 73194 92
73197 73238 9
73219 73227 270
73222 73241 288
73252 73266 23
73272 73285 111
73284 73334 103
73298 73323 287
73321 73363 214
73348 73352 210
73365 73370 131
73373 73412 168
73386 73436 105
73388 73420 100
73412 73452 229
73428 73449 285
73436 73450 283
73453 73454 36
73472 73515 111
73477 73482 9
73496 73508 12
73506 73510 3
73507 73554 187
73537 73586 71
73545 73575 45
73561 73573 271
73580 73591 252
73606 73607 36
73609 73659 137
73624 73657 212
73625 73656 82
73654 73691 244
73660 73690 260
73690 73733 221
73712 73761 60
73731 73753 295
73760 73789 157
73762 73781 5
73779 73810 144
73807 73848 49
73822 73833 65
73845 73885 78
73869 73881 292
73878 73893 165
