5000
29 63 285
59 61 17
71 95 217
92 111 183
108 126 126
123 124 121
123 127 194
135 142 240
136 172 142
161 198 297
175 221 148
185 208 213
213 223 74
217 263 125
230 232 183
241 243 146
244 256 10
265 313 190
288 310 156
300 313 176
321 362 65
348 362 197
355 384 93
371 385 86
377 423 87
402 409 148
405 453 38
416 423 242
416 441 274
435 457 277
445 491 178
450 494 91
470 480 102
482 496 174
490 534 14
516 562 226
541 547 167
558 571 82
563 605 232
572 622 66
591 629 219
619 654 188
620 644 238
622 632 191
629 660 192
638 670 53
644 675 285
660 686 17
667 710 220
693 731 115
701 742 226
703 738 191
710 758 169
720 741 256
724 728 259
728 774 86
755 786 242
778 783 62
787 826 28
804 844 75
820 866 296
821 839 207
828 830 114
852 867 138
863 898 232
864 881 195
879 892 129
908 935 287
914 938 216
939 946 115
966 982 170
978 1009 79
980 1000 255
986 1023 20
1006 1025 110
1036 1077 281
1038 1041 155
1060 1085 82
1085 1100 97
1092 1103 22
1111 1146 3
1138 1175 33
1158 1208 198
1168 1209 57
1183 1199 221
1196 1234 56
1211 1258 297
1217 1234 290
1240 1261 278
1256 1268 9
1257 1294 125
1276 1305 218
1277 1316 239
1302 1315 108
1308 1346 94
1312 1333 204
1335 1381 98
1363 1398 252
1378 1390 283
1395 1420 45
1399 1434 178
1406 1442 26
1426 1435 57
1442 1458 81
1451 1474 236
1464 1487 210
1493 1525 102
1511 1550 288
1528 1544 49
1539 1589 138
1549 1561 232
1571 1590 297
1575 1611 96
1582 1616 150
1584 1626 202
1584 1607 125
1594 1605 13
1607 1622 268
1615 1619 68
1618 1624 237
1646 1673 164
1657 1691 196
1673 1716 15
1687 1716 174
1713 1741 89
1730 1752 8
1747 1753 151
1757 1790 163
1761 1794 65
1764 1798 156
1775 1787 109
1784 1822 115
1801 1851 128
1822 1846 219
1844 1847 271
1868 1886 34
1881 1902 245
1896 1929 111
1924 1940 114
1946 1962 60
1955 2004 80
1981 2019 211
2005 2049 120
2033 2047 159
2041 2052 60
2056 2084 20
2082 2107 31
2102 2133 266
2106 2119 71
2124 2167 184
2125 2137 69
2152 2184 30
2174 2180 186
2184 2203 69
2203 2215 26
2210 2213 197
2212 2213 238
2212 2223 218
2229 2238 24
2252 2255 125
2269 2279 88
2295 2341 283
2297 2307 201
2306 2338 98
2311 2351 9
2328 2347 146
2354 2404 37
2371 2412 187
2379 2409 277
2399 2422 295
2405 2439 30
2418 2462 109
2419 2454 5
2421 2470 113
2435 2469 86
2462 2470 20
2488 2530 257
2489 2537 293
2518 2547 169
2531 2550 43
2559 2605 70
2581 2630 53
2581 2622 94
2590 2599 248
2592 2600 13
2622 2668 138
2652 2695 55
2663 2703 88
2665 2679 74
2670 2683 252
2677 2684 108
2684 2701 272
2702 2724 11
2726 2774 234
2756 2762 181
2776 2826 171
2802 2807 62
2828 2869 265
2830 2840 299
2836 2858 264
2859 2901 65
2882 2922 61
2884 2902 59
2887 2906 155
2904 2912 89
2934 2960 179
2956 2979 11
2965 3004 64
2993 3012 14
2998 3025 298
3026 3039 238
3048 3083 75
3053 3058 94
3078 3105 11
3085 3101 180
3097 3104 62
3119 3142 142
3129 3142 96
3141 3186 199
3154 3157 120
3169 3211 154
3179 3210 83
3181 3191 172
3203 3219 101
3226 3258 256
3243 3290 235
3269 3297 18
3270 3276 211
3283 3306 247
3286 3302 208
3287 3321 181
3306 3335 76
3308 3335 176
3319 3354 111
3328 3330 175
3351 3356 227
3370 3403 258
3389 3391 247
3392 3442 239
3395 3397 46
3416 3445 299
3428 3465 181
3444 3492 146
3455 3473 110
3485 3499 249
3506 3530 96
3512 3518 142
3512 3553 3
3534 3576 95
3555 3578 219
3584 3632 226
3602 3606 181
3604 3620 50
3629 3675 269
3643 3686 24
3662 3700 251
3672 3705 120
3689 3705 270
3692 3710 71
3692 3695 95
3708 3721 268
3715 3759 215
3739 3759 201
3753 3762 121
3758 3761 216
3769 3818 118
3778 3785 60
3778 3785 176
3802 3844 28
3815 3833 115
3830 3842 191
3849 3855 270
3870 3877 74
3897 3912 196
3909 3935 4
3918 3960 84
3939 3982 242
3959 4002 64
3984 4009 32
3985 4010 294
4012 4043 108
4017 4062 11
4017 4051 105
4045 4087 274
4075 4119 8
4087 4088 297
4103 4113 299
4110 4145 113
4134 4158 11
4142 4152 206
4165 4172 231
4171 4211 193
4180 4216 292
4197 4203 154
4205 4207 254
4208 4237 134
4215 4223 197
4215 4216 28
4222 4243 116
4243 4287 286
4268 4306 85
4276 4311 127
4302 4343 145
4325 4326 271
4326 4342 81
4348 4350 243
4370 4384 208
4378 4417 168
4402 4448 57
4431 4461 275
4446 4475 75
4473 4490 270
4491 4503 174
4514 4552 249
4542 4565 241
4564 4589 102
4583 4618 3
4612 4620 257
4622 4652 122
4647 4653 25
4667 4715 202
4679 4701 125
4697 4703 71
4706 4725 264
4720 4744 257
4741 4787 104
4771 4774 252
4798 4822 219
4807 4821 188
4837 4865 234
4842 4877 224
4846 4874 36
4875 4920 286
4904 4945 2
4910 4954 296
4923 4946 6
4930 4980 27
4953 4985 207
4975 4989 6
4998 5030 245
5028 5057 165
5034 5052 80
5040 5075 70
5052 5053 13
5056 5106 111
5064 5105 196
5070 5106 259
5075 5091 179
5098 5101 279
5100 5143 61
5114 5150 3
5122 5155 275
5132 5174 54
5137 5166 193
5143 5190 93
5171 5174 224
5193 5200 130
5215 5233 159
5244 5278 185
5253 5265 195
5268 5279 193
5269 5276 61
5289 5334 22
5314 5358 66
5322 5327 81
5333 5347 72
5341 5358 103
5352 5374 171
5373 5401 24
5389 5418 219
5417 5462 219
5438 5446 178
5447 5453 157
5452 5498 237
5471 5512 229
5493 5501 64
5520 5558 71
5531 5581 285
5545 5579 11
5554 5579 1
5577 5608 115
5587 5595 130
5596 5598 23
5607 5634 67
5615 5627 125
5637 5651 81
5652 5687 243
5656 5705 98
5663 5700 172
5672 5698 152
5697 5728 69
5712 5731 165
5714 5732 149
5731 5773 198
5746 5773 295
5766 5806 15
5778 5802 225
5801 5826 54
5817 5831 126
5834 5846 9
5842 5865 230
5872 5906 36
5889 5931 252
5908 5925 167
5925 5974 250
5926 5939 265
5942 5963 135
5959 6004 125
5982 6017 170
5995 5998 250
6000 6037 295
6013 6017 291
6020 6054 123
6045 6072 83
6045 6079 104
6066 6072 23
6093 6095 145
6106 6126 139
6120 6151 118
6148 6187 250
6155 6202 181
6176 6209 9
6199 6232 107
6226 6239 60
6250 6275 27
6254 6278 262
6276 6321 193
6285 6301 124
6305 6314 232
6326 6366 178
6341 6362 182
6364 6372 238
6374 6400 121
6404 6432 257
6425 6437 45
6454 6469 177
6456 6486 70
6476 6520 289
6506 6543 162
6533 6544 151
6541 6571 178
6547 6550 58
6562 6576 270
6573 6611 36
6573 6591 283
6602 6634 31
6602 6648 276
6609 6628 147
6612 6654 14
6628 6677 148
6658 6702 214
6674 6696 101
6702 6730 58
6711 6748 207
6736 6783 15
6750 6757 208
6761 6778 130
6764 6799 13
6789 6798 208
6805 6845 298
6834 6866 79
6837 6863 43
6858 6881 174
6863 6889 94
6877 6909 11
6888 6920 244
6905 6947 149
6916 6919 114
6923 6955 181
6928 6930 142
6932 6956 196
6949 6957 109
6968 6980 112
6981 7012 270
6981 7018 186
7008 7055 160
7009 7056 106
7030 7047 230
7060 7074 9
7067 7112 60
7077 7088 228
7104 7134 138
7129 7149 18
7142 7168 91
7164 7183 252
7189 7233 212
7206 7245 268
7226 7263 111
7233 7273 104
7248 7285 41
7275 7322 289
7303 7334 173
7320 7343 195
7350 7380 124
7355 7382 243
7377 7389 229
7391 7397 162
7417 7457 111
7427 7476 20
7457 7459 216
7470 7499 294
7494 7541 98
7513 7516 167
7526 7560 108
7555 7600 260
7570 7589 289
7587 7615 117
7617 7656 96
7629 7667 125
7652 7668 109
7671 7717 210
7689 7694 179
7704 7705 287
7704 7716 68
7727 7771 238
7738 7773 228
7753 7786 123
7761 7774 274
7786 7811 59
7814 7835 255
7815 7849 116
7835 7838 218
7837 7873 185
7860 7884 86
7863 7904 32
7863 7885 28
7886 7929 298
7889 7931 230
7914 7955 196
7916 7927 39
7921 7962 137
7951 7990 261
7973 8023 254
7980 8010 95
7988 8003 201
8005 8050 181
8016 8032 195
8046 8085 202
8052 8077 62
8069 8077 28
8087 8118 112
8092 8121 38
8095 8144 86
8117 8154 77
8118 8121 154
8119 8132 240
8144 8176 70
8167 8186 160
8185 8221 53
8208 8240 296
8211 8249 277
8236 8262 200
8262 8267 185
8282 8324 251
8290 8307 14
8314 8342 92
8316 8345 230
8326 8331 148
8351 8393 52
8358 8401 73
8371 8410 51
8398 8439 98
8421 8425 186
8434 8470 203
8450 8498 141
8452 8478 107
8472 8475 267
8474 8516 148
8476 8480 35
8488 8515 124
8501 8516 294
8507 8515 25
8536 8570 174
8554 8563 172
8565 8597 299
8595 8632 115
8614 8655 65
8624 8647 144
8652 8669 77
8653 8662 129
8678 8685 57
8704 8716 159
8710 8717 113
8730 8770 71
8757 8786 244
8783 8788 185
8801 8820 170
8801 8817 86
8827 8829 211
8856 8896 129
8882 8923 90
8891 8918 242
8916 8935 21
8945 8949 22
8946 8968 256
8971 9014 93
8991 9016 27
9003 9025 55
9032 9060 3
9047 9059 124
9055 9070 179
9076 9088 40
9084 9087 132
9098 9117 31
9116 9138 70
9132 9140 278
9160 9199 230
9183 9201 286
9199 9220 24
9207 9232 206
9214 9246 114
9222 9236 91
9241 9291 48
9247 9276 153
9249 9272 47
9255 9275 62
9272 9282 266
9292 9298 103
9318 9340 187
9339 9340 81
9364 9407 94
9379 9402 189
9406 9421 205
9425 9446 120
9430 9475 214
9440 9462 177
9455 9497 240
9472 9476 132
9494 9514 186
9513 9547 31
9537 9541 83
9549 9586 9
9574 9616 224
9581 9609 214
9583 9587 287
9585 9629 298
9608 9651 275
9616 9664 90
9642 9649 198
9654 9674 164
9666 9672 54
9680 9702 278
9695 9715 194
9725 9726 153
9729 9759 90
9758 9790 278
9774 9816 213
9783 9824 50
9796 9846 244
9816 9819 205
9817 9865 213
9836 9865 193
9837 9887 245
9837 9866 120
9850 9894 98
9857 9875 135
9876 9912 98
9887 9934 267
9888 9908 242
9902 9918 229
9908 9958 275
9930 9956 147
9945 9964 77
9947 9951 248
9975 10014 43
9999 10047 97
10029 10066 245
10037 10073 246
10048 10069 65
10065 10087 144
10085 10100 103
10104 10106 85
10122 10145 244
10135 10148 161
10154 10181 79
10162 10199 14
10171 10211 251
10189 10211 174
10191 10220 233
10193 10200 147
10213 10259 218
10219 10224 235
10245 10255 174
10248 10292 163
10261 10294 291
10283 10306 240
10301 10342 214
10302 10340 32
10322 10369 66
10322 10335 225
10346 10385 28
10372 10391 90
10391 10437 122
10421 10432 60
10440 10446 22
10452 10485 246
10461 10475 143
10463 10465 32
10475 10509 63
10491 10517 239
10503 10515 70
10504 10537 114
10525 10561 199
10540 10545 189
10547 10594 137
10565 10609 294
10583 10624 170
10592 10595 190
10620 10635 125
10647 10694 76
10654 10679 134
10657 10658 84
10674 10683 12
10704 10747 206
10732 10777 115
10751 10780 5
10756 10795 176
10776 10809 105
10804 10839 253
10830 10865 246
10836 10864 281
10847 10864 71
10874 10885 276
10897 10915 233
10923 10964 197
10951 10998 231
10977 11020 22
11000 11026 239
11025 11061 66
11044 11071 198
11057 11067 62
11066 11084 249
11069 11114 270
11076 11116 177
11100 11119 138
11125 11148 26
11154 11192 111
11162 11206 256
11188 11199 15
11215 11250 186
11218 11254 112
11245 11276 257
11246 11280 40
11258 11284 3
11266 11316 158
11272 11316 108
11297 11327 147
11318 11361 272
11333 11369 30
11355 11356 64
11379 11420 65
11382 11396 33
11406 11423 150
11428 11458 294
11431 11447 28
11460 11484 226
11460 11480 255
11481 11501 179
11502 11512 75
11513 11550 236
11539 11563 206
11557 11590 74
11580 11606 151
11590 11621 169
11602 11621 206
11624 11629 114
11644 11648 166
11648 11686 169
11652 11688 179
11669 11706 262
11675 11696 129
11698 11711 200
11700 11722 20
11720 11761 122
11725 11727 36
11741 11764 275
11744 11764 247
11772 11797 241
11783 11794 15
11802 11821 266
11803 11846 229
11823 11847 235
11825 11845 41
11829 11853 238
11843 11891 263
11853 11897 280
11863 11889 218
11863 11874 143
11888 11930 232
11898 11935 46
11913 11927 298
11940 11954 76
11955 11969 136
11974 11980 144
11982 12013 140
12012 12057 279
12017 12028 195
12043 12055 190
12052 12056 160
12062 12102 202
12064 12066 243
12084 12092 163
12094 12133 148
12111 12144 156
12136 12152 84
12148 12188 299
12169 12178 80
12179 12192 9
12199 12243 80
12208 12211 144
12232 12278 279
12259 12265 57
12277 12320 105
12302 12350 193
12311 12325 3
12311 12360 158
12329 12330 105
12340 12361 13
12356 12368 108
12359 12369 215
12386 12432 206
12391 12413 167
12411 12424 85
12417 12436 32
12438 12454 286
12444 12494 47
12457 12459 155
12462 12498 111
12463 12474 118
12473 12511 107
12492 12513 34
12513 12538 48
12526 12553 214
12542 12552 141
12549 12572 189
12579 12618 140
12607 12639 95
12629 12642 52
12632 12654 43
12660 12680 248
12665 12678 169
12677 12725 277
12680 12690 69
12697 12708 230
12724 12749 23
12754 12764 274
12756 12759 89
12784 12824 214
12802 12838 179
12822 12870 131
12831 12835 273
12832 12867 17
12838 12848 162
12844 12888 31
12855 12867 149
12875 12910 232
12879 12888 165
12900 12943 292
12921 12935 232
12928 12964 50
12946 12966 71
12969 13008 291
12996 13007 191
13019 13026 278
13045 13088 227
13047 13083 281
13048 13055 262
13063 13093 185
13082 13112 180
13105 13133 178
13115 13153 201
13120 13132 59
13129 13158 114
13156 13165 114
13176 13222 281
13196 13221 185
13204 13247 119
13213 13221 159
13240 13269 161
13262 13285 155
13287 13333 135
13296 13310 251
13322 13364 271
13351 13397 252
13363 13405 119
13378 13386 124
13404 13420 153
13423 13451 163
13450 13475 45
13474 13484 142
13502 13552 85
13511 13515 86
13515 13519 255
13541 13545 174
13559 13608 58
13575 13622 25
13597 13603 12
13610 13611 81
13626 13656 79
13628 13668 197
13653 13674 32
13659 13662 56
13669 13718 162
13699 13713 180
13711 13719 188
13714 13715 2
13722 13737 157
13729 13759 295
13734 13752 124
13739 13749 105
13750 13757 257
13752 13761 291
13775 13812 214
13784 13791 255
13792 13831 69
13793 13838 81
13810 13831 249
13819 13858 57
13836 13859 53
13837 13856 105
13852 13896 208
13879 13899 210
13907 13941 189
13934 13955 270
13934 13947 187
13958 13969 194
13979 13984 55
13987 14026 110
13990 14007 34
14001 14040 183
14026 14058 161
14045 14080 49
14061 14089 208
14084 14120 114
14087 14091 119
14090 14104 276
14094 14142 282
14101 14114 232
14124 14161 72
14136 14172 277
14153 14198 159
14174 14215 50
14201 14220 198
14201 14235 212
14208 14232 174
14233 14260 161
14252 14261 204
14253 14300 35
14275 14291 217
14294 14331 193
14310 14321 129
14339 14389 53
14343 14386 97
14352 14382 241
14365 14379 208
14372 14392 134
14401 14418 157
14419 14445 162
14424 14444 204
14425 14432 182
14438 14483 43
14447 14454 298
14451 14474 243
14474 14504 179
14502 14534 157
14529 14531 31
14539 14571 123
14550 14573 221
14576 14597 123
14579 14593 58
14604 14649 202
14605 14645 164
14618 14621 280
14622 14672 68
14626 14657 19
14654 14660 104
14674 14696 278
14683 14733 138
14699 14740 184
14717 14762 187
14722 14732 91
14735 14748 217
14751 14777 101
14767 14794 149
14775 14793 152
14779 14782 253
14809 14837 133
14813 14817 210
14816 14833 19
14823 14837 76
14846 14889 274
14848 14891 60
14869 14906 179
14889 14929 251
14916 14941 125
14942 14945 54
14947 14955 245
14949 14982 13
14961 14991 151
14964 15012 45
14980 15019 277
14989 15024 50
15011 15043 151
15012 15062 104
15015 15046 211
15016 15059 3
15034 15046 180
15034 15066 54
15056 15067 4
15068 15094 163
15087 15089 150
15106 15151 157
15124 15168 57
15147 15163 78
15170 15181 185
15175 15179 280
15180 15199 128
15206 15234 253
15217 15247 93
15224 15259 118
15233 15251 122
15255 15294 57
15271 15307 177
15301 15320 114
15317 15319 204
15320 15352 233
15329 15351 233
15333 15342 236
15354 15377 256
15360 15400 182
15386 15400 165
15393 15395 279
15404 15448 147
15429 15468 229
15439 15483 284
15454 15490 41
15459 15507 287
15476 15518 281
15502 15545 235
15513 15544 213
15539 15563 86
15564 15589 230
15575 15588 215
15587 15609 223
15609 15628 37
15620 15645 269
15627 15664 60
15632 15673 289
15659 15662 243
15684 15708 4
15710 15732 41
15733 15759 135
15735 15743 159
15751 15786 248
15757 15759 115
15757 15782 222
15761 15768 244
15776 15786 16
15791 15822 3
15796 15825 154
15805 15840 185
15830 15877 104
15847 15885 129
15876 15917 219
15897 15917 147
15905 15934 69
15920 15942 33
15933 15981 199
15943 15947 120
15960 15999 2
15977 15983 4
15983 16007 12
15996 16044 258
15999 16031 23
16020 16054 225
16020 16050 237
16028 16068 270
16039 16061 36
16043 16080 145
16047 16095 230
16073 16113 93
16080 16097 134
16088 16105 291
16102 16144 25
16104 16124 105
16105 16121 288
16117 16138 264
16133 16140 170
16158 16183 25
16163 16208 205
16190 16191 170
16191 16220 161
16215 16235 11
16244 16269 235
16264 16281 266
16275 16310 293
16295 16324 219
16317 16352 197
16332 16356 140
16350 16397 90
16373 16377 216
16398 16429 32
16408 16413 86
16423 16425 233
16431 16466 40
16449 16460 31
16470 16472 56
16486 16512 278
16488 16497 40
16513 16547 252
16535 16579 40
16540 16587 247
16554 16574 260
16568 16569 167
16598 16617 263
16602 16618 113
16616 16641 43
16622 16664 264
16634 16652 152
16664 16668 219
16667 16708 22
16690 16736 45
16705 16716 135
16725 16738 86
16734 16761 176
16738 16782 2
16746 16777 131
16762 16812 106
16778 16821 240
16789 16792 195
16789 16812 204
16813 16849 158
16837 16851 78
16847 16892 290
16871 16886 63
16887 16906 173
16903 16949 246
16913 16963 197
16914 16960 280
16941 16946 97
16969 16974 45
16974 17001 158
17003 17012 192
17013 17028 101
17039 17089 159
17061 17071 119
17066 17069 172
17066 17076 129
17092 17116 71
17097 17114 94
17098 17117 127
17116 17134 233
17122 17130 260
17141 17177 102
17168 17190 250
17191 17228 30
17204 17217 176
17221 17232 248
17249 17281 272
17264 17276 144
17278 17294 264
17304 17341 276
17313 17362 282
17314 17331 100
17333 17364 233
17355 17359 126
17374 17416 240
17392 17400 34
17399 17406 246
17412 17421 183
17431 17466 165
17450 17499 287
17453 17489 248
17478 17494 51
17492 17518 225
17518 17567 60
17541 17584 96
17550 17599 107
17560 17593 152
17578 17600 81
17606 17607 249
17631 17653 122
17650 17694 155
17660 17680 2
17677 17688 257
17681 17683 224
17699 17743 50
17717 17724 210
17725 17739 56
17746 17780 217
17765 17771 116
17780 17823 92
17808 17853 232
17818 17827 218
17838 17857 255
17856 17885 150
17886 17918 241
17910 17917 261
17939 17952 166
17960 18002 63
17978 17984 40
18001 18041 150
18015 18060 273
18045 18078 134
18064 18114 152
18092 18127 89
18097 18114 252
18124 18140 153
18144 18164 168
18145 18161 58
18160 18172 101
18188 18205 3
18215 18252 104
18242 18269 45
18248 18278 158
18248 18253 114
18252 18301 272
18258 18280 284
18260 18270 118
18261 18273 159
18271 18299 154
18273 18316 97
18280 18310 13
18282 18327 52
18282 18332 32
18286 18322 23
18314 18318 13
18343 18354 192
18364 18383 115
18365 18405 73
18369 18385 194
18384 18405 270
18398 18422 243
18428 18441 222
18441 18491 53
18471 18487 217
18487 18511 130
18497 18525 135
18523 18531 162
18552 18576 148
18554 18588 126
18572 18585 275
18592 18635 197
18594 18601 170
18602 18620 54
18621 18659 40
18628 18661 194
18630 18652 31
18660 18680 167
18669 18692 102
18686 18692 212
18716 18746 255
18746 18753 80
18773 18780 166
18791 18808 203
18820 18846 100
18847 18896 129
18864 18889 132
18875 18881 197
18880 18881 116
18910 18948 111
18940 18957 196
18946 18995 229
18962 18990 184
18970 18997 76
18985 19026 129
18989 19017 97
19010 19037 51
19035 19051 131
19046 19054 7
19075 19103 18
19104 19123 54
19132 19168 241
19146 19184 186
19158 19183 194
19179 19229 154
19201 19204 81
19222 19261 48
19235 19262 233
19245 19250 17
19268 19314 96
19271 19287 291
19297 19322 163
19320 19354 40
19346 19367 178
19371 19411 111
19398 19426 160
19409 19443 283
19434 19465 176
19455 19484 243
19459 19480 209
19466 19467 45
19494 19533 252
19514 19531 143
19518 19519 116
19520 19543 159
19536 19565 114
19542 19591 255
19569 19575 218
19599 19625 130
19623 19628 67
19638 19688 56
19662 19678 142
19688 19728 173
19700 19713 86
19720 19748 248
19725 19733 105
19744 19766 153
19753 19764 195
19766 19778 2
19778 19820 252
19799 19805 237
19821 19835 239
19849 19856 53
19858 19892 9
19873 19892 257
19902 19903 82
19918 19924 129
19943 19982 28
19950 19978 157
19953 19996 47
19968 19978 223
19977 20011 185
19987 20031 226
19997 20036 63
20005 20043 271
20033 20081 251
20046 20057 218
20070 20080 230
20079 20128 177
20103 20118 113
20113 20134 194
20118 20140 293
20127 20171 214
20148 20176 249
20166 20206 235
20175 20205 172
20179 20221 256
20206 20214 294
20218 20233 142
20235 20242 28
20265 20285 127
20291 20318 41
20308 20325 179
20330 20366 34
20342 20361 153
20362 20409 25
20372 20376 160
20390 20405 163
20413 20437 136
20435 20467 131
20451 20485 131
20466 20480 18
20492 20529 119
20503 20507 275
20529 20557 247
20536 20571 217
20537 20544 229
20556 20585 196
20574 20608 291
20580 20613 126
20580 20587 131
20583 20621 104
20609 20618 22
20613 20663 203
20624 20637 145
20653 20673 40
20664 20681 101
20676 20696 284
20690 20707 270
20694 20744 7
20724 20771 205
20734 20736 28
20736 20757 159
20737 20750 165
20740 20760 158
20769 20809 92
20797 20804 82
20797 20809 15
20818 20867 159
20822 20867 9
20823 20866 49
20825 20833 216
20825 20875 86
20844 20852 244
20855 20881 260
20883 20915 64
20889 20939 245
20890 20915 32
20895 20925 245
20920 20941 159
20948 20960 236
20976 21024 197
21006 21047 203
21032 21082 54
21059 21095 221
21077 21096 245
21094 21119 55
21113 21152 53
21141 21155 25
21154 21180 58
21166 21181 36
21189 21191 161
21210 21244 117
21213 21240 162
21239 21269 133
21265 21295 193
21277 21279 63
21292 21314 8
21312 21343 16
21318 21346 5
21330 21349 288
21348 21387 231
21369 21406 137
21387 21433 204
21393 21441 30
21410 21430 45
21440 21458 117
21465 21509 115
21483 21523 61
21497 21522 136
21504 21518 126
21506 21515 33
21523 21526 248
21546 21587 18
21573 21574 151
21603 21640 280
21623 21659 5
21634 21658 210
21643 21648 237
21646 21669 194
21653 21672 167
21660 21672 148
21662 21705 254
21686 21706 215
21709 21734 47
21715 21728 65
21736 21763 28
21759 21762 209
21777 21822 9
21780 21829 177
21806 21841 191
21807 21832 239
21835 21855 278
21858 21891 284
21879 21923 292
21908 21929 134
21919 21923 27
21926 21936 69
21940 21965 233
21969 21984 158
21980 21998 141
22009 22053 37
22037 22074 192
22058 22086 14
22082 22110 257
22087 22090 94
22104 22133 290
22128 22161 16
22140 22160 248
22144 22169 215
22166 22190 92
22193 22197 247
22201 22241 176
22217 22224 52
22247 22297 55
22253 22277 181
22261 22295 126
22288 22333 157
22307 22349 121
22318 22364 113
22322 22330 140
22337 22373 173
22366 22394 101
22393 22424 44
22394 22444 13
22395 22408 133
22402 22407 2
22414 22424 193
22431 22441 294
22441 22468 71
22469 22499 122
22475 22522 257
22482 22499 242
22486 22513 108
22510 22516 80
22510 22521 23
22529 22571 238
22559 22599 194
22566 22588 125
22572 22615 147
22579 22628 52
22600 22643 284
22602 22630 82
22614 22616 36
22628 22676 135
22639 22642 85
22668 22675 172
22676 22689 49
22690 22725 151
22696 22716 99
22696 22728 150
22697 22707 183
22711 22761 239
22714 22729 34
22738 22761 148
22768 22812 112
22781 22808 74
22811 22847 232
22833 22861 120
22848 22856 250
22869 22911 134
22885 22901 193
22904 22937 177
22904 22912 234
22933 22950 65
22940 22974 1
22958 22994 33
22985 23015 230
22990 23003 63
22995 23033 169
22998 23006 165
23007 23014 189
23020 23050 45
23038 23052 28
23048 23072 14
23048 23079 138
23077 23125 49
23105 23107 293
23120 23121 214
23144 23158 141
23158 23176 76
23166 23183 181
23178 23218 284
23188 23202 162
23218 23223 97
23248 23260 36
23248 23294 222
23250 23273 140
23273 23298 28
23275 23306 125
23285 23299 220
23304 23321 142
23305 23318 251
23325 23371 232
23349 23384 270
23365 23408 5
23367 23377 172
23391 23431 121
23417 23462 59
23419 23428 269
23428 23469 165
23454 23502 186
23454 23498 80
23484 23514 267
23504 23524 261
23511 23535 166
23538 23578 195
23558 23586 45
23584 23602 28
23593 23618 197
23595 23629 284
23614 23641 144
23634 23636 237
23635 23648 86
23653 23703 67
23663 23672 44
23690 23729 124
23709 23742 172
23723 23736 105
23748 23798 95
23766 23781 197
23788 23818 107
23808 23849 93
23810 23832 92
23835 23837 40
23837 23876 131
23860 23904 200
23884 23919 196
23888 23900 59
23916 23921 202
23920 23925 60
23946 23956 28
23958 23972 151
23972 23978 56
23988 23993 5
24016 24040 300
24038 24071 211
24048 24071 72
24056 24076 264
24070 24071 60
24083 24114 45
24107 24115 272
24110 24145 104
24124 24143 277
24133 24182 164
24144 24186 46
24162 24171 70
24174 24199 68
24174 24218 146
24193 24229 283
24195 24222 98
24214 24217 104
24230 24238 56
24230 24234 223
24236 24271 263
24251 24253 84
24259 24262 230
24264 24285 78
24270 24288 92
24277 24318 193
24297 24301 195
24304 24336 138
24309 24317 35
24316 24359 43
24338 24379 181
24339 24350 19
24341 24356 191
24365 24397 102
24394 24403 75
24420 24447 227
24446 24482 6
24466 24504 244
24475 24481 210
24503 24531 267
24519 24532 247
24545 24592 129
24548 24560 283
24563 24579 144
24569 24573 288
24581 24621 35
24608 24635 180
24629 24679 168
24649 24695 51
24679 24693 282
24693 24698 21
24703 24728 268
24733 24765 160
24747 24783 196
24747 24750 49
24748 24770 91
24771 24814 140
24789 24790 263
24811 24849 137
24834 24856 53
24850 24886 72
24860 24896 187
24871 24901 33
24872 24879 50
24893 24932 230
24901 24915 119
24930 24978 22
24932 24942 251
24953 24959 29
24955 24980 122
24985 25017 170
25002 25029 43
25013 25033 299
25015 25063 13
25016 25052 162
25025 25050 100
25030 25064 293
25043 25088 270
25066 25102 194
25069 25077 155
25069 25106 274
25098 25123 32
25117 25118 124
25136 25163 69
25141 25154 250
25171 25188 79
25186 25211 217
25204 25208 254
25225 25241 38
25227 25261 80
25249 25281 137
25266 25290 124
25267 25311 256
25288 25298 59
25295 25300 286
25298 25332 252
25300 25305 65
25327 25346 69
25335 25351 290
25341 25374 13
25368 25375 129
25392 25432 148
25413 25452 15
25443 25479 70
25471 25487 128
25477 25508 122
25504 25518 15
25523 25565 39
25545 25585 139
25575 25607 17
25583 25588 262
25607 25621 194
25635 25673 42
25641 25677 251
25659 25703 33
25675 25702 48
25689 25724 132
25690 25728 6
25705 25754 31
25720 25747 160
25720 25722 230
25732 25776 144
25748 25770 284
25759 25780 36
25769 25770 139
25771 25809 203
25792 25822 53
25820 25867 220
25834 25838 225
25842 25872 149
25865 25885 273
25874 25922 241
25890 25919 32
25907 25912 276
25922 25925 149
25945 25962 268
25973 25986 290
25980 26005 94
25992 25993 114
25997 26015 222
26023 26045 262
26048 26084 83
26048 26049 40
26053 26058 222
26056 26090 168
26056 26089 27
26074 26076 29
26102 26116 26
26106 26150 118
26116 26153 252
26133 26161 64
26133 26154 300
26160 26161 288
26161 26195 71
26162 26212 11
26186 26200 21
26211 26261 205
26221 26262 276
26238 26281 202
26264 26291 237
26266 26281 67
26285 26325 180
26285 26329 65
26286 26290 166
26316 26345 232
26340 26384 116
26364 26404 163
26369 26390 81
26379 26385 155
26380 26421 19
26383 26416 263
26394 26397 97
26418 26455 83
26423 26457 69
26451 26484 239
26460 26510 95
26489 26527 1
26518 26536 293
26527 26541 287
26534 26566 152
26549 26588 94
26571 26573 179
26594 26607 27
26623 26659 210
26643 26691 21
26650 26661 27
26679 26698 136
26694 26715 221
26713 26746 97
26737 26773 279
26757 26803 101
26765 26808 170
26789 26818 27
26807 26840 75
26812 26816 121
26831 26866 236
26860 26864 195
26881 26906 114
26895 26924 39
26925 26936 2
26943 26980 168
26954 26977 91
26979 27024 148
26996 27016 250
27005 27051 249
27029 27068 80
27037 27040 217
27055 27104 27
27057 27077 298
27066 27112 204
27094 27117 277
27105 27143 56
27115 27134 43
27139 27182 264
27142 27160 300
27156 27195 146
27172 27192 46
27175 27204 265
27182 27197 197
27200 27224 148
27212 27258 254
27238 27267 67
27240 27289 19
27244 27269 277
27252 27294 67
27265 27314 90
27284 27322 186
27285 27318 177
27293 27334 106
27293 27340 98
27302 27316 74
27307 27318 47
27336 27371 242
27340 27342 160
27346 27387 83
27366 27394 290
27392 27424 86
27396 27406 211
27400 27404 164
27428 27472 56
27437 27449 219
27442 27469 56
27453 27471 73
27468 27477 177
27480 27524 287
27491 27496 7
27516 27534 270
27517 27519 205
27524 27546 172
27529 27553 104
27548 27587 200
27576 27619 1
27589 27595 132
27601 27614 18
27630 27655 291
27634 27671 237
27645 27676 126
27657 27670 249
27684 27688 269
27704 27724 151
27723 27735 8
27743 27758 77
27750 27781 27
27757 27771 197
27765 27796 42
27772 27777 51
27781 27808 157
27790 27806 100
27808 27851 57
27831 27838 132
27859 27862 227
27860 27901 273
27889 27912 297
27891 27935 222
27920 27955 175
27935 27946 293
27942 27986 100
27968 27971 199
27993 28042 245
28014 28051 21
28040 28048 63
28070 28108 37
28086 28094 175
28101 28144 81
28108 28126 204
28126 28174 52
28127 28130 290
28144 28181 102
28173 28212 261
28177 28226 100
28193 28206 179
28203 28230 227
28215 28219 37
28242 28285 291
28245 28286 122
28270 28276 241
28293 28325 131
28298 28301 85
28310 28348 96
28328 28372 92
28349 28380 267
28372 28405 246
28397 28408 131
28406 28411 11
28412 28419 8
28423 28436 50
28435 28440 28
28456 28492 88
28486 28528 165
28509 28522 249
28522 28541 292
28546 28559 32
28559 28595 255
28571 28572 131
28586 28624 176
28603 28630 47
28610 28629 146
28634 28673 265
28663 28699 166
28676 28693 19
28690 28709 274
28702 28729 248
28704 28752 148
28705 28712 188
28722 28739 176
28727 28754 118
28752 28796 178
28766 28787 21
28791 28841 1
28817 28846 288
28823 28837 38
28849 28857 57
28870 28874 243
28900 28933 14
28921 28922 126
28947 28972 143
28977 29018 57
28994 29029 244
28994 29032 241
28997 29045 34
28997 29034 216
29022 29058 25
29049 29096 17
29051 29053 89
29068 29072 128
29081 29125 71
29105 29112 64
29131 29138 290
29140 29164 118
29147 29164 67
29170 29213 226
29182 29229 277
29210 29254 51
29228 29240 35
29251 29278 257
29279 29281 82
29291 29313 104
29317 29335 211
29324 29348 274
29339 29388 140
29368 29385 160
29385 29417 17
29398 29400 43
29428 29465 18
29443 29471 97
29457 29471 126
29470 29498 89
29495 29510 95
29518 29545 152
29524 29546 279
29524 29528 230
29526 29549 75
29555 29582 262
29573 29617 251
29579 29612 300
29606 29649 96
29628 29678 116
29650 29681 194
29660 29706 234
29682 29704 138
29709 29756 130
29713 29738 167
29722 29771 215
29739 29777 7
29764 29773 87
29792 29814 38
29817 29840 178
29828 29841 117
29856 29859 25
29861 29886 277
29866 29886 76
29884 29928 165
29886 29914 66
29916 29929 53
29923 29927 253
29944 29947 183
29963 29994 175
29986 30014 117
29987 29989 166
30001 30019 221
30020 30044 61
30047 30062 285
30072 30078 55
30095 30131 191
30099 30134 6
30099 30120 141
30104 30117 67
30129 30136 239
30131 30139 144
30131 30179 222
30159 30194 72
30184 30231 23
30191 30212 166
30197 30208 88
30213 30237 146
30234 30282 46
30245 30264 175
30258 30297 268
30278 30285 2
30296 30300 294
30301 30314 76
30330 30366 113
30354 30376 100
30371 30402 95
30396 30436 134
30397 30430 243
30412 30422 251
30413 30450 287
30420 30462 76
30441 30445 134
30442 30491 23
30458 30493 282
30478 30507 128
30500 30546 176
30526 30566 139
30545 30566 169
30568 30572 216
30581 30586 24
30610 30634 251
30637 30654 176
30666 30700 174
30677 30695 291
30686 30705 296
30698 30726 269
30716 30748 246
30739 30749 126
30759 30808 250
30777 30800 50
30786 30796 74
30797 30836 49
30827 30845 186
30857 30879 176
30863 30868 257
30890 30936 215
30918 30935 283
30927 30973 47
30936 30955 145
30940 30986 61
30969 30976 181
30972 31008 36
30979 30981 23
31003 31006 141
31003 31026 44
31012 31044 164
31021 31028 49
31045 31073 79
31056 31092 267
31067 31086 139
31087 31129 241
31092 31103 169
31103 31131 175
31108 31139 209
31132 31176 137
31132 31137 207
31148 31175 109
31171 31179 70
31183 31211 298
31203 31204 277
31207 31213 264
31211 31238 42
31232 31255 94
31260 31282 153
31286 31326 118
31315 31355 183
31330 31369 100
31359 31366 219
31365 31387 251
31388 31389 153
31390 31397 262
31402 31420 28
31411 31419 236
31429 31444 154
31432 31480 22
31444 31449 249
31473 31479 109
31486 31487 235
31489 31493 24
31512 31559 101
31523 31539 62
31526 31565 210
31550 31555 125
31559 31589 71
31577 31582 142
31598 31599 113
31604 31624 231
31605 31641 63
31626 31676 213
31650 31664 87
31664 31710 85
31675 31717 230
31680 31702 129
31691 31712 145
31696 31697 78
31708 31741 65
31717 31735 73
31738 31767 256
31752 31765 84
31781 31811 90
31793 31806 233
31804 31830 47
31818 31849 116
31825 31867 91
31825 31826 257
31843 31890 145
31853 31869 290
31883 31905 25
31907 31941 70
31918 31931 212
31921 31954 159
31943 31967 173
31971 31975 95
31971 31978 200
31971 32021 82
31989 32022 115
32017 32057 151
32039 32074 195
32058 32086 216
32081 32096 118
32104 32128 166
32127 32165 53
32141 32190 192
32148 32167 231
32157 32182 254
32159 32195 290
32165 32171 297
32195 32206 113
32214 32215 121
32238 32273 166
32242 32292 22
32258 32275 115
32270 32319 144
32294 32333 160
32316 32353 4
32345 32376 107
32349 32399 140
32353 32395 120
32376 32392 45
32389 32438 157
32395 32420 299
32404 32448 44
32407 32412 62
32413 32423 57
32421 32436 298
32423 32469 68
32430 32476 86
32454 32494 259
32479 32499 180
32489 32506 175
32510 32536 82
32517 32558 224
32541 32588 233
32568 32598 186
32579 32589 279
32601 32645 34
32622 32643 41
32635 32665 242
32651 32664 22
32653 32671 165
32665 32702 57
32677 32686 178
32700 32736 242
32728 32773 226
32740 32768 149
32746 32787 21
32758 32783 189
32765 32770 84
32789 32804 43
32808 32826 170
32814 32829 108
32835 32860 170
32850 32882 71
32852 32863 291
32858 32871 36
32882 32892 240
32903 32919 203
32910 32928 98
32919 32931 71
32945 32987 183
32964 32994 173
32976 33007 291
32985 33023 39
33009 33052 14
33025 33074 4
33033 33042 257
33045 33057 45
33048 33087 130
33072 33074 125
33087 33100 24
33087 33112 113
33114 33144 244
33125 33146 51
33149 33151 252
33160 33173 210
33178 33211 141
33205 33207 24
33210 33217 128
33236 33279 300
33253 33263 63
33265 33305 223
33288 33333 239
33317 33360 168
33338 33365 66
33353 33396 144
33377 33412 145
33387 33432 208
33413 33450 58
33427 33445 172
33440 33464 271
33441 33472 195
33463 33474 19
33484 33491 127
33514 33526 253
33526 33567 37
33535 33541 276
33563 33603 265
33565 33592 138
33569 33589 221
33595 33606 61
33618 33665 87
33623 33627 250
33653 33692 51
33665 33679 148
33689 33735 254
33718 33762 27
33720 33741 6
33732 33750 91
33735 33745 162
33738 33760 169
33743 33746 259
33745 33748 25
33769 33799 25
33790 33797 226
33811 33850 249
33822 33869 91
33839 33843 159
33851 33862 217
33861 33910 94
33863 33874 261
33865 33870 19
33876 33886 228
33901 33918 267
33931 33968 243
33940 33947 122
33968 33995 220
33997 34035 201
34024 34073 138
34033 34052 238
34047 34063 136
34062 34103 83
34073 34103 40
34097 34120 141
34119 34136 231
34135 34181 26
34138 34168 54
34143 34152 261
34150 34183 288
34179 34209 250
34196 34226 69
34224 34246 103
34240 34263 197
34268 34289 147
34295 34307 242
34303 34308 77
34306 34340 199
34330 34377 105
34344 34359 101
34374 34419 252
34395 34396 155
34419 34461 23
34436 34442 105
34441 34456 258
34457 34467 256
34464 34486 42
34486 34498 205
34512 34543 118
34520 34555 73
34532 34564 128
34547 34585 259
34560 34599 153
34563 34566 19
34580 34617 127
34583 34597 58
34587 34630 64
34588 34609 203
34597 34636 83
34618 34629 261
34648 34698 225
34666 34704 24
34668 34680 130
34681 34730 231
34682 34722 151
34693 34739 98
34694 34722 254
34702 34714 291
34704 34711 276
34712 34737 157
34712 34728 62
34734 34754 193
34751 34786 210
34766 34803 166
34769 34783 240
34795 34842 221
34813 34824 292
34819 34849 113
34834 34861 78
34842 34879 79
34863 34892 173
34865 34892 2
34892 34926 26
34896 34935 75
34901 34940 20
34905 34913 208
34907 34934 151
34931 34944 81
34960 35008 70
34980 35024 75
35008 35022 172
35023 35071 201
35037 35066 105
35053 35086 293
35058 35086 280
35070 35090 153
35070 35083 153
35090 35109 201
35108 35157 80
35121 35157 45
35136 35172 37
35140 35171 254
35165 35177 72
35185 35196 291
35211 35237 135
35220 35258 231
35242 35292 142
35259 35271 247
35268 35284 164
35282 35319 182
35285 35317 182
35306 35317 168
35336 35368 17
35364 35403 146
35372 35414 35
35383 35420 82
35407 35456 93
35437 35440 123
35449 35473 216
35470 35497 127
35492 35500 233
35507 35531 7
35529 35533 43
35529 35564 105
35530 35554 189
35530 35541 201
35536 35558 294
35537 35547 217
35556 35568 52
35577 35626 239
35601 35621 140
35631 35648 58
35642 35656 161
35650 35654 164
35657 35664 21
35672 35713 253
35683 35686 26
35692 35732 111
35700 35704 126
35723 35728 164
35748 35763 9
35749 35794 188
35773 35803 16
35797 35840 199
35819 35852 7
35847 35863 221
35861 35885 7
35870 35872 107
35875 35922 71
35902 35928 250
35915 35961 258
35930 35948 59
35949 35993 242
35977 36027 216
36001 36043 3
36022 36044 22
36026 36069 191
36044 36092 27
36066 36112 52
36066 36099 60
36095 36133 36
36120 36126 169
36127 36135 82
36144 36183 265
36159 36174 277
36176 36205 148
36179 36201 253
36209 36232 130
36214 36245 53
36233 36267 30
36260 36306 200
36269 36280 281
36299 36349 125
36308 36329 161
36314 36333 274
36337 36374 73
36362 36375 81
36378 36399 82
36389 36421 213
36398 36443 64
36400 36438 266
36404 36415 18
36432 36440 34
36455 36492 99
36474 36522 12
36477 36478 230
36487 36506 238
36487 36510 283
36494 36532 39
36494 36513 215
36516 36518 72
36522 36523 186
36527 36544 159
36532 36540 195
36558 36577 170
36561 36611 233
36591 36634 14
36600 36648 245
36622 36669 159
36646 36658 170
36674 36703 101
36684 36700 207
36693 36734 139
36694 36727 48
36709 36752 281
36729 36768 47
36759 36795 59
36783 36788 21
36796 36820 275
36821 36856 76
36839 36862 157
36852 36884 289
36861 36864 228
36865 36901 261
36895 36931 173
36897 36937 125
36911 36931 59
36928 36978 58
36949 36967 11
36963 37011 222
36971 37014 132
36992 37010 255
37012 37029 68
37022 37043 212
37039 37043 113
37047 37096 184
37076 37114 56
37097 37138 159
37114 37163 112
37116 37139 142
37136 37142 233
37153 37174 257
37158 37168 20
37179 37195 21
37193 37206 40
37211 37237 208
37220 37263 243
37248 37267 11
37270 37298 288
37271 37312 298
37289 37330 240
37307 37343 250
37313 37356 21
37319 37343 215
37345 37391 222
37360 37398 291
37361 37411 86
37386 37414 89
37409 37421 223
37429 37450 74
37437 37462 226
37464 37512 86
37467 37515 56
37479 37521 128
37486 37514 151
37507 37557 216
37511 37551 163
37521 37546 234
37538 37549 148
37566 37585 10
37581 37630 174
37593 37634 182
37621 37646 53
37649 37676 191
37672 37681 252
37677 37687 139
37706 37734 149
37720 37761 59
37741 37759 8
37760 37786 61
37773 37812 129
37775 37806 172
37790 37801 155
37801 37846 167
37815 37825 14
37827 37847 105
37843 37855 57
37861 37902 286
37891 37893 120
37895 37907 299
37907 37908 23
37918 37934 103
37942 37962 226
37945 37981 76
37955 38001 54
37971 38006 105
37992 37996 165
38006 38031 235
38026 38069 249
38028 38076 164
38028 38067 168
38058 38061 218
38088 38117 75
38096 38130 287
38104 38108 69
38112 38137 219
38132 38176 29
38141 38173 271
38167 38179 107
38176 38217 197
38197 38215 92
38227 38247 45
38250 38278 10
38265 38315 47
38279 38328 158
38303 38332 233
38332 38346 283
38353 38399 139
38366 38416 103
38385 38412 231
38388 38421 289
38406 38425 126
38433 38462 95
38439 38444 190
38447 38469 68
38476 38508 67
38491 38504 293
38498 38529 70
38515 38538 35
38515 38534 201
38526 38527 71
38532 38576 171
38542 38563 204
38556 38576 258
38579 38594 93
38581 38614 281
38610 38620 241
38610 38614 150
38629 38665 183
38634 38660 212
38659 38701 97
38678 38720 101
38695 38723 127
38716 38734 222
38730 38776 165
38758 38775 3
38779 38826 108
38808 38832 114
38837 38841 270
38858 38885 252
38870 38883 181
38891 38901 238
38917 38960 281
38942 38963 32
38971 39019 27
38991 38995 219
39003 39025 65
39003 39051 67
39023 39039 50
39035 39036 173
39036 39082 178
39038 39066 167
39068 39091 59
39081 39095 214
39093 39106 242
39097 39104 201
39124 39173 44
39154 39171 260
39157 39158 245
39157 39176 296
39169 39178 116
39177 39180 272
39183 39194 26
39213 39253 205
39224 39258 295
39244 39289 239
39260 39305 280
39281 39316 125
39288 39296 208
39310 39313 299
39335 39336 79
39356 39393 296
39383 39420 140
39408 39450 176
39436 39460 222
39439 39453 95
39467 39503 178
39483 39530 277
39494 39512 244
39518 39549 261
39539 39546 63
39541 39549 182
39555 39567 42
39558 39606 256
39587 39603 189
39600 39608 8
39619 39662 228
39629 39664 77
39647 39692 297
39677 39721 296
39707 39731 71
39708 39745 54
39723 39765 268
39738 39767 14
39745 39789 228
39765 39786 231
39767 39771 121
39767 39784 41
39781 39795 299
39781 39798 266
39798 39800 139
39802 39831 213
39823 39833 229
39830 39836 264
39843 39884 221
39853 39890 151
39861 39878 83
39885 39935 295
39911 39957 178
39936 39976 64
39964 39986 93
39968 39997 57
39970 40020 129
39990 39995 129
40014 40028 247
40044 40053 134
40066 40110 289
40086 40111 101
40114 40149 241
40136 40151 184
40139 40179 223
40140 40174 18
40169 40177 253
40197 40208 197
40203 40235 17
40207 40255 16
40213 40242 247
40214 40240 80
40219 40255 147
40240 40259 232
40251 40268 204
40256 40281 248
40281 40324 250
40301 40332 273
40322 40326 117
40344 40373 76
40374 40414 71
40390 40433 185
40416 40438 20
40431 40465 84
40461 40489 61
40467 40501 152
40472 40505 37
40502 40508 282
40524 40539 191
40536 40582 210
40540 40553 53
40540 40547 99
40549 40599 292
40552 40561 29
40577 40580 205
40598 40604 103
40626 40659 97
40635 40657 221
40635 40643 85
40641 40644 87
40650 40687 63
40669 40691 243
40699 40740 281
40713 40744 5
40728 40758 227
40743 40783 12
40753 40757 96
40755 40780 147
40770 40811 132
40797 40811 159
40798 40841 55
40824 40868 276
40829 40876 32
40836 40859 123
40859 40883 103
40882 40896 234
40886 40922 183
40889 40920 297
40905 40934 290
40932 40935 133
40938 40945 136
40943 40991 156
40963 40980 201
40973 41005 73
40994 40997 60
41000 41048 170
41021 41047 57
41033 41062 297
41039 41046 59
41062 41102 148
41062 41074 159
41085 41095 204
41105 41124 127
41129 41168 59
41150 41174 292
41175 41223 24
41194 41220 21
41201 41214 151
41206 41213 119
41212 41226 59
41225 41263 171
41245 41275 166
41271 41293 182
41299 41300 53
41303 41339 237
41305 41353 76
41329 41338 206
41330 41331 133
41335 41385 95
41356 41402 244
41357 41377 57
41369 41398 19
41375 41396 39
41393 41412 274
41409 41454 37
41431 41439 72
41434 41446 245
41443 41491 129
41468 41505 77
41495 41545 44
41523 41538 290
41524 41557 136
41524 41556 168
41532 41571 280
41537 41583 71
41562 41589 211
41591 41602 194
41610 41617 230
41630 41679 146
41655 41703 23
41665 41702 142
41668 41670 195
41683 41732 35
41706 41752 197
41706 41725 283
41731 41747 53
41738 41780 176
41746 41757 145
41767 41787 269
41786 41789 156
41794 41821 267
41821 41858 32
41839 41858 270
41847 41861 229
41873 41892 179
41877 41905 244
41895 41934 182
41904 41907 147
41917 41963 67
41930 41965 29
41941 41980 110
41945 41957 275
41960 41992 6
41966 41978 142
41986 42012 296
42004 42049 125
42014 42025 122
42022 42041 286
42036 42071 35
42060 42105 106
42074 42095 135
42089 42131 229
42119 42131 85
42122 42125 32
42123 42151 60
42147 42193 170
42169 42197 36
42170 42172 98
42184 42214 121
42187 42232 37
42194 42205 158
42222 42232 252
42230 42233 119
42238 42270 182
42238 42285 272
42258 42293 201
42278 42284 267
42282 42293 30
42291 42317 253
42309 42341 268
42309 42333 217
42338 42347 102
42353 42381 113
42358 42393 146
42375 42400 135
42390 42393 39
42395 42439 115
42416 42466 183
42422 42443 250
42452 42500 89
42452 42488 254
42473 42506 293
42478 42497 137
42493 42539 202
42516 42552 137
42528 42549 154
42543 42566 296
42551 42594 200
42557 42606 21
42573 42596 249
42596 42620 110
42625 42629 125
42648 42691 98
42650 42658 105
42667 42678 94
42678 42713 8
42698 42703 111
42704 42752 78
42713 42728 82
42736 42752 240
42755 42785 48
42762 42766 106
42788 42830 174
42800 42838 10
42805 42846 57
42813 42814 219
42841 42851 81
42859 42908 174
42875 42892 11
42905 42919 171
42928 42977 26
42938 42967 199
42956 42999 178
42962 42965 103
42981 43019 90
42994 43008 182
43012 43023 96
43034 43041 267
43050 43087 35
43054 43084 175
43076 43114 22
43102 43115 242
43111 43113 236
43114 43147 116
43116 43162 101
43141 43153 259
43168 43197 233
43173 43188 270
43193 43225 156
43213 43229 69
43242 43273 228
43242 43284 252
43246 43267 267
43267 43269 46
43279 43301 68
43297 43308 268
43310 43322 136
43334 43359 265
43355 43390 25
43373 43410 216
43375 43396 24
43405 43407 268
43409 43415 159
43413 43431 242
43431 43436 48
43435 43440 165
43460 43470 200
43460 43472 252
43482 43488 138
43496 43514 53
43507 43552 207
43534 43557 278
43535 43581 194
43565 43615 162
43579 43596 192
43585 43599 33
43590 43632 177
43614 43629 202
43625 43644 47
43640 43688 225
43655 43656 119
43681 43688 184
43687 43695 69
43700 43710 211
43721 43747 164
43736 43746 59
43760 43777 243
43780 43814 135
43789 43838 136
43808 43846 77
43831 43842 148
43844 43857 11
43846 43858 74
43854 43856 185
43878 43887 171
43879 43889 102
43893 43919 105
43921 43965 239
43939 43947 66
43956 43990 214
43957 43986 55
43973 43981 275
43996 44003 292
44007 44016 21
44026 44070 56
44054 44077 86
44059 44065 286
44064 44105 61
44064 44098 96
44083 44123 198
44110 44111 93
44137 44174 286
44137 44170 11
44165 44181 140
44176 44196 299
44200 44208 87
44220 44256 138
44229 44248 221
44229 44233 243
44230 44239 260
44243 44292 95
44250 44270 246
44262 44300 260
44278 44294 277
44283 44322 147
44296 44328 288
44319 44366 174
44334 44336 180
44352 44401 16
44356 44402 105
44374 44417 127
44383 44391 186
44401 44445 8
44414 44425 115
44442 44453 80
44457 44472 15
44487 44501 45
44499 44514 135
44518 44532 66
44548 44563 213
44554 44596 210
44560 44591 108
44575 44614 276
44582 44589 88
44608 44622 117
44611 44614 187
44623 44646 135
44627 44655 252
44652 44664 43
44665 44678 177
44680 44702 197
44680 44688 253
44705 44746 145
44735 44754 130
44762 44795 76
44770 44771 91
44777 44796 280
44783 44807 192
44791 44814 93
44800 44820 221
44813 44824 102
44813 44816 52
44835 44840 169
44851 44854 19
44856 44866 155
44860 44877 295
44867 44868 108
44890 44908 211
44891 44912 20
44897 44922 68
44923 44959 260
44934 44965 58
44961 45005 33
44971 44989 128
44971 45003 80
44988 45023 61
45015 45052 50
45020 45044 207
45046 45090 62
45070 45075 176
45097 45118 93
45109 45138 235
45138 45171 154
45147 45181 134
45177 45212 146
45182 45196 83
45186 45217 80
45189 45194 78
45205 45228 42
45223 45242 115
45247 45280 95
45248 45249 54
45249 45281 165
45270 45273 270
45299 45301 300
45300 45343 273
45315 45325 196
45330 45334 102
45348 45379 116
45354 45401 285
45380 45396 220
45394 45399 93
45404 45444 135
45415 45454 248
45418 45424 47
45439 45460 52
45460 45500 276
45485 45492 13
45515 45521 74
45533 45574 77
45542 45577 20
45565 45576 94
45590 45624 72
45604 45627 13
45608 45611 226
45624 45655 114
45637 45667 152
45654 45672 37
45656 45682 170
45672 45673 191
45693 45736 276
45715 45759 104
45736 45767 256
45747 45763 83
45777 45794 120
45787 45817 292
45808 45827 168
45822 45858 283
45825 45830 170
45826 45865 105
45830 45843 271
45830 45870 112
45857 45862 26
45878 45926 21
45907 45919 32
45916 45961 232
45923 45942 12
45935 45962 196
45945 45988 225
45945 45950 155
45958 45988 129
45978 46025 118
45980 45991 265
46006 46049 77
46020 46070 139
46030 46043 249
46046 46079 167
46049 46053 188
46050 46096 38
46067 46086 7
46074 46108 259
46090 46105 21
46110 46142 27
46110 46133 45
46117 46159 171
46123 46134 78
46147 46161 50
46152 46198 1
46154 46174 233
46183 46187 23
46187 46205 270
46189 46199 82
46210 46227 88
46231 46269 180
46241 46245 270
46242 46286 58
46264 46285 149
46272 46281 184
46296 46326 54
46304 46341 71
46313 46347 180
46318 46357 181
46343 46374 102
46367 46413 157
46372 46397 278
46378 46395 54
46381 46382 258
46403 46445 131
46419 46460 135
46441 46443 217
46451 46459 287
46455 46471 212
46464 46496 151
46494 46525 251
46513 46547 289
46539 46573 205
46561 46578 193
46590 46630 43
46594 46620 263
46624 46663 9
46629 46669 189
46646 46693 300
46670 46689 191
46670 46697 74
46698 46739 38
46704 46747 262
46728 46754 35
46746 46751 251
46763 46793 60
46787 46813 45
46800 46849 180
46820 46852 297
46829 46865 197
46831 46862 187
46848 46855 102
46859 46903 296
46868 46913 229
46873 46891 136
46886 46914 45
46912 46922 101
46933 46946 151
46940 46958 211
46958 46970 194
46962 47001 290
46979 47013 234
47006 47056 272
47011 47015 189
47040 47063 281
47055 47089 205
47055 47076 132
47076 47092 146
47092 47119 61
47096 47098 52
47123 47172 142
47138 47172 242
47158 47163 281
47181 47191 27
47192 47210 167
47203 47235 65
47217 47230 119
47222 47265 111
47240 47258 228
47269 47310 125
47298 47323 157
47317 47360 236
47321 47338 67
47331 47370 151
47339 47366 84
47354 47362 31
47381 47402 74
47384 47403 20
47405 47425 48
47427 47458 24
47447 47476 26
47477 47495 216
47497 47539 160
47521 47538 31
47533 47572 59
47562 47584 7
47563 47603 34
47578 47619 44
47579 47617 179
47603 47637 2
47606 47654 113
47636 47640 172
47643 47679 142
47645 47647 296
47667 47716 168
47691 47736 104
47692 47740 143
47706 47754 199
47715 47762 277
47743 47782 189
47743 47752 3
47770 47807 263
47789 47801 83
47804 47833 8
47825 47853 237
47850 47877 222
47879 47927 284
47881 47896 265
47902 47916 278
47903 47937 16
47923 47935 15
47940 47972 231
47962 47984 267
47985 47993 54
47996 48023 60
48015 48057 275
48019 48065 43
48040 48041 27
48062 48112 232
48065 48104 38
48080 48102 242
48103 48145 130
48115 48161 207
48136 48146 278
48157 48191 244
48169 48215 88
48169 48196 76
48191 48216 63
48205 48241 10
48235 48281 255
48261 48267 137
48289 48329 293
48317 48329 35
48321 48328 85
48343 48359 259
48358 48405 181
48374 48382 166
48391 48434 101
48407 48430 193
48422 48460 141
48452 48463 114
48480 48518 32
48491 48511 202
48507 48517 49
48511 48513 46
48516 48554 213
48542 48567 83
48569 48609 182
48572 48596 212
48594 48632 157
48624 48648 162
48634 48670 282
48660 48687 280
48671 48719 63
48695 48697 58
48710 48714 299
48715 48759 23
48741 48767 77
48767 48784 46
48778 48817 280
48783 48807 14
48798 48848 84
48812 48844 285
48827 48833 135
48852 48884 178
48874 48907 8
48904 48954 2
48919 48947 263
48926 48950 94
48951 48953 237
48972 48985 36
48990 48991 4
48991 48992 146
48995 49007 272
49006 49034 147
49031 49042 256
49045 49079 82
49071 49092 35
49073 49079 123
49075 49086 144
49098 49109 9
49101 49105 114
49101 49134 180
49126 49170 233
49137 49158 218
49157 49190 212
49168 49186 165
49168 49216 35
49184 49215 218
49214 49253 81
49236 49245 23
49261 49293 260
49272 49310 25
49287 49306 65
49311 49331 33
49312 49341 87
49337 49361 199
49361 49383 62
49377 49387 8
49393 49424 61
49422 49451 35
49451 49495 159
49465 49487 253
49493 49540 261
49514 49517 241
49524 49559 258
49554 49592 165
49571 49608 71
49580 49615 297
49595 49615 46
49597 49602 110
49620 49626 29
49633 49673 118
49639 49663 168
49658 49667 248
49683 49711 199
49684 49724 190
49688 49722 224
49699 49711 223
49705 49752 271
49712 49717 133
49718 49764 112
49725 49732 168
49735 49771 92
49759 49786 287
49772 49793 93
49799 49804 119
49827 49834 63
49846 49873 207
49853 49859 71
49871 49876 250
49885 49931 90
49905 49926 152
49923 49924 199
49950 49973 180
49962 50007 136
49988 49992 138
49994 50033 146
49998 50017 74
50020 50066 242
50025 50042 197
50039 50087 290
50053 50096 167
50075 50081 58
50084 50130 264
50104 50140 208
50115 50132 117
50137 50171 300
50157 50203 57
50161 50191 227
50175 50186 85
50193 50212 284
50220 50243 58
50223 50246 223
50228 50244 202
50254 50281 142
50284 50302 269
50298 50307 207
50298 50323 157
50300 50306 210
50310 50323 122
50340 50365 210
50357 50384 167
50379 50404 242
50385 50419 215
50394 50419 143
50415 50438 127
50435 50484 298
50450 50498 142
50453 50484 47
50470 50495 172
50482 50519 65
50497 50547 83
50505 50532 216
50506 50540 284
50521 50528 251
50526 50531 96
50542 50591 135
50558 50604 225
50584 50589 183
50603 50629 195
50629 50632 88
50630 50664 182
50659 50670 1
50685 50731 135
50690 50740 13
50704 50738 48
50712 50736 178
50718 50762 69
50719 50720 139
50729 50738 256
50758 50788 38
50781 50782 31
50782 50787 111
50799 50818 253
50821 50841 88
50831 50847 239
50840 50841 146
50866 50885 290
50881 50929 148
50907 50914 113
50930 50956 54
50946 50947 155
50970 51006 119
50975 51024 122
50978 50996 82
50991 51013 11
51013 51015 135
51015 51056 255
51022 51042 247
51038 51060 167
51059 51109 277
51080 51113 293
51098 51134 28
51100 51142 127
51123 51131 166
51148 51185 117
51158 51204 10
51178 51184 16
51202 51209 135
51225 51232 49
51236 51256 119
51253 51288 243
51265 51289 280
51278 51327 275
51303 51344 209
51308 51335 198
51314 51323 221
51329 51353 99
51358 51375 203
51374 51391 218
51394 51444 278
51395 51445 139
51396 51414 166
51424 51427 55
51430 51447 109
51449 51472 285
51457 51471 289
51461 51467 284
51486 51506 187
51487 51507 119
51508 51546 292
51532 51571 227
51546 51575 17
51548 51561 148
51560 51594 187
51572 51605 287
51578 51593 145
51604 51634 252
51631 51652 269
51635 51685 110
51643 51688 118
51670 51707 175
51679 51711 71
51707 51731 186
51733 51774 147
51736 51757 121
51751 51752 286
51757 51804 182
51771 51794 50
51781 51796 127
51796 51802 85
51820 51822 271
51831 51859 247
51848 51862 66
51867 51912 115
51891 51906 226
51894 51902 132
51916 51948 288
51946 51989 59
51962 51991 289
51979 52006 148
51989 52018 252
52012 52022 208
52015 52062 128
52020 52023 157
52041 52079 174
52045 52077 299
52060 52095 179
52085 52088 130
52104 52109 24
52120 52137 142
52133 52181 18
52152 52175 96
52170 52212 224
52195 52215 244
52218 52221 4
52242 52289 215
52252 52275 258
52273 52310 21
52276 52320 80
52297 52321 37
52316 52318 277
52319 52351 167
52333 52335 10
52347 52377 138
52347 52351 105
52347 52372 125
52375 52380 227
52399 52408 165
52405 52443 8
52407 52416 188
52435 52447 158
52444 52481 254
52461 52509 141
52463 52477 21
52464 52478 102
52494 52540 186
52504 52536 76
52516 52540 187
52546 52549 53
52546 52574 221
52551 52597 158
52569 52598 114
52583 52593 237
52589 52598 75
52615 52662 200
52616 52666 244
52630 52640 40
52640 52648 214
52645 52651 89
52651 52652 267
52655 52664 160
52672 52717 264
52692 52703 15
52719 52766 200
52720 52757 48
52728 52743 91
52743 52779 97
52746 52794 109
52762 52766 70
52791 52830 43
52819 52837 79
52830 52872 209
52854 52857 82
52868 52910 20
52896 52944 257
52925 52929 83
52955 52995 42
52968 53015 97
52983 53027 143
53007 53042 81
53019 53043 196
53026 53050 142
53032 53033 169
53060 53076 13
53064 53091 136
53090 53099 35
53102 53146 248
53107 53111 125
53135 53156 150
53149 53156 119
53157 53174 65
53164 53177 97
53169 53189 261
53175 53199 85
53202 53213 192
53216 53242 45
53228 53266 17
53232 53260 94
53256 53294 152
53264 53301 269
53282 53304 174
53303 53330 141
53320 53343 160
53335 53341 259
53347 53381 249
53370 53389 248
53371 53419 1
53376 53411 26
53394 53441 229
53400 53433 103
53401 53450 14
53415 53446 240
53427 53468 4
53440 53467 253
53444 53454 257
53473 53481 92
53500 53511 275
53507 53530 245
53535 53561 239
53545 53563 282
53559 53597 61
53573 53575 292
53574 53603 147
53575 53608 59
53575 53605 262
53588 53604 100
53615 53662 179
53620 53660 282
53636 53669 41
53660 53674 232
53689 53734 293
53710 53749 224
53712 53715 103
53716 53740 296
53720 53742 150
53740 53790 71
53763 53799 242
53775 53821 100
53792 53842 252
53809 53859 248
53828 53872 229
53840 53878 244
53866 53909 191
53895 53943 250
53901 53914 197
53918 53928 37
53935 53959 75
53953 53971 34
53979 54000 49
54009 54022 106
54023 54058 110
54024 54057 223
54048 54093 21
54075 54110 31
54089 54137 136
54110 54151 99
54134 54142 100
54142 54152 59
54160 54195 273
54187 54222 223
54217 54267 42
54235 54253 36
54250 54254 30
54252 54261 221
54277 54290 41
54307 54341 291
54336 54362 45
54363 54407 213
54374 54415 35
54379 54425 164
54388 54410 110
54403 54415 89
54422 54448 215
54425 54433 187
54425 54438 11
54438 54472 60
54449 54468 263
54466 54476 11
54480 54515 208
54505 54525 262
54530 54549 85
54546 54564 72
54560 54573 4
54590 54601 2
54609 54642 86
54626 54636 121
54640 54642 85
54661 54669 4
54666 54703 127
54673 54690 166
54673 54698 300
54674 54688 207
54685 54734 156
54701 54726 280
54717 54758 196
54743 54752 245
54748 54761 244
54758 54797 39
54775 54796 249
54777 54807 201
54780 54823 247
54802 54825 233
54803 54851 155
54807 54829 20
54835 54847 74
54836 54851 68
54866 54890 137
54866 54884 160
54875 54912 138
54879 54893 274
54891 54892 288
54897 54932 215
54927 54936 144
54944 54947 171
54973 54976 163
55001 55038 221
55012 55040 262
55015 55036 16
55033 55063 26
55056 55089 194
55084 55108 206
55105 55110 254
55106 55137 196
55128 55160 295
55136 55186 290
55144 55176 220
55170 55196 244
55177 55215 212
55204 55215 147
55207 55215 213
55221 55225 146
55237 55279 88
55263 55299 93
55281 55285 80
55284 55328 260
55285 55310 70
55293 55340 167
55322 55350 162
55347 55385 83
55361 55388 161
55387 55402 80
55406 55413 279
55430 55476 84
55447 55484 84
55467 55476 107
55473 55505 96
55473 55497 142
55484 55513 63
55508 55530 199
55519 55552 35
55525 55550 124
55553 55600 34
55564 55583 230
55568 55595 252
55589 55636 109
55617 55638 211
55637 55683 299
55657 55689 63
55679 55725 192
55681 55690 203
55686 55719 248
55690 55727 163
55715 55737 200
55741 55769 198
55768 55786 194
55785 55813 249
55802 55852 187
55825 55853 150
55849 55890 114
55873 55903 259
55898 55947 35
55917 55934 54
55926 55963 117
55926 55955 295
55942 55981 60
55967 55988 67
55990 56033 268
55993 56035 226
56005 56025 243
56019 56037 219
56024 56026 147
56053 56100 287
56060 56083 75
56077 56093 146
56103 56126 217
56131 56154 183
56142 56156 261
56152 56181 30
56163 56176 225
56188 56189 205
56211 56239 4
56232 56237 98
56240 56284 134
56243 56293 56
56243 56290 52
56265 56304 108
56295 56309 173
56309 56338 187
56337 56356 262
56365 56380 272
56375 56418 82
56403 56422 207
56422 56441 206
56447 56448 108
56457 56500 235
56473 56523 139
56490 56512 172
56509 56533 269
56539 56561 157
56547 56565 9
56556 56562 290
56568 56612 16
56582 56623 299
56600 56628 252
56614 56654 195
56624 56667 143
56640 56672 193
56666 56694 130
56684 56721 12
56698 56723 186
56713 56754 142
56715 56721 198
56740 56773 241
56762 56793 275
56776 56810 125
56778 56792 229
56798 56807 66
56806 56845 35
56821 56825 193
56850 56853 12
56879 56909 116
56886 56896 41
56891 56940 200
56921 56962 214
56944 56973 73
56948 56968 127
56969 57007 16
56995 57008 121
57017 57062 188
57043 57065 282
57069 57081 92
57097 57103 170
57111 57116 227
57118 57165 91
57121 57130 45
57139 57183 240
57168 57212 263
57168 57177 139
57182 57232 77
57208 57226 87
57236 57275 50
57248 57250 23
57252 57259 113
57263 57293 164
57273 57298 258
57275 57288 78
57304 57344 297
57317 57358 236
57318 57364 167
57330 57377 101
57335 57365 179
57353 57358 63
57355 57404 264
57366 57371 139
57388 57397 8
57412 57436 283
57412 57458 218
57419 57433 11
57443 57463 74
57468 57500 72
57468 57507 138
57472 57502 292
57478 57510 81
57484 57505 104
57505 57530 282
57532 57579 107
57532 57577 10
57546 57555 201
57561 57593 242
57590 57599 52
57609 57648 26
57628 57657 119
57657 57662 43
57684 57725 153
57706 57730 172
57726 57759 163
57731 57741 84
57749 57788 271
57763 57784 194
57781 57827 53
57811 57828 274
57828 57850 120
57851 57871 220
57854 57899 4
57862 57890 57
57868 57897 34
57882 57888 191
57910 57934 36
57918 57945 92
57924 57946 109
57934 57941 22
57955 57987 19
57961 58003 82
57977 58023 154
57994 58036 186
58018 58043 35
58032 58057 132
58047 58077 212
58071 58091 267
58089 58112 256
58096 58141 71
58107 58135 83
58119 58144 122
58140 58156 60
58145 58163 98
58158 58198 245
58181 58183 274
58201 58227 103
58227 58255 23
58240 58289 195
58246 58249 118
58256 58294 276
58271 58305 100
58274 58305 159
58282 58312 283
58310 58334 136
58332 58371 201
58336 58341 149
58341 58347 97
58349 58369 232
58364 58399 179
58387 58431 124
58403 58447 84
58421 58429 122
58450 58494 256
58471 58501 62
58493 58520 284
58519 58549 59
58524 58526 75
58530 58556 121
58541 58578 255
58566 58589 151
58577 58589 153
58597 58633 29
58612 58646 101
58626 58652 147
58641 58678 64
58648 58660 103
58653 58661 276
58682 58694 78
58690 58698 201
58703 58751 95
58719 58733 208
58724 58755 228
58743 58755 180
58760 58778 34
58790 58818 235
58818 58827 273
58826 58833 272
58846 58858 197
58856 58869 254
58868 58881 100
58881 58920 129
58894 58904 157
58924 58947 42
58944 58955 269
58954 58980 8
58970 58989 185
58978 59018 99
59003 59032 180
59033 59041 300
59035 59066 155
59048 59060 211
59054 59066 177
59054 59091 50
59083 59129 150
59083 59112 120
59083 59096 122
59088 59094 262
59113 59151 30
59127 59147 88
59142 59171 189
59155 59184 162
59162 59170 171
59189 59194 128
59203 59237 247
59223 59239 199
59226 59234 104
59254 59292 134
59266 59271 177
59276 59322 205
59297 59319 187
59324 59336 253
59352 59382 271
59357 59392 133
59374 59383 67
59399 59442 144
59417 59435 111
59447 59482 289
59467 59477 170
59473 59482 54
59486 59490 273
59502 59515 113
59510 59527 244
59524 59544 18
59553 59592 11
59577 59612 276
59577 59596 217
59606 59620 133
59613 59653 52
59630 59664 25
59641 59682 219
59647 59651 252
59662 59664 221
59687 59716 105
59697 59701 279
59722 59759 242
59745 59757 210
59766 59806 106
59796 59818 4
59819 59855 218
59834 59869 133
59861 59876 170
59891 59910 231
59903 59922 156
59919 59955 222
59923 59952 251
59936 59965 183
59958 59963 196
59966 60011 249
59991 60038 151
60000 60031 20
60024 60046 140
60038 60066 94
60039 60046 182
60040 60054 102
60059 60087 246
60078 60123 178
60083 60126 179
60095 60113 113
60118 60131 236
60144 60186 11
60172 60177 85
60185 60195 243
60199 60225 220
60220 60251 1
60232 60273 217
60246 60278 101
60267 60270 254
60288 60320 5
60300 60316 74
60306 60335 141
60334 60379 58
60343 60346 30
60362 60387 87
60374 60416 212
60390 60435 239
60418 60440 7
60438 60469 119
60457 60503 36
60476 60519 174
60502 60528 225
60523 60540 7
60529 60564 280
60557 60561 89
60579 60605 152
60590 60619 276
60594 60634 36
60608 60626 152
60613 60638 215
60617 60620 154
60626 60651 282
60652 60683 224
60656 60698 124
60680 60690 259
60681 60685 188
60687 60729 164
60716 60737 94
60720 60721 2
60742 60789 166
60751 60755 197
60780 60823 264
60794 60805 11
60814 60828 168
60834 60875 263
60859 60868 48
60866 60900 69
60885 60891 40
60897 60922 229
60905 60913 213
60918 60961 200
60935 60956 293
60937 60966 186
60940 60971 128
60967 60971 149
60972 61011 26
60986 60996 197
60992 61017 116
61003 61024 115
61025 61030 15
61032 61064 78
61055 61067 298
61081 61120 51
61107 61119 65
61122 61140 130
61122 61140 129
61148 61173 166
61178 61185 84
61191 61194 17
61198 61214 31
61201 61231 39
61213 61218 157
61221 61251 173
61244 61279 36
61270 61285 95
61273 61279 296
61294 61309 253
61298 61304 55
61307 61348 23
61334 61365 67
61336 61357 138
61337 61380 111
61347 61382 227
61354 61359 279
61380 61416 99
61381 61397 271
61407 61418 290
61433 61469 241
61462 61499 132
61483 61528 178
61491 61527 40
61497 61509 184
61526 61568 277
61536 61581 239
61554 61587 298
61563 61568 165
61573 61613 63
61579 61611 195
61600 61607 121
61615 61651 72
61628 61648 70
61630 61647 294
61637 61639 263
61654 61670 258
61678 61683 228
61706 61744 71
61718 61758 186
61733 61741 92
61746 61766 138
61772 61822 73
61778 61804 41
61803 61847 53
61818 61836 30
61820 61831 113
61828 61854 288
61836 61881 151
61849 61899 1
61857 61864 13
61870 61892 132
61873 61879 163
61903 61910 98
61904 61921 51
61925 61927 224
61951 61981 181
61978 62022 50
62001 62034 70
62004 62040 227
62028 62044 52
62052 62071 109
62056 62093 159
62076 62105 93
62085 62102 6
62089 62101 169
62106 62125 287
62115 62160 257
62144 62164 218
62173 62206 132
62174 62183 74
62180 62219 161
62201 62210 161
62219 62254 185
62247 62275 242
62261 62302 133
62282 62318 62
62303 62308 156
62324 62364 143
62338 62384 37
62347 62381 96
62357 62400 208
62382 62410 145
62398 62400 130
62401 62435 132
62417 62430 128
62432 62443 193
62437 62458 1
62444 62466 11
62459 62503 279
62485 62530 234
62493 62526 158
62508 62526 234
62515 62563 115
62530 62555 81
62544 62568 170
62550 62566 40
62566 62601 198
62566 62587 157
62578 62621 291
62585 62620 178
62595 62628 202
62610 62635 226
62614 62619 146
62617 62661 206
62617 62667 296
62623 62637 188
62647 62669 116
62672 62683 149
62691 62733 98
62712 62721 188
62728 62737 20
62738 62760 13
62750 62790 206
62753 62782 150
62755 62773 256
62782 62829 75
62797 62833 206
62800 62839 296
62803 62805 28
62815 62818 21
62833 62873 243
62847 62866 120
62849 62868 109
62853 62893 60
62854 62864 173
62862 62885 184
62890 62892 103
62900 62902 3
62903 62909 104
62928 62943 2
62955 62957 219
62963 62979 119
62985 63032 44
62997 63019 95
62999 63036 164
62999 63007 128
63023 63058 15
63051 63094 218
63052 63083 132
63069 63111 240
63086 63099 203
63088 63125 207
63109 63140 47
63124 63165 173
63148 63183 5
63176 63182 31
63188 63191 4
63203 63242 54
63228 63258 220
63246 63256 34
63266 63279 58
63267 63284 84
63277 63306 17
63303 63314 141
63304 63310 194
63323 63356 239
63343 63390 60
63353 63395 121
63363 63377 47
63380 63416 40
63401 63448 274
63420 63458 255
63434 63472 273
63461 63478 3
63476 63479 27
63506 63518 152
63528 63562 31
63549 63588 288
63549 63576 43
63555 63561 296
63572 63584 126
63583 63601 166
63606 63611 235
63609 63639 184
63614 63662 142
63629 63645 61
63656 63677 124
63659 63696 165
63685 63710 67
63700 63705 158
63722 63736 33
63750 63761 5
63767 63807 181
63768 63805 65
63796 63843 212
63814 63863 23
63830 63835 290
63852 63902 199
63866 63869 130
63893 63935 155
63923 63973 177
63948 63981 190
63967 63991 104
63993 64025 286
64013 64035 167
64029 64070 55
64040 64078 241
64069 64100 253
64084 64110 287
64113 64134 66
64143 64184 218
64143 64188 28
64170 64185 279
64177 64199 150
64183 64230 128
64189 64203 218
64205 64217 162
64213 64249 113
64229 64263 237
64249 64269 159
64270 64292 30
64274 64296 123
64294 64305 127
64295 64325 158
64309 64312 31
64333 64346 67
64358 64399 272
64387 64405 219
64410 64425 18
64420 64422 70
64425 64460 185
64441 64461 121
64450 64478 206
64474 64501 162
64478 64520 85
64483 64489 202
64512 64550 195
64542 64575 212
64551 64556 3
64565 64570 79
64587 64617 62
64616 64619 149
64624 64636 129
64645 64681 54
64646 64648 128
64646 64684 249
64674 64708 158
64700 64741 286
64701 64751 154
64716 64759 187
64734 64753 25
64741 64782 174
64762 64789 74
64781 64829 207
64790 64827 277
64797 64846 109
64800 64846 29
64815 64817 216
64845 64894 3
64870 64899 228
64898 64906 49
64913 64935 276
64934 64959 120
64943 64978 97
64965 65009 197
64965 64995 67
64967 64979 14
64976 65021 153
64998 65032 69
65022 65029 84
65036 65059 277
65054 65079 234
65061 65079 86
65075 65107 114
65081 65100 38
65091 65093 25
65118 65139 177
65144 65178 290
65165 65175 264
65173 65191 71
65174 65213 110
65177 65188 273
65188 65235 269
65192 65242 21
65215 65218 103
65228 65236 113
65254 65296 285
65264 65291 105
65272 65273 184
65282 65294 206
65304 65329 4
65306 65316 180
65326 65354 21
65353 65362 145
65356 65357 216
65359 65367 102
65378 65386 209
65397 65403 197
65415 65439 124
65422 65468 81
65437 65449 53
65443 65446 21
65464 65468 144
65477 65522 117
65479 65500 135
65500 65548 101
65512 65519 253
65513 65553 137
65514 65558 139
65535 65576 53
65561 65574 25
65564 65605 237
65570 65614 178
65589 65600 106
65612 65621 297
65619 65641 255
65626 65642 110
65643 65683 283
65663 65700 296
65689 65693 58
65712 65722 174
65725 65729 248
65743 65751 264
65764 65801 46
65784 65815 105
65790 65804 262
65804 65811 57
65804 65809 106
65819 65857 91
65822 65849 13
65826 65851 202
65828 65873 55
65840 65853 47
65842 65869 60
65867 65881 61
65868 65895 126
65869 65918 199
65876 65914 300
65881 65893 107
65901 65942 224
65901 65906 280
65924 65933 34
65942 65960 293
65963 65982 150
65982 66017 88
65983 66001 216
65983 66025 129
65995 65997 271
66002 66034 237
66008 66046 235
66023 66072 154
66050 66089 116
66064 66092 265
66079 66128 131
66101 66129 86
66109 66133 90
66111 66117 117
66134 66145 190
66158 66196 58
66169 66218 207
66172 66222 95
66186 66208 211
66203 66235 193
66223 66264 198
66248 66278 256
66275 66301 135
66281 66288 73
66306 66312 197
66331 66372 68
66339 66356 57
66359 66386 216
66372 66392 288
66398 66418 261
66418 66431 101
66418 66437 15
66424 66435 120
66436 66445 300
66465 66493 233
66495 66538 6
66509 66558 23
66519 66561 164
66535 66546 53
66547 66568 156
66574 66582 214
66574 66579 49
66575 66591 144
66597 66644 103
66627 66630 135
66636 66640 53
66662 66685 299
66690 66703 206
66707 66744 147
66710 66742 28
66715 66755 219
66717 66764 91
66726 66761 154
66749 66799 156
66774 66799 142
66781 66782 102
66806 66845 185
66808 66816 9
66827 66869 246
66829 66843 56
66843 66854 6
66862 66898 138
66878 66894 109
66891 66917 84
66915 66947 110
66931 66939 220
66936 66943 125
66951 66999 64
66981 67030 166
67003 67047 12
67032 67044 204
67045 67058 125
67065 67066 21
67071 67112 188
67074 67122 55
67100 67124 108
67117 67122 19
67124 67167 293
67145 67181 159
67168 67217 168
67171 67209 139
67178 67220 236
67203 67233 45
67230 67270 223
67233 67235 194
67234 67235 42
67256 67286 168
67281 67304 9
67294 67336 171
67301 67313 195
67314 67326 128
67326 67368 41
67341 67370 173
67363 67400 50
67363 67405 288
67386 67394 166
67403 67408 162
67409 67455 276
67436 67447 68
67463 67489 147
67493 67523 224
67502 67534 171
67517 67556 1
67517 67567 150
67532 67569 283
67547 67555 164
67555 67605 251
67564 67581 205
67585 67624 62
67597 67613 1
67624 67635 266
67649 67694 282
67661 67707 16
67680 67708 148
67684 67710 111
67709 67739 179
67739 67769 100
67765 67788 75
67765 67775 221
67767 67775 243
67776 67798 98
67787 67827 161
67794 67818 272
67802 67845 109
67803 67835 33
67812 67830 227
67838 67878 264
67866 67883 55
67886 67906 14
67897 67919 166
67907 67948 99
67936 67970 259
67937 67986 101
67952 67979 210
67960 67984 60
67976 67999 78
67988 68016 248
68009 68034 266
68021 68030 243
68047 68087 175
68076 68101 216
68094 68106 196
68104 68145 24
68115 68138 52
68138 68157 194
68146 68165 77
68175 68211 86
68184 68195 241
68206 68219 21
68211 68222 90
68214 68240 136
68219 68234 71
68247 68297 180
68258 68287 99
68267 68304 127
68270 68299 118
68282 68324 61
68310 68350 89
68318 68363 101
68338 68364 160
68353 68362 177
68360 68371 257
68386 68426 154
68411 68442 240
68424 68469 84
68435 68461 232
68437 68445 224
68444 68492 169
68466 68473 91
68487 68493 73
68489 68526 79
68508 68516 259
68513 68520 150
68542 68577 10
68566 68616 234
68580 68612 105
68602 68636 203
68620 68643 200
68639 68679 228
68642 68682 80
68671 68705 7
68679 68693 167
68693 68725 257
68720 68726 148
68729 68751 249
68733 68761 74
68762 68773 18
68774 68801 28
68802 68839 270
68808 68835 11
68828 68848 286
68851 68892 79
68871 68902 235
68879 68898 206
68902 68916 147
68904 68954 215
68921 68935 16
68945 68978 273
68971 68984 144
68986 69011 115
69012 69025 42
69037 69041 275
69061 69081 60
69062 69100 138
69073 69089 63
69081 69115 169
69104 69154 14
69114 69164 185
69124 69173 283
69126 69162 179
69127 69150 136
69152 69180 288
69171 69175 17
69190 69240 192
69196 69215 88
69203 69220 28
69224 69246 10
69247 69268 208
69270 69310 165
69296 69304 130
69326 69344 241
69328 69361 196
69353 69399 278
69363 69366 221
69393 69438 157
69405 69426 17
69426 69465 280
69455 69481 219
69484 69534 39
69490 69528 202
69501 69502 34
69513 69521 166
69524 69551 141
69540 69567 115
69559 69602 98
69573 69601 24
69583 69615 253
69583 69590 137
69610 69658 203
69612 69655 7
69618 69648 219
69637 69652 167
69640 69686 39
69669 69680 140
69693 69696 80
69719 69742 100
69729 69765 152
69756 69779 204
69780 69802 169
69807 69840 70
69822 69827 97
69848 69896 105
69862 69871 151
69890 69922 147
69916 69950 56
69939 69973 17
69963 70001 48
69986 70028 9
70008 70022 253
70019 70047 114
70038 70082 183
70061 70100 10
70090 70139 76
70091 70119 300
70118 70123 265
70136 70160 91
70136 70165 65
70161 70162 96
70174 70208 244
70181 70219 225
70195 70219 73
70215 70247 199
70235 70246 66
70257 70298 74
70265 70298 151
70269 70302 76
70288 70310 126
70312 70333 83
70313 70355 55
70327 70359 153
70332 70359 274
70351 70382 47
70379 70404 183
70380 70386 151
70380 70414 3
70381 70417 62
70399 70421 118
70424 70448 115
70424 70444 47
70450 70482 220
70458 70490 112
70476 70509 32
70493 70526 110
70495 70522 178
70496 70514 287
70517 70553 14
70524 70555 203
70528 70552 65
70530 70576 285
70531 70546 60
70555 70587 167
70573 70608 159
70597 70598 209
70605 70628 242
70619 70662 34
70627 70665 199
70648 70686 132
70677 70706 211
70701 70721 254
70716 70738 47
70740 70771 114
70749 70777 220
70751 70783 273
70757 70789 36
70778 70791 274
70808 70841 148
70812 70846 251
70815 70821 270
70822 70867 166
70832 70840 257
70856 70892 190
70863 70868 83
70886 70891 68
70901 70949 65
70918 70924 205
70940 70950 61
70949 70975 144
70952 70966 175
70957 70964 22
70980 70982 166
70997 71017 136
71025 71063 230
71035 71052 77
71061 71106 6
71069 71108 152
71095 71120 293
71107 71117 49
71119 71162 14
71127 71154 171
71156 71196 291
71167 71198 148
71194 71227 19
71203 71216 40
71228 71252 73
71229 71246 73
71251 71296 36
71275 71313 227
71300 71307 57
71307 71352 162
71328 71369 273
71344 71372 255
71359 71399 51
71376 71426 281
71382 71416 50
71392 71399 110
71410 71429 94
71437 71474 71
71444 71476 150
71466 71477 84
71494 71508 104
71506 71556 279
71521 71529 179
71539 71571 215
71543 71575 133
71551 71563 124
71555 71560 54
71573 71599 185
71601 71604 103
71606 71611 162
71619 71659 168
71637 71644 22
71654 71680 28
71667 71677 67
71674 71722 260
71700 71733 246
71725 71761 6
71742 71775 281
71757 71786 147
71775 71825 29
71777 71824 186
71788 71827 85
71795 71827 300
71820 71838 10
71821 71841 135
71851 71865 120
71880 71890 85
71905 71912 187
71934 71977 13
71961 71969 296
71965 72012 58
71966 72006 196
71970 72003 38
71974 72001 175
71980 72008 52
71980 72021 7
71995 71997 31
72023 72065 98
72045 72092 273
72058 72075 167
72059 72094 296
72085 72133 41
72089 72120 61
72094 72103 141
72099 72111 186
72129 72132 198
72138 72168 13
72147 72171 107
72166 72202 125
72189 72217 273
72208 72213 125
72223 72254 173
72226 72228 258
72256 72269 29
72267 72293 159
72284 72300 199
72309 72325 195
72311 72341 69
72314 72350 22
72333 72347 76
72350 72383 118
72355 72391 29
72362 72376 166
72377 72420 31
72400 72432 152
72401 72441 139
72428 72457 25
72448 72462 210
72476 72516 241
72492 72518 181
72496 72542 53
72518 72550 14
72539 72550 251
72563 72570 57
72584 72588 39
72608 72614 119
72638 72681 166
72666 72678 255
72680 72697 176
72680 72723 61
72687 72726 29
72715 72748 276
72740 72747 281
72743 72774 191
72752 72793 57
72776 72812 135
72784 72828 108
72788 72804 172
72808 72832 79
72820 72838 267
72835 72850 92
72851 72901 48
72864 72890 284
72887 72920 54
72906 72927 290
72930 72952 143
72940 72955 7
72967 73007 145
72972 72994 182
72996 73012 88
73017 73035 256
73033 73057 83
73054 73101 118
73066 73088 113
73068 73102 50
73077 73118 35
73091 73102 298
73108 73152 199
73136 73181 291
73138 73161 205
73145 73159 213
73163 73169 268
73182 73200 103
73195 73210 268
73214 73261 18
73217 73242 44
73218 73221 23
73246 73249 27
73253 73257 270
73271 73286 154
73298 73320 135
73307 73314 36
73321 73329 284
73348 73368 55
73373 73376 179
73389 73426 91
73405 73443 184
73407 73443 225
73422 73440 214
73425 73438 197
73453 73496 42
73474 73512 50
73478 73498 149
73479 73497 220
73484 73485 63
73509 73514 57
73527 73545 134
73548 73571 275
73563 73599 60
73564 73572 227
73588 73624 239
73591 73618 25
73620 73647 125
73623 73644 298
73639 73651 62
73655 73704 214
73671 73684 183
73700 73742 3
73715 73754 45
73725 73730 96
73738 73778 266
73759 73770 95
73760 73784 246
73783 73828 104
73794 73834 169
73807 73842 178
73823 73852 106
73844 73884 10
73873 73896 39
73888 73893 295
73904 73938 71
73916 73951 13
73919 73924 274
73928 73946 104
73932 73959 239
73953 73994 25
73970 73992 17
73987 74003 100
73987 73995 254
74007 74025 82
74032 74044 119
74055 74067 218
74082 74085 189
74097 74109 255
74111 74134 214
74137 74139 279
74163 74182 84
74189 74204 266
74196 74199 17
74221 74269 273
74226 74233 145
74248 74250 213
74265 74288 293
74273 74295 286
74289 74307 56
74305 74319 147
74334 74343 135
74364 74406 157
74390 74435 1
74400 74429 206
74403 74415 169
74418 74465 94
74427 74475 60
74432 74481 187
74445 74465 139
74464 74470 245
74470 74497 174
74479 74527 88
74502 74550 32
74525 74553 101
74527 74550 297
74537 74569 166
74538 74544 139
74560 74594 198
74566 74599 44
74595 74625 4
74619 74646 150
74623 74643 132
74631 74643 279
74642 74658 283
74672 74701 63
74694 74713 92
74711 74747 187
74717 74745 101
74719 74732 82
74726 74764 231
74727 74750 253
74739 74783 36
74757 74791 6
74768 74775 82
74796 74831 258
74799 74822 24
74808 74846 180
74818 74863 217
74825 74871 272
74851 74857 121
74868 74910 31
74882 74906 91
74904 74943 280
74909 74934 201
74917 74951 140
74925 74927 283
74953 74973 282
74983 75020 197
75000 75050 74
75015 75043 235
75029 75048 116
75047 75056 218
75067 75117 11
75077 75093 191
75089 75092 64
75105 75153 273
75105 75148 250
75105 75155 297
75113 75115 230
75128 75144 88
75157 75160 141
75170 75188 118
75192 75207 126
75197 75230 119
75211 75251 78
75237 75247 169
75243 75246 243
75258 75277 172
75286 75322 289
75292 75331 55
75306 75307 277
75320 75352 294
