5000
0 50 120
13 14 133
25 60 158
26 44 289
35 69 279
40 46 166
65 88 296
93 119 272
103 142 109
117 133 71
133 141 47
135 154 251
148 174 118
151 181 98
166 167 120
182 200 16
202 210 271
224 242 128
233 267 165
258 301 27
265 315 288
269 290 52
273 317 77
303 338 201
310 351 19
320 323 285
343 353 102
367 396 63
390 432 35
417 418 44
430 476 56
444 456 121
469 492 146
469 496 264
485 514 208
510 512 285
529 576 175
557 603 67
557 580 139
569 606 135
582 583 29
591 621 250
618 652 236
626 665 219
647 688 81
668 683 49
698 711 218
711 747 244
732 763 34
736 783 23
742 775 279
765 793 205
766 797 195
771 799 16
796 824 244
823 844 148
852 862 136
852 889 241
859 867 189
880 894 282
897 943 159
920 938 124
948 950 262
963 1008 44
980 986 194
987 1011 153
1007 1012 109
1026 1059 10
1051 1084 271
1054 1056 289
1078 1116 213
1097 1140 300
1106 1127 19
1133 1134 17
1141 1155 53
1150 1170 20
1165 1167 154
1192 1194 118
1208 1252 158
1238 1245 105
1239 1250 244
1243 1283 150
1259 1301 8
1281 1309 201
1301 1307 66
1331 1356 27
1347 1375 190
1353 1394 117
1356 1399 13
1359 1397 115
1362 1388 137
1369 1382 27
1382 1416 100
1390 1392 269
1390 1407 107
1394 1440 62
1412 1440 7
1428 1462 63
1448 1468 233
1453 1488 289
1462 1493 251
1481 1520 237
1483 1523 7
1509 1518 77
1514 1555 227
1534 1581 76
1560 1574 193
1585 1634 120
1585 1622 57
1599 1608 157
1614 1631 237
1642 1680 133
1669 1680 266
1688 1697 128
1715 1722 98
1737 1760 265
1752 1789 274
1758 1765 47
1759 1773 154
1775 1824 118
1776 1792 159
1777 1808 251
1780 1799 212
1804 1814 162
1820 1850 3
1845 1852 5
1871 1873 59
1891 1912 90
1900 1919 190
1908 1934 16
1930 1966 225
1944 1970 154
1944 1973 107
1970 2000 237
1989 2034 221
2009 2014 212
2028 2058 194
2049 2074 48
2052 2093 8
2066 2084 24
2076 2110 53
2090 2101 20
2105 2131 66
2110 2153 198
2115 2126 131
2136 2171 12
2149 2157 66
2176 2211 18
2186 2227 62
2197 2239 270
2197 2209 132
2211 2244 89
2230 2277 61
2231 2232 172
2239 2278 150
2239 2246 260
2261 2270 165
2291 2294 191
2316 2318 94
2339 2361 54
2349 2368 166
2367 2390 116
2385 2398 56
2388 2412 110
2392 2440 202
2404 2415 190
2423 2426 1
2448 2459 71
2478 2518 272
2502 2530 84
2520 2522 5
2540 2571 300
2549 2550 176
2556 2601 56
2560 2561 212
2586 2636 276
2586 2607 35
2611 2651 125
2634 2659 95
2660 2696 7
2668 2678 262
2696 2732 295
2699 2746 12
2728 2744 23
2728 2738 245
2734 2757 107
2759 2760 224
2764 2796 124
2794 2818 103
2806 2827 157
2809 2834 275
2813 2842 174
2825 2847 293
2843 2865 219
2870 2889 73
2878 2887 96
2904 2939 258
2913 2941 74
2928 2957 263
2952 2984 226
2969 2978 143
2992 3029 57
3004 3013 153
3029 3041 155
3058 3068 126
3069 3082 141
3076 3078 145
3097 3120 133
3126 3161 76
3136 3166 2
3162 3177 134
3163 3179 68
3193 3241 245
3215 3227 188
3235 3273 290
3265 3293 9
3276 3305 29
3280 3304 140
3282 3288 121
3294 3325 297
3297 3343 114
3317 3344 244
3323 3344 129
3331 3348 203
3332 3345 124
3333 3374 105
3356 3396 161
3369 3397 35
3378 3424 288
3381 3401 63
3382 3407 31
3409 3420 112
3420 3438 153
3437 3467 294
3454 3485 105
3471 3515 277
3498 3536 150
3507 3516 218
3526 3570 180
3528 3573 78
3534 3562 190
3559 3579 285
3569 3612 107
3576 3625 162
3606 3655 243
3627 3665 212
3640 3686 92
3651 3653 68
3652 3702 25
3672 3679 291
3702 3710 181
3708 3712 18
3722 3767 111
3751 3800 215
3754 3779 80
3781 3817 41
3808 3858 56
3809 3836 186
3836 3852 91
3849 3854 52
3874 3921 150
3891 3918 130
3921 3947 16
3925 3937 74
3945 3982 209
3974 4015 149
3993 4018 261
4016 4050 77
4037 4057 278
4043 4060 32
4072 4121 39
4079 4099 69
4104 4145 184
4134 4146 69
4147 4156 266
4161 4202 137
4180 4205 127
4182 4199 144
4197 4227 153
4201 4230 299
4221 4259 15
4225 4271 132
4243 4244 194
4250 4280 137
4261 4284 192
4277 4303 66
4290 4297 257
4299 4315 101
4303 4320 274
4324 4370 98
4335 4359 213
4364 4373 161
4365 4412 236
4385 4407 158
4412 4427 146
4429 4468 182
4451 4498 59
4458 4464 123
4463 4511 121
4464 4480 226
4468 4476 87
4488 4530 191
4515 4546 269
4535 4551 197
4545 4595 281
4550 4567 25
4558 4598 84
4575 4600 260
4585 4624 256
4613 4631 46
4624 4656 105
4653 4674 287
4659 4675 2
4675 4723 161
4679 4722 66
4706 4738 25
4717 4747 91
4731 4780 269
4759 4793 158
4765 4784 48
4793 4806 44
4797 4816 291
4802 4828 41
4816 4854 245
4841 4843 212
4859 4907 73
4875 4913 246
4891 4903 148
4921 4934 9
4927 4974 239
4934 4978 292
4945 4991 282
4950 4984 264
4979 5018 102
5004 5021 284
5030 5072 269
5057 5072 89
5077 5105 52
5080 5125 181
5082 5116 154
5091 5098 192
5096 5128 98
5102 5141 221
5126 5129 269
5126 5129 189
5142 5184 211
5165 5213 184
5168 5184 177
5192 5227 18
5194 5205 91
5202 5206 212
5232 5272 225
5251 5259 148
5264 5300 286
5272 5283 168
5281 5326 289
5293 5311 253
5300 5303 83
5324 5340 115
5338 5387 265
5339 5344 5
5347 5355 85
5350 5382 245
5380 5405 190
5400 5420 67
5416 5442 126
5419 5457 208
5428 5452 225
5436 5438 190
5441 5456 159
5446 5492 146
5472 5482 295
5481 5483 27
5507 5517 13
5507 5539 263
5511 5534 205
5526 5552 26
5537 5581 70
5564 5591 123
5593 5605 66
5623 5631 255
5630 5634 140
5639 5676 67
5652 5696 214
5671 5704 14
5680 5686 255
5690 5726 288
5718 5767 60
5727 5756 48
5729 5749 260
5731 5734 31
5738 5777 188
5750 5758 233
5778 5788 221
5781 5788 232
5782 5817 165
5810 5824 128
5822 5868 13
5834 5846 279
5841 5848 266
5853 5878 12
5868 5873 231
5873 5899 228
5878 5905 189
5891 5902 186
5896 5903 164
5911 5930 174
5914 5940 99
5919 5951 90
5925 5968 207
5941 5975 277
5962 5993 235
5984 6033 84
6012 6022 29
6020 6041 237
6040 6055 225
6042 6043 101
6050 6080 203
6069 6117 199
6092 6102 140
6103 6151 288
6126 6139 34
6130 6148 201
6143 6181 59
6171 6212 73
6193 6240 11
6220 6235 271
6226 6238 235
6234 6236 211
6235 6262 184
6255 6277 221
6269 6299 63
6271 6303 94
6295 6298 229
6316 6358 256
6321 6332 127
6328 6347 14
6351 6361 78
6377 6414 228
6383 6384 172
6404 6431 160
6414 6438 282
6432 6464 56
6443 6462 282
6466 6510 15
6492 6497 161
6516 6541 283
6519 6551 147
6545 6562 232
6572 6580 25
6599 6625 253
6606 6650 96
6630 6656 98
6636 6683 283
6665 6697 184
6674 6680 72
6699 6733 35
6713 6742 139
6739 6754 67
6751 6753 199
6757 6777 160
6785 6834 259
6805 6848 103
6811 6838 32
6826 6872 237
6832 6848 6
6851 6853 111
6857 6880 167
6872 6894 253
6896 6918 127
6924 6952 46
6938 6972 86
6946 6986 267
6953 6998 158
6972 7013 111
6978 6991 276
7008 7057 100
7023 7065 244
7035 7074 280
7039 7072 123
7064 7081 64
7064 7085 195
7078 7116 46
7104 7133 265
7119 7153 250
7138 7178 37
7161 7197 129
7191 7232 66
7193 7201 74
7208 7213 300
7209 7231 221
7219 7249 267
7227 7229 163
7252 7279 135
7262 7266 127
7282 7327 45
7309 7357 69
7320 7331 17
7349 7362 3
7366 7376 207
7383 7430 7
7411 7451 184
7427 7472 254
7444 7456 88
7445 7447 198
7449 7496 58
7463 7503 28
7488 7525 141
7493 7519 45
7523 7573 40
7527 7563 263
7532 7575 172
7553 7597 283
7566 7597 202
7591 7632 187
7606 7615 115
7623 7635 235
7641 7658 188
7642 7649 170
7670 7715 209
7677 7717 186
7688 7701 215
7699 7738 89
7699 7741 298
7707 7756 131
7729 7760 42
7729 7737 278
7746 7755 27
7759 7798 284
7786 7789 86
7795 7826 39
7817 7852 16
7843 7846 48
7868 7890 146
7875 7917 54
7885 7900 279
7887 7927 144
7912 7948 158
7936 7978 123
7965 8012 41
7989 8033 167
8003 8035 175
8019 8022 49
8028 8067 43
8056 8093 278
8070 8096 200
8093 8133 236
8107 8127 131
8118 8127 174
8118 8127 168
8142 8185 292
8169 8174 77
8182 8208 67
8195 8200 277
8200 8234 266
8228 8260 93
8234 8272 90
8242 8269 56
8259 8291 154
8271 8306 119
8289 8311 280
8292 8337 108
8300 8320 189
8319 8338 278
8331 8366 281
8356 8392 125
8376 8394 108
8382 8385 276
8405 8430 4
8419 8437 93
8430 8472 118
8442 8480 119
8446 8448 166
8455 8456 220
8458 8508 9
8470 8474 55
8489 8512 293
8513 8563 137
8518 8566 164
8538 8587 280
8564 8593 214
8571 8603 17
8579 8617 10
8581 8626 289
8592 8641 95
8621 8625 273
8649 8671 234
8660 8670 254
8689 8699 36
8691 8741 166
8693 8709 206
8701 8713 172
8713 8731 281
8715 8717 161
8733 8757 273
8733 8773 54
8760 8767 207
8772 8782 73
8792 8822 153
8820 8857 258
8844 8850 258
8873 8923 124
8901 8947 228
8927 8969 49
8951 8995 38
8980 8993 65
9004 9021 119
9024 9035 150
9036 9052 226
9039 9048 200
9064 9103 291
9093 9123 2
9120 9127 46
9138 9175 7
9161 9207 150
9180 9215 187
9186 9219 173
9188 9192 52
9196 9200 40
9220 9224 149
9250 9257 217
9256 9265 3
9280 9294 252
9295 9325 73
9303 9326 195
9325 9339 164
9347 9362 168
9373 9399 182
9375 9377 127
9400 9413 21
9408 9453 237
9412 9414 64
9426 9462 297
9437 9486 99
9464 9466 135
9489 9533 151
9500 9515 183
9518 9560 191
9546 9581 211
9546 9586 45
9556 9568 201
9585 9595 27
9601 9610 5
9630 9674 249
9646 9649 190
9672 9717 219
9677 9679 21
9677 9718 63
9693 9700 150
9706 9737 228
9736 9737 18
9738 9753 224
9752 9799 215
9767 9771 55
9774 9804 8
9782 9817 276
9788 9796 90
9810 9814 149
9816 9862 29
9820 9834 165
9838 9844 235
9844 9888 130
9850 9870 60
9878 9880 171
9896 9916 218
9910 9957 112
9940 9964 160
9960 9977 28
9978 10018 10
9981 10028 220
10001 10023 32
10014 10026 49
10025 10071 227
10051 10089 162
10055 10089 216
10085 10135 90
10113 10115 57
10118 10155 103
10144 10153 282
10144 10164 172
10145 10185 268
10153 10182 277
10163 10211 181
10183 10189 18
10185 10221 203
10206 10216 209
10220 10230 114
10228 10267 148
10235 10255 153
10243 10266 124
10269 10294 83
10270 10316 160
10275 10290 186
10293 10327 176
10310 10334 114
10330 10338 41
10351 10392 215
10354 10384 128
10355 10385 111
10380 10392 47
10407 10440 290
10426 10469 168
10435 10477 160
10448 10464 227
10465 10480 10
10479 10522 24
10483 10514 136
10487 10492 240
10489 10523 87
10501 10550 104
10514 10539 226
10534 10552 222
10561 10593 212
10571 10603 70
10592 10606 102
10605 10618 118
10605 10652 248
10624 10647 101
10654 10659 41
10681 10683 279
10693 10735 144
10714 10735 202
10724 10734 2
10726 10756 164
10741 10746 159
10762 10812 156
10777 10808 132
10784 10801 168
10809 10830 96
10829 10836 49
10829 10851 269
10852 10854 263
10880 10911 103
10897 10901 8
10906 10935 161
10908 10954 195
10929 10946 228
10930 10935 246
10940 10961 153
10958 11006 253
10980 11030 247
10988 11035 45
11014 11027 258
11027 11044 231
11037 11057 100
11044 11065 164
11074 11101 294
11085 11134 80
11106 11120 44
11135 11176 54
11150 11168 295
11158 11179 248
11161 11165 191
11163 11175 280
11181 11203 38
11197 11214 171
11197 11206 272
11215 11246 183
11242 11262 237
11263 11313 210
11286 11291 145
11311 11331 228
11318 11336 129
11347 11380 52
11360 11388 253
11368 11372 275
11382 11395 173
11392 11437 258
11396 11441 106
11415 11430 93
11420 11429 159
11427 11430 254
11453 11491 2
11456 11494 138
11481 11490 54
11483 11533 144
11488 11506 67
11503 11525 118
11508 11538 40
11508 11557 207
11522 11526 96
11544 11561 225
11563 11575 168
11573 11617 243
11576 11620 179
11584 11610 42
11603 11614 285
11627 11674 226
11651 11687 64
11653 11703 160
11669 11694 9
11671 11677 147
11697 11700 100
11703 11726 131
11726 11772 275
11745 11762 108
11759 11803 256
11766 11798 170
11783 11820 11
11794 11844 122
11809 11845 182
11814 11818 249
11842 11862 204
11868 11896 165
11893 11895 68
11901 11948 152
11914 11932 256
11921 11954 270
11936 11953 170
11944 11986 238
11956 11970 290
11963 11975 140
11978 12009 25
12007 12052 286
12034 12057 62
12046 12073 282
12054 12087 217
12054 12093 184
12070 12116 161
12082 12093 79
12109 12110 219
12116 12134 227
12120 12168 293
12147 12172 220
12164 12189 117
12179 12221 187
12205 12238 293
12229 12254 105
12258 12302 76
12271 12309 197
12286 12316 158
12313 12353 266
12335 12348 85
12341 12368 57
12357 12401 212
12382 12426 199
12382 12419 249
12404 12438 230
12424 12455 175
12448 12469 282
12453 12480 58
12480 12504 63
12480 12482 185
12506 12555 157
12517 12520 71
12530 12571 53
12534 12550 20
12558 12565 107
12579 12625 278
12598 12639 248
12624 12666 199
12644 12678 216
12646 12655 158
12658 12695 156
12668 12698 257
12685 12725 184
12698 12738 83
12711 12738 246
12713 12737 209
12719 12736 63
12724 12765 246
12727 12743 233
12748 12784 114
12778 12811 271
12802 12806 129
12830 12837 143
12855 12880 68
12881 12898 66
12902 12907 158
12908 12926 293
12930 12967 66
12956 12958 252
12958 12984 218
12964 12980 150
12993 13029 212
13023 13057 300
13039 13068 195
13051 13064 261
13077 13118 180
13094 13135 270
13106 13112 24
13128 13157 45
13153 13185 12
13154 13193 94
13178 13197 257
13207 13250 153
13216 13242 42
13223 13241 250
13233 13237 293
13245 13261 99
13269 13303 284
13293 13324 106
13300 13331 31
13306 13327 201
13332 13360 232
13359 13395 33
13367 13414 192
13376 13420 16
13380 13391 114
13400 13418 45
13404 13425 204
13423 13447 237
13433 13483 198
13436 13441 139
13452 13485 227
13456 13496 247
13466 13489 178
13467 13511 143
13493 13497 144
13521 13527 186
13548 13560 236
13575 13602 235
13585 13591 118
13608 13637 249
13611 13661 113
13628 13670 150
13651 13663 273
13667 13675 7
13667 13711 155
13680 13730 142
13698 13706 43
13701 13704 20
13710 13725 161
13740 13758 141
13749 13783 108
13765 13794 290
13779 13817 20
13792 13816 298
13805 13812 144
13828 13856 162
13829 13866 232
13857 13873 200
13871 13890 133
13887 13898 174
13916 13928 197
13941 13955 257
13947 13965 276
13955 13998 220
13955 13981 103
13964 13968 56
13990 13997 161
13995 14020 281
14019 14054 238
14048 14058 237
14074 14101 11
14080 14084 179
14085 14114 43
14112 14114 297
14129 14169 158
14146 14159 258
14147 14168 276
14171 14196 201
14186 14194 52
14186 14193 179
14190 14227 214
14198 14234 282
14213 14242 214
14219 14257 287
14237 14281 255
14247 14277 215
14268 14283 215
14270 14297 239
14277 14324 267
14291 14332 175
14312 14324 200
14338 14345 161
14368 14370 249
14372 14395 18
14374 14412 81
14381 14422 225
14399 14431 55
14421 14469 288
14439 14486 245
14451 14464 202
14454 14477 47
14461 14490 24
14488 14523 29
14510 14530 28
14518 14545 3
14541 14583 60
14543 14554 91
14561 14576 233
14568 14597 62
14582 14584 283
14609 14611 133
14635 14640 94
14657 14683 240
14662 14666 76
14680 14696 23
14702 14732 160
14715 14729 180
14738 14747 48
14759 14764 33
14762 14793 81
14766 14794 57
14772 14805 51
14798 14814 17
14799 14849 156
14808 14820 288
14831 14841 186
14837 14879 69
14837 14842 154
14853 14859 192
14881 14889 159
14884 14892 89
14901 14933 140
14908 14912 144
14926 14941 272
14940 14962 83
14957 15006 5
14984 15022 57
14984 15031 75
14987 14991 286
14990 14997 15
15019 15020 5
15021 15052 13
15040 15070 96
15050 15062 256
15069 15106 5
15093 15105 276
15095 15144 195
15121 15169 203
15144 15160 183
15173 15191 113
15185 15189 196
15205 15253 296
15225 15237 180
15233 15257 48
15240 15242 137
15259 15299 290
15279 15288 236
15291 15305 92
15295 15321 170
15302 15319 236
15326 15330 116
15333 15346 86
15358 15360 22
15388 15393 300
15398 15414 238
15399 15439 174
15405 15452 62
15434 15438 198
15443 15460 245
15458 15461 210
15480 15502 286
15497 15541 31
15497 15512 228
15501 15524 50
15524 15538 237
15546 15595 293
15575 15585 148
15603 15606 87
15611 15634 143
15612 15637 131
15629 15645 163
15647 15668 98
15677 15698 200
15684 15698 41
15707 15723 241
15716 15745 239
15745 15763 192
15771 15780 162
15787 15812 25
15787 15833 92
15817 15825 37
15847 15854 259
15851 15878 133
15870 15877 97
15888 15910 115
15911 15915 169
15927 15965 27
15927 15932 23
15952 15975 120
15978 16013 252
15989 16016 214
15998 16004 253
16011 16050 28
16028 16078 101
16032 16045 185
16050 16060 14
16066 16098 202
16074 16117 260
16095 16128 149
16121 16143 267
16148 16152 113
16156 16167 153
16156 16160 24
16173 16183 153
16177 16205 12
16181 16228 210
16190 16211 7
16207 16208 78
16236 16254 209
16239 16271 7
16259 16286 196
16272 16288 192
16281 16299 227
16299 16336 200
16317 16346 219
16344 16360 151
16366 16387 266
16374 16424 168
16378 16393 210
16384 16426 24
16403 16436 220
16420 16458 64
16450 16470 2
16469 16481 180
16472 16497 257
16488 16504 112
16507 16508 234
16519 16542 196
16535 16565 241
16561 16578 84
16565 16567 249
16592 16595 154
16605 16623 141
16613 16635 283
16636 16649 232
16646 16696 246
16662 16665 216
16681 16718 81
16683 16728 101
16706 16731 268
16721 16741 79
16730 16753 282
16745 16778 175
16749 16778 73
16763 16810 134
16768 16811 114
16788 16830 262
16792 16836 148
16805 16825 151
16826 16838 89
16845 16895 134
16865 16883 45
16871 16887 178
16887 16930 27
16916 16964 151
16936 16956 148
16946 16959 108
16958 17002 188
16968 16994 115
16981 17018 121
16986 17015 262
17013 17062 2
17019 17031 77
17049 17066 8
17078 17115 175
17093 17110 95
17098 17114 68
17116 17127 295
17119 17165 157
17148 17198 105
17173 17213 187
17191 17211 197
17221 17260 22
17234 17275 42
17236 17259 273
17257 17268 250
17275 17313 76
17304 17326 32
17317 17327 71
17338 17355 85
17347 17371 269
17354 17362 238
17369 17385 81
17384 17415 47
17396 17428 257
17403 17428 237
17423 17438 151
17453 17496 148
17463 17468 47
17481 17514 186
17490 17502 134
17501 17539 47
17516 17536 215
17531 17541 8
17558 17590 56
17569 17615 272
17569 17613 199
17599 17607 271
17624 17646 288
17647 17659 94
17673 17702 289
17689 17694 146
17703 17729 263
17731 17749 135
17745 17761 101
17770 17788 287
17776 17809 83
17794 17844 56
17807 17856 280
17833 17867 276
17833 17835 110
17857 17895 191
17886 17907 274
17901 17951 81
17915 17951 220
17916 17959 249
17925 17944 116
17949 17998 12
17958 17971 265
17963 17967 129
17976 17995 212
17992 18003 203
17996 18021 166
18013 18039 226
18016 18027 245
18036 18059 132
18065 18104 292
18083 18107 264
18111 18158 56
18127 18141 127
18132 18138 279
18144 18187 49
18163 18186 50
18186 18224 15
18187 18229 180
18195 18199 186
18216 18236 225
18222 18261 51
18225 18274 137
18228 18244 131
18251 18297 88
18254 18270 216
18284 18300 60
18296 18309 46
18297 18344 103
18301 18315 134
18315 18362 32
18345 18390 263
18346 18386 108
18375 18419 251
18392 18407 176
18392 18437 72
18395 18418 142
18423 18436 292
18426 18476 263
18442 18465 6
18444 18445 151
18473 18490 35
18491 18504 215
18507 18539 180
18513 18550 112
18538 18558 294
18550 18572 204
18564 18566 276
18574 18615 49
18603 18638 184
18629 18643 189
18636 18668 117
18665 18677 263
18692 18712 81
18715 18741 200
18728 18765 113
18729 18772 107
18733 18777 231
18739 18780 288
18748 18794 276
18752 18787 187
18773 18821 32
18803 18810 92
18823 18865 156
18835 18873 235
18841 18881 163
18848 18892 9
18863 18880 12
18871 18902 227
18886 18923 146
18893 18915 85
18915 18949 159
18930 18968 125
18930 18973 226
18955 18992 64
18981 18997 290
18991 19003 240
18992 19026 24
19012 19039 191
19021 19027 19
19030 19042 85
19052 19092 19
19053 19055 71
19054 19087 217
19076 19100 55
19093 19101 83
19109 19159 164
19122 19158 62
19136 19141 64
19138 19175 51
19167 19183 287
19196 19243 53
19212 19244 32
19233 19243 179
19252 19270 268
19272 19322 33
19288 19334 89
19304 19326 15
19310 19350 87
19337 19354 286
19367 19416 144
19375 19385 112
19401 19428 149
19420 19442 38
19423 19450 29
19438 19485 67
19452 19460 96
19475 19503 23
19480 19482 2
19493 19537 170
19505 19523 256
19508 19527 263
19527 19534 114
19542 19574 166
19546 19576 169
19548 19550 253
19553 19566 134
19573 19614 295
19594 19613 299
19623 19653 256
19626 19641 53
19641 19644 115
19670 19692 183
19695 19720 199
19713 19714 116
19731 19742 145
19732 19753 176
19758 19797 48
19759 19782 227
19786 19835 271
19811 19837 185
19813 19855 29
19818 19848 83
19822 19854 172
19847 19891 212
19868 19908 23
19880 19901 81
19904 19906 96
19916 19942 178
19944 19979 20
19967 19969 270
19971 20018 145
19978 20027 124
19981 20030 178
19991 20037 219
20020 20044 296
20021 20051 220
20048 20090 105
20068 20086 202
20096 20109 300
20114 20149 108
20134 20167 39
20162 20187 194
20174 20185 111
20176 20221 59
20204 20226 123
20233 20266 223
20241 20254 230
20256 20302 152
20282 20292 23
20309 20337 91
20314 20347 192
20317 20365 51
20317 20325 255
20329 20333 170
20331 20344 93
20338 20350 73
20366 20386 139
20387 20422 221
20389 20404 41
20411 20461 147
20411 20461 262
20415 20439 146
20445 20464 71
20462 20464 135
20487 20491 260
20495 20524 29
20517 20526 140
20542 20587 103
20569 20587 276
20585 20596 239
20614 20652 267
20618 20643 166
20636 20656 244
20666 20710 173
20692 20723 195
20709 20728 177
20731 20772 180
20760 20796 180
20776 20826 268
20782 20823 281
20808 20838 221
20822 20850 108
20844 20859 241
20853 20881 45
20880 20909 55
20903 20908 84
20906 20940 31
20926 20974 295
20927 20932 23
20956 20984 198
20975 20998 42
20982 21017 242
21009 21029 146
21036 21042 113
21051 21076 274
21053 21073 19
21080 21121 74
21084 21102 11
21109 21150 243
21123 21126 210
21134 21158 54
21139 21166 164
21154 21191 91
21164 21179 88
21192 21202 104
21211 21224 197
21229 21259 24
21256 21269 136
21258 21285 284
21281 21315 61
21293 21328 179
21318 21347 81
21337 21348 157
21339 21375 88
21358 21404 40
21377 21406 76
21396 21408 151
21421 21468 118
21430 21438 112
21447 21465 31
21477 21497 164
21489 21516 260
21508 21542 114
21508 21534 251
21509 21536 103
21532 21573 207
21536 21563 141
21555 21596 184
21557 21569 136
21565 21583 248
21575 21600 215
21584 21620 161
21600 21634 208
21619 21638 66
21624 21647 162
21633 21657 153
21637 21657 216
21643 21646 249
21649 21660 240
21674 21700 43
21695 21698 167
21714 21745 2
21723 21773 146
21750 21753 118
21758 21769 26
21771 21799 19
21780 21823 141
21801 21851 129
21820 21855 293
21849 21863 194
21858 21890 166
21861 21909 16
21882 21926 225
21888 21892 66
21890 21933 101
21898 21934 151
21901 21906 96
21915 21952 38
21933 21935 225
21939 21982 64
21962 22005 165
21977 22021 134
21985 22021 31
22015 22042 66
22016 22018 160
22040 22055 230
22046 22084 291
22071 22113 113
22083 22133 300
22084 22085 115
22108 22155 153
22116 22118 267
22123 22128 179
22151 22167 173
22170 22203 136
22196 22226 227
22215 22264 58
22229 22248 7
22248 22286 252
22257 22277 18
22286 22300 261
22313 22349 78
22318 22348 291
22325 22368 21
22352 22398 249
22377 22390 175
22392 22412 131
22406 22413 108
22421 22448 31
22423 22436 132
22438 22487 196
22462 22501 213
22464 22482 235
22477 22478 255
22491 22540 38
22521 22525 190
22550 22563 181
22565 22571 224
22587 22601 198
22617 22633 195
22629 22654 174
22657 22698 197
22683 22714 130
22702 22739 13
22707 22754 153
22717 22755 210
22725 22753 284
22753 22797 197
22763 22794 273
22779 22809 277
22800 22850 166
22829 22874 168
22858 22890 209
22871 22900 269
22883 22896 284
22889 22902 249
22896 22908 94
22923 22951 119
22934 22957 168
22945 22973 220
22960 23005 196
22974 23008 145
22990 23025 218
23014 23048 81
23023 23031 71
23051 23096 192
23079 23082 191
23092 23100 53
23095 23127 61
23095 23133 281
23106 23119 110
23125 23127 50
23146 23162 80
23161 23163 151
23176 23220 162
23194 23195 57
23206 23233 227
23214 23243 295
23232 23273 106
23248 23262 46
23259 23293 177
23262 23265 112
23266 23295 247
23293 23334 42
23296 23325 168
23314 23323 33
23320 23368 209
23334 23350 267
23337 23377 48
23355 23393 242
23379 23400 235
23382 23385 73
23398 23402 137
23412 23460 207
23437 23441 80
23461 23509 274
23469 23511 5
23486 23520 171
23501 23527 76
23517 23550 161
23525 23541 24
23547 23572 48
23577 23625 103
23592 23629 65
23593 23624 72
23616 23637 222
23633 23677 149
23663 23671 201
23673 23680 75
23687 23698 15
23706 23715 177
23718 23742 131
23742 23746 168
23767 23807 176
23793 23797 65
23794 23819 286
23800 23841 191
23818 23822 188
23838 23888 187
23859 23894 9
23879 23917 291
23905 23921 53
23908 23938 20
23926 23972 175
23953 23995 275
23955 24003 161
23967 23972 246
23992 24001 282
24012 24061 279
24038 24040 120
24044 24070 252
24065 24074 236
24084 24087 29
24100 24123 65
24119 24140 268
24134 24159 217
24144 24179 45
24169 24184 79
24180 24191 62
24182 24207 169
24198 24207 212
24221 24239 102
24239 24286 6
24243 24286 149
24261 24307 209
24264 24265 13
24278 24325 90
24288 24328 42
24296 24342 170
24307 24319 43
24325 24367 140
24335 24366 140
24354 24387 95
24373 24376 186
24390 24418 52
24411 24420 165
24419 24439 289
24436 24479 246
24441 24454 283
24459 24487 77
24469 24474 169
24494 24519 274
24508 24545 170
24536 24572 196
24555 24570 289
24585 24588 266
24594 24644 135
24597 24614 294
24623 24641 48
24627 24667 245
24640 24670 219
24656 24678 155
24680 24728 247
24689 24730 36
24704 24715 2
24708 24750 166
24718 24748 292
24738 24752 21
24762 24772 54
24784 24827 58
24803 24824 189
24832 24879 139
24847 24889 276
24877 24921 77
24901 24909 15
24929 24949 64
24932 24956 70
24943 24971 16
24948 24987 57
24975 25013 50
24984 25013 47
25004 25037 93
25004 25044 252
25013 25027 282
25041 25076 6
25044 25073 94
25045 25083 207
25050 25054 216
25054 25066 218
25062 25078 143
25087 25090 300
25112 25156 12
25119 25131 267
25119 25125 206
25146 25185 190
25150 25191 184
25165 25179 114
25188 25195 6
25203 25216 89
25218 25256 148
25226 25267 210
25248 25281 240
25258 25299 27
25274 25319 231
25291 25306 248
25291 25341 174
25294 25324 55
25309 25356 18
25321 25360 275
25323 25373 294
25337 25361 140
25348 25362 216
25354 25359 203
25362 25372 134
25371 25404 299
25396 25438 65
25418 25441 293
25442 25469 96
25457 25462 138
25475 25516 100
25476 25499 223
25503 25523 67
25524 25541 131
25527 25556 5
25540 25562 34
25567 25614 48
25597 25602 199
25627 25649 16
25635 25681 191
25655 25704 285
25662 25710 130
25681 25729 113
25706 25717 278
25726 25733 140
25728 25769 151
25735 25756 96
25742 25775 104
25766 25796 214
25779 25799 53
25807 25818 287
25820 25866 52
25829 25851 221
25837 25882 193
25857 25888 267
25860 25900 57
25864 25903 224
25891 25927 97
25896 25900 265
25898 25900 130
25910 25940 274
25922 25947 279
25946 25986 112
25968 25975 112
25993 26010 1
26008 26012 70
26027 26034 185
26045 26071 297
26053 26070 14
26073 26117 139
26079 26090 171
26100 26130 48
26122 26146 201
26143 26190 208
26166 26167 12
26192 26230 228
26192 26215 58
26222 26255 91
26247 26289 166
26267 26309 119
26294 26309 44
26310 26336 264
26333 26342 165
26356 26372 235
26372 26374 206
26399 26448 205
26399 26415 224
26411 26450 15
26441 26476 118
26447 26448 39
26477 26497 204
26487 26491 250
26509 26549 104
26530 26562 61
26553 26572 101
26579 26614 21
26582 26585 95
26603 26647 175
26606 26655 102
26610 26653 223
26616 26649 111
26624 26668 133
26626 26672 147
26643 26652 67
26660 26688 100
26682 26717 218
26683 26699 139
26683 26710 130
26702 26734 220
26728 26763 293
26756 26790 287
26768 26806 124
26797 26832 55
26827 26848 289
26846 26854 28
26849 26869 49
26877 26886 227
26907 26912 189
26918 26920 287
26940 26985 197
26950 26978 185
26972 26995 224
26988 26997 271
27008 27032 198
27026 27067 253
27035 27068 272
27052 27089 111
27063 27064 109
27065 27109 48
27087 27119 28
27108 27141 294
27131 27172 1
27155 27201 78
27166 27214 127
27190 27236 16
27214 27235 112
27220 27227 2
27222 27226 282
27235 27280 102
27248 27258 35
27274 27318 266
27301 27345 181
27310 27345 137
27321 27355 4
27331 27349 92
27353 27402 71
27356 27395 183
27360 27376 54
27367 27415 108
27368 27413 141
27368 27414 77
27381 27429 286
27393 27397 66
27396 27399 13
27412 27431 285
27412 27449 42
27428 27458 258
27436 27456 58
27449 27491 164
27470 27478 270
27476 27488 98
27482 27514 250
27509 27540 25
27524 27547 230
27552 27572 40
27566 27584 258
27571 27572 220
27578 27600 96
27608 27631 141
27624 27643 252
27632 27658 275
27634 27647 178
27647 27679 92
27665 27678 3
27670 27706 235
27687 27734 153
27710 27728 189
27729 27761 32
27759 27784 156
27771 27773 99
27788 27816 155
27791 27834 75
27806 27840 198
27827 27871 130
27830 27843 272
27850 27887 179
27850 27873 112
27856 27904 63
27858 27894 148
27867 27872 168
27886 27924 164
27915 27960 209
27926 27973 15
27945 27970 185
27963 27991 165
27982 28024 80
27999 28005 7
28013 28038 20
28025 28039 122
28043 28045 11
28063 28084 157
28072 28103 72
28074 28112 46
28079 28115 166
28082 28131 190
28088 28101 89
28103 28131 203
28132 28166 206
28162 28168 278
28163 28191 175
28188 28225 136
28215 28224 168
28243 28244 83
28269 28278 209
28293 28304 60
28303 28318 103
28304 28316 198
28316 28360 279
28346 28392 279
28374 28381 173
28385 28422 185
28408 28453 133
28411 28460 257
28413 28424 49
28429 28445 178
28436 28457 246
28463 28511 55
28480 28524 91
28493 28537 267
28516 28547 57
28518 28546 14
28523 28547 290
28542 28559 99
28546 28556 52
28573 28618 71
28598 28601 233
28600 28619 128
28610 28641 143
28622 28660 168
28622 28668 178
28634 28664 139
28635 28661 195
28635 28652 45
28636 28642 59
28654 28666 256
28666 28701 137
28673 28706 22
28703 28740 45
28713 28725 83
28736 28741 35
28738 28780 45
28741 28771 297
28762 28787 48
28786 28811 20
28796 28802 149
28820 28836 136
28835 28856 298
28860 28906 193
28871 28882 137
28896 28902 9
28916 28928 37
28920 28922 262
28940 28981 68
28964 29003 102
28987 29020 273
28994 29002 230
29009 29040 140
29037 29080 33
29053 29059 242
29069 29091 187
29095 29105 266
29101 29115 74
29107 29112 30
29122 29136 27
29122 29126 155
29133 29168 14
29146 29191 31
29159 29160 139
29186 29225 107
29186 29209 244
29208 29239 190
29209 29259 36
29231 29232 227
29253 29279 42
29259 29264 236
29284 29306 156
29303 29334 139
29332 29356 13
29335 29358 1
29354 29389 75
29384 29404 140
29407 29445 65
29410 29432 278
29417 29422 158
29431 29474 200
29439 29467 46
29448 29497 132
29459 29475 265
29464 29500 126
29476 29494 140
29486 29506 18
29498 29502 5
29512 29543 151
29541 29551 196
29549 29578 197
29569 29596 27
29598 29623 134
29602 29632 134
29616 29637 154
29628 29678 158
29653 29688 236
29657 29679 224
29659 29702 2
29671 29681 9
29676 29693 211
29678 29714 260
29683 29695 245
29713 29761 125
29730 29736 290
29736 29754 204
29738 29755 275
29764 29772 51
29777 29808 134
29793 29801 87
29813 29830 24
29818 29825 230
29845 29891 146
29864 29884 300
29879 29891 195
29889 29905 203
29889 29925 275
29908 29928 207
29911 29920 294
29937 29978 153
29943 29945 167
29953 29987 274
29978 30020 56
29988 29989 98
30012 30032 250
30021 30046 125
30039 30048 141
30058 30078 288
30080 30096 4
30088 30102 167
30106 30155 230
30123 30162 238
30135 30144 115
30141 30155 96
30147 30191 215
30157 30187 37
30166 30210 58
30192 30196 114
30198 30212 286
30227 30237 38
30227 30271 9
30230 30239 122
30245 30249 133
30261 30301 289
30285 30288 198
30315 30347 287
30337 30381 242
30339 30386 124
30341 30357 239
30353 30393 166
30359 30403 42
30363 30376 289
30370 30371 49
30390 30425 163
30401 30423 258
30423 30457 169
30440 30465 64
30460 30466 244
30467 30503 89
30497 30539 250
30498 30502 232
30498 30518 235
30500 30502 137
30517 30520 152
30538 30557 68
30555 30580 261
30577 30583 36
30601 30644 80
30615 30655 118
30627 30666 249
30646 30668 232
30646 30661 178
30658 30667 229
30683 30701 41
30691 30696 126
30714 30747 129
30717 30749 94
30717 30737 121
30743 30786 134
30754 30777 196
30774 30802 174
30792 30811 177
30792 30811 48
30822 30869 267
30836 30881 178
30849 30877 271
30864 30912 76
30865 30905 170
30873 30898 45
30886 30919 155
30887 30889 135
30917 30920 298
30920 30956 194
30931 30961 153
30933 30955 17
30944 30990 27
30951 30970 148
30963 30987 253
30966 31006 13
30992 31017 208
30997 31013 231
31016 31046 243
31030 31073 91
31041 31044 215
31069 31098 207
31093 31116 222
31100 31145 53
31105 31124 184
31117 31152 137
31125 31169 272
31128 31146 256
31147 31173 73
31163 31165 260
31180 31223 63
31187 31206 213
31193 31213 98
31215 31247 153
31227 31272 174
31237 31258 47
31249 31269 154
31275 31311 284
31279 31323 286
31280 31304 215
31303 31337 170
31326 31363 213
31356 31380 110
31370 31410 167
31383 31412 152
31398 31444 108
31427 31469 231
31433 31475 230
31435 31475 54
31444 31474 34
31445 31484 182
31456 31495 218
31486 31526 168
31486 31534 201
31488 31503 158
31507 31522 278
31532 31536 13
31555 31588 115
31568 31615 93
31579 31594 187
31592 31631 221
31602 31613 42
31625 31666 126
31636 31665 51
31647 31684 216
31664 31677 123
31672 31704 52
31697 31708 259
31721 31744 13
31735 31747 116
31761 31799 280
31784 31792 255
31806 31808 42
31820 31825 105
31847 31871 169
31860 31904 256
31871 31887 151
31878 31893 141
31880 31914 254
31897 31902 45
31917 31937 263
31943 31971 293
31963 32000 299
31964 31979 296
31970 32009 165
31998 32030 99
32021 32037 126
32022 32026 292
32023 32027 229
32030 32052 244
32046 32080 181
32065 32078 191
32093 32113 88
32113 32144 2
32120 32159 292
32147 32148 108
32177 32210 39
32207 32242 256
32207 32208 227
32234 32276 32
32255 32289 273
32263 32283 293
32293 32338 138
32294 32307 101
32324 32351 127
32348 32367 190
32354 32367 152
32384 32423 178
32411 32438 149
32414 32436 222
32435 32468 203
32444 32486 236
32454 32472 190
32464 32492 297
32469 32491 174
32494 32543 174
32509 32553 97
32537 32570 295
32556 32602 264
32561 32609 115
32591 32610 153
32603 32630 87
32616 32622 188
32644 32672 97
32668 32678 212
32688 32712 44
32694 32738 199
32706 32724 216
32728 32757 116
32742 32774 26
32748 32781 108
32770 32790 246
32788 32793 93
32809 32858 265
32822 32828 19
32823 32838 209
32825 32829 109
32837 32846 10
32842 32874 144
32853 32897 77
32868 32899 48
32874 32901 155
32904 32946 151
32912 32923 156
32924 32932 181
32942 32953 171
32964 32999 123
32992 33037 41
33009 33011 158
33016 33021 293
33045 33091 250
33074 33077 53
33099 33149 109
33121 33130 113
33147 33169 156
33153 33199 210
33183 33198 200
33197 33235 100
33224 33228 161
33229 33238 293
33233 33248 15
33260 33271 184
33274 33309 145
33300 33328 14
33303 33334 194
33332 33336 218
33362 33387 211
33375 33421 78
33402 33437 226
33424 33456 267
33448 33497 212
33470 33516 183
33491 33519 282
33502 33523 197
33511 33553 223
33526 33575 259
33528 33570 90
33530 33564 96
33549 33591 41
33559 33591 58
33579 33609 81
33608 33617 224
33628 33657 117
33651 33655 9
33659 33688 149
33680 33694 181
33684 33695 190
33714 33750 28
33732 33747 228
33738 33743 38
33745 33774 249
33763 33807 120
33776 33805 146
33786 33788 83
33791 33800 242
33796 33798 94
33801 33827 253
33818 33821 46
33827 33855 54
33857 33864 3
33868 33885 12
33896 33945 125
33917 33918 171
33944 33993 85
33945 33962 29
33953 34001 131
33954 33990 20
33963 33997 115
33964 33974 244
33986 34001 228
33993 34034 199
34002 34009 55
34006 34047 187
34018 34053 165
34045 34095 143
34048 34097 112
34066 34113 228
34072 34105 20
34088 34091 97
34088 34135 167
34102 34145 293
34107 34125 179
34118 34157 114
34129 34155 165
34153 34159 285
34167 34209 240
34180 34209 124
34191 34226 196
34205 34223 69
34209 34223 89
34223 34251 214
34247 34251 98
34255 34276 288
34268 34304 113
34278 34290 17
34305 34328 283
34334 34337 62
34355 34383 125
34355 34364 140
34371 34399 154
34381 34403 86
34403 34428 38
34417 34454 47
34424 34467 279
34429 34447 100
34439 34480 78
34445 34451 223
34466 34504 216
34494 34501 174
34513 34553 130
34519 34566 71
34531 34560 240
34535 34556 15
34542 34590 196
34553 34593 270
34580 34613 246
34606 34617 142
34636 34670 29
34656 34694 217
34685 34712 234
34694 34728 38
34720 34728 278
34729 34730 160
34735 34758 152
34736 34768 69
34754 34777 284
34759 34801 124
34779 34823 212
34801 34811 197
34824 34846 35
34835 34852 219
34852 34881 28
34864 34880 145
34870 34893 65
34874 34876 63
34892 34927 276
34902 34923 230
34909 34924 136
34929 34936 211
34943 34959 168
34971 35021 179
34989 35006 177
35001 35048 207
35025 35065 242
35025 35063 88
35044 35048 182
35066 35089 83
35075 35080 96
35098 35116 1
35099 35102 145
35127 35131 43
35134 35174 40
35158 35167 62
35176 35212 287
35187 35233 248
35215 35248 154
35240 35277 172
35244 35249 257
35259 35286 259
35286 35292 37
35315 35365 205
35330 35361 176
35344 35370 219
35352 35365 76
35380 35424 45
35401 35402 121
35421 35468 213
35425 35443 34
35452 35498 32
35480 35526 44
35492 35503 119
35512 35533 97
35541 35561 263
35560 35580 51
35573 35614 125
35603 35640 115
35610 35647 286
35635 35646 106
35652 35692 51
35664 35685 104
35666 35681 104
35694 35736 300
35705 35722 247
35708 35756 27
35719 35754 127
35722 35725 273
35734 35761 22
35751 35791 136
35762 35801 287
35788 35808 289
35795 35833 159
35824 35847 229
35831 35844 223
35838 35868 65
35854 35861 161
35870 35887 156
35898 35934 12
35924 35936 245
35931 35980 152
35957 35972 152
35962 35981 178
35987 35998 170
35999 36043 21
36017 36036 122
36046 36063 74
36051 36093 70
36060 36075 278
36084 36089 14
36092 36098 144
36101 36136 250
36104 36105 282
36131 36148 216
36142 36158 152
36164 36186 206
36170 36214 290
36195 36198 174
36204 36230 159
36219 36250 274
36223 36238 19
36238 36246 19
36264 36296 213
36285 36307 115
36297 36310 83
36319 36338 30
36329 36373 225
36350 36358 296
36374 36382 101
36374 36409 66
36375 36403 208
36404 36427 165
36407 36437 250
36416 36434 179
36427 36443 29
36454 36501 53
36474 36511 258
36487 36503 130
36490 36492 142
36501 36505 110
36511 36536 281
36532 36547 3
36546 36580 60
36556 36557 68
36557 36562 218
36559 36587 254
36570 36587 59
36583 36608 124
36595 36622 144
36619 36658 33
36635 36685 76
36662 36683 285
36665 36711 242
36669 36692 31
36678 36728 147
36695 36731 31
36723 36740 58
36725 36733 237
36732 36746 298
36750 36763 284
36770 36773 40
36779 36822 123
36803 36824 243
36830 36855 51
36856 36859 181
36859 36868 93
36880 36900 281
36909 36942 192
36927 36949 84
36940 36975 18
36967 36972 57
36973 36980 56
37000 37048 32
37023 37057 258
37049 37072 277
37072 37112 70
37085 37088 149
37100 37148 78
37125 37166 181
37143 37152 168
37162 37170 146
37176 37218 74
37201 37226 109
37228 37245 257
37255 37298 44
37276 37286 291
37298 37332 9
37314 37357 218
37331 37345 210
37353 37364 249
37372 37383 283
37387 37394 211
37406 37438 281
37425 37429 77
37447 37457 48
37470 37516 46
37497 37516 99
37523 37530 121
37536 37566 137
37560 37581 73
37572 37602 23
37572 37602 154
37598 37628 250
37616 37647 154
37643 37664 56
37666 37713 9
37669 37691 283
37672 37695 236
37694 37700 9
37705 37730 284
37720 37754 202
37750 37769 133
37777 37814 63
37796 37823 118
37801 37845 10
37804 37818 221
37821 37868 188
37834 37882 22
37861 37878 215
37867 37880 13
37878 37892 16
37881 37900 86
37905 37934 94
37931 37966 229
37955 38005 216
37975 37980 173
37999 38009 238
38003 38041 191
38032 38050 261
38053 38092 76
38066 38071 274
38075 38118 267
38089 38121 278
38110 38117 158
38115 38121 53
38132 38139 44
38152 38166 242
38169 38212 143
38181 38230 105
38193 38197 281
38200 38245 204
38230 38247 14
38241 38291 259
38262 38300 174
38269 38274 51
38280 38281 192
38298 38317 82
38315 38319 134
38326 38350 128
38345 38388 191
38373 38386 78
38382 38394 243
38412 38461 29
38438 38470 286
38461 38495 12
38475 38525 182
38498 38547 178
38501 38515 70
38524 38540 235
38551 38587 158
38556 38585 59
38574 38597 70
38596 38621 3
38617 38635 85
38646 38653 203
38667 38681 47
38670 38696 207
38689 38706 43
38713 38750 43
38736 38767 107
38758 38760 294
38764 38799 82
38766 38786 139
38766 38784 285
38785 38810 288
38804 38837 154
38815 38823 84
38826 38850 204
38842 38849 2
38848 38864 9
38868 38898 91
38881 38899 206
38891 38934 51
38913 38928 261
38923 38941 6
38923 38933 92
38949 38982 268
38959 38986 83
38965 38971 228
38980 39020 112
38983 39027 96
39012 39031 136
39014 39061 204
39016 39050 90
39022 39040 168
39045 39073 268
39068 39117 216
39070 39094 188
39075 39115 194
39081 39100 191
39109 39138 197
39135 39169 100
39144 39158 233
39159 39203 116
39162 39174 217
39190 39224 49
39190 39235 88
39210 39220 296
39217 39220 117
39222 39234 3
39235 39266 15
39256 39266 89
39257 39267 84
39273 39322 206
39303 39305 226
39316 39342 198
39323 39351 87
39341 39357 64
39357 39369 51
39384 39427 283
39386 39396 271
39388 39437 193
39397 39432 9
39420 39452 177
39423 39446 236
39431 39443 9
39436 39477 245
39436 39476 18
39440 39489 129
39453 39483 202
39466 39476 65
39493 39528 39
39499 39543 130
39520 39552 117
39524 39539 19
39525 39557 272
39540 39566 22
39555 39568 159
39575 39625 162
39577 39608 127
39607 39623 176
39620 39651 123
39641 39684 275
39657 39706 184
39671 39709 221
39677 39705 247
39687 39690 92
39707 39748 9
39709 39724 221
39729 39759 105
39740 39790 156
39756 39772 99
39763 39807 96
39793 39836 267
39807 39827 140
39808 39813 281
39818 39868 249
39832 39834 147
39844 39891 39
39858 39878 259
39887 39896 273
39893 39930 69
39917 39920 21
39919 39964 29
39939 39952 110
39952 40002 238
39956 39982 135
39960 40000 10
39970 39984 136
39991 39997 80
40020 40046 154
40028 40073 17
40038 40049 45
40067 40112 194
40092 40123 41
40099 40106 145
40125 40130 201
40155 40197 44
40159 40162 116
40187 40204 177
40200 40216 54
40205 40233 145
40223 40264 136
40234 40274 192
40238 40286 77
40251 40274 93
40274 40323 38
40290 40332 85
40297 40344 231
40298 40344 113
40318 40339 42
40326 40338 56
40349 40353 133
40350 40362 166
40369 40407 168
40369 40396 162
40378 40407 102
40378 40427 247
40397 40401 9
40420 40435 248
40444 40466 58
40451 40490 260
40453 40469 238
40478 40494 157
40508 40523 255
40538 40567 141
40547 40582 131
40551 40554 145
40578 40608 176
40589 40615 272
40594 40626 104
40615 40627 50
40632 40642 19
40643 40664 59
40666 40668 65
40687 40703 290
40700 40717 179
40721 40730 83
40729 40774 189
40755 40776 224
40769 40793 236
40788 40794 232
40805 40808 82
40833 40862 148
40852 40901 33
40868 40916 274
40876 40900 25
40882 40886 291
40895 40933 240
40901 40908 190
40922 40930 129
40946 40977 161
40956 40980 220
40985 41022 80
41012 41040 183
41042 41075 178
41062 41073 171
41089 41094 289
41112 41118 199
41115 41160 228
41123 41130 283
41134 41163 159
41141 41165 103
41142 41192 94
41168 41210 226
41192 41198 212
41218 41232 278
41236 41281 79
41252 41298 126
41280 41329 299
41282 41329 186
41303 41340 287
41328 41330 52
41349 41351 18
41374 41417 35
41384 41397 274
41392 41399 162
41398 41427 23
41401 41406 131
41414 41438 21
41415 41427 144
41419 41424 257
41435 41448 184
41461 41504 14
41481 41522 87
41486 41515 236
41510 41554 205
41518 41552 91
41537 41550 163
41550 41564 98
41554 41591 16
41579 41620 208
41585 41599 255
41599 41635 274
41606 41647 81
41629 41643 208
41649 41685 286
41654 41667 10
41663 41671 72
41677 41687 152
41703 41728 34
41722 41743 170
41735 41763 221
41737 41771 53
41753 41803 132
41782 41786 258
41800 41831 110
41803 41820 64
41810 41820 50
41819 41833 205
41846 41878 23
41857 41859 56
41871 41886 171
41879 41915 20
41896 41920 67
41917 41940 14
41943 41990 28
41962 42010 249
41990 42016 13
42015 42043 199
42032 42043 280
42058 42088 210
42078 42109 189
42102 42146 107
42111 42116 96
42121 42170 174
42130 42165 191
42139 42172 214
42154 42197 221
42163 42196 52
42165 42187 246
42181 42202 104
42187 42236 164
42215 42234 29
42226 42251 54
42239 42254 132
42249 42279 266
42279 42302 115
42284 42309 115
42294 42343 97
42299 42343 140
42308 42325 109
42330 42364 194
42335 42362 30
42348 42398 86
42352 42395 77
42372 42420 247
42388 42411 231
42411 42456 251
42438 42467 15
42467 42503 203
42473 42480 103
42483 42506 210
42496 42543 34
42517 42562 294
42532 42563 17
42535 42571 277
42548 42580 185
42548 42564 234
42555 42559 248
42582 42584 57
42591 42636 278
42609 42644 32
42632 42658 63
42633 42636 55
42652 42667 188
42666 42680 121
42670 42674 16
42678 42727 39
42701 42739 173
42712 42715 73
42727 42733 10
42739 42754 35
42743 42752 108
42767 42776 175
42784 42806 297
42792 42830 115
42813 42822 170
42842 42884 252
42871 42915 285
42881 42909 22
42906 42956 217
42912 42926 247
42914 42949 32
42914 42921 61
42932 42981 224
42961 42995 3
42971 42978 53
42974 42989 245
42997 43011 237
43027 43067 108
43033 43059 196
43042 43078 202
43051 43096 129
43054 43087 240
43078 43106 230
43089 43123 147
43116 43142 168
43144 43192 62
43169 43183 162
43179 43222 34
43194 43227 61
43218 43229 296
43222 43247 60
43252 43290 255
43276 43284 149
43299 43314 294
43299 43344 58
43318 43349 13
43341 43372 77
43361 43382 225
43361 43381 215
43379 43400 63
43396 43397 173
43426 43443 83
43444 43481 125
43447 43452 89
43460 43466 35
43471 43493 284
43499 43522 69
43500 43516 176
43520 43559 152
43536 43570 12
43553 43576 207
43567 43588 141
43581 43602 5
43586 43630 220
43612 43655 154
43618 43658 214
43642 43674 94
43667 43692 73
43679 43685 80
43685 43729 159
43687 43734 20
43698 43724 265
43717 43726 199
43736 43767 123
43761 43803 175
43785 43833 51
43801 43810 158
43803 43829 245
43814 43818 195
43820 43823 160
43821 43846 122
43845 43871 291
43867 43904 235
43869 43873 136
43887 43897 200
43897 43903 25
43927 43973 41
43928 43937 51
43941 43975 291
43949 43956 251
43975 43986 260
43995 44036 30
43995 44044 170
44012 44035 3
44014 44046 17
44025 44036 23
44035 44063 67
44051 44074 251
44054 44060 248
44058 44095 91
44077 44099 273
44081 44116 49
44102 44141 92
44116 44166 58
44142 44152 41
44151 44170 231
44171 44200 101
44194 44201 113
44204 44233 125
44223 44267 67
44248 44261 265
44257 44267 299
44272 44294 102
44284 44315 196
44301 44329 168
44309 44330 166
44311 44347 134
44335 44378 241
44345 44391 279
44354 44377 42
44382 44426 92
44390 44423 103
44408 44425 141
44422 44432 146
44450 44488 134
44451 44490 267
44456 44467 162
44461 44473 295
44481 44488 6
44510 44517 39
44514 44537 285
44522 44556 185
44544 44567 209
44548 44586 295
44577 44594 267
44588 44592 294
44591 44593 101
44611 44638 10
44627 44652 194
44644 44652 295
44656 44680 13
44684 44718 222
44708 44750 206
44727 44731 206
44743 44757 212
44763 44789 30
44778 44788 60
44793 44812 126
44823 44859 181
44851 44866 116
44857 44900 114
44863 44889 237
44868 44909 164
44872 44875 77
44881 44894 149
44892 44898 267
44902 44925 281
44909 44941 69
44912 44933 57
44940 44957 170
44966 44975 155
44990 45038 69
45020 45062 256
45039 45066 8
45051 45056 237
45063 45085 225
45064 45095 263
45089 45090 64
45104 45129 287
45116 45156 64
45123 45170 204
45124 45167 292
45140 45149 129
45169 45172 167
45178 45211 221
45206 45227 55
45214 45221 82
45239 45264 43
45258 45266 30
45284 45333 241
45293 45316 216
45296 45314 24
45302 45327 235
45314 45361 56
45326 45356 279
45327 45355 276
45355 45378 85
45366 45407 177
45377 45427 235
45378 45381 156
45396 45428 128
45415 45457 216
45426 45452 240
45439 45472 186
45446 45471 183
45465 45473 294
45471 45476 160
45485 45524 92
45514 45518 119
45531 45579 174
45551 45596 262
45552 45562 73
45578 45593 52
45594 45644 269
45596 45636 24
45619 45620 279
45621 45659 237
45623 45664 46
45638 45667 166
45640 45685 127
45640 45689 182
45653 45680 159
45661 45668 26
45664 45707 109
45667 45715 262
45695 45735 83
45699 45714 59
45729 45731 79
45751 45764 175
45755 45783 196
45784 45821 117
45784 45792 171
45814 45855 49
45842 45867 190
45861 45884 68
45883 45904 72
45893 45916 262
45908 45923 198
45929 45966 95
45932 45956 47
45942 45960 111
45955 45976 138
45981 46000 34
46003 46051 216
46003 46043 90
46033 46056 137
46048 46088 99
46052 46054 156
46054 46079 89
46082 46092 181
46102 46145 223
46116 46137 8
46133 46175 280
46138 46176 36
46150 46185 219
46154 46199 15
46178 46185 72
46191 46228 284
46200 46231 213
46230 46252 286
46258 46295 95
46260 46309 97
46264 46312 269
46276 46313 53
46298 46317 85
46304 46338 205
46305 46317 13
46308 46327 201
46331 46338 223
46334 46380 14
46354 46375 245
46382 46396 43
46404 46407 287
46429 46431 17
46435 46436 48
46465 46469 291
46468 46498 40
46483 46489 124
46489 46511 76
46514 46553 253
46544 46559 275
46562 46588 273
46574 46580 142
46577 46625 54
46590 46609 262
46614 46639 229
46616 46644 111
46628 46638 202
46657 46673 57
46686 46692 233
46715 46745 100
46733 46752 173
46748 46782 56
46777 46785 278
46807 46847 239
46820 46856 297
46840 46885 242
46860 46875 101
46866 46878 116
46867 46897 21
46871 46876 54
46899 46939 177
46903 46952 236
46922 46927 257
46933 46947 11
46957 47005 156
46984 46994 51
46986 47018 129
47008 47057 45
47023 47059 127
47023 47070 51
47035 47059 294
47065 47070 89
47078 47125 155
47081 47092 2
47091 47139 77
47097 47116 139
47123 47173 161
47137 47150 72
47141 47176 215
47147 47150 187
47156 47159 264
47173 47191 278
47181 47225 145
47193 47221 202
47211 47250 268
47233 47282 169
47237 47238 157
47256 47265 9
47268 47281 172
47289 47290 259
47295 47330 172
47303 47316 124
47324 47362 44
47342 47365 59
47356 47403 296
47376 47412 213
47404 47454 218
47422 47462 65
47444 47480 123
47464 47491 27
47491 47527 67
47519 47532 139
47536 47547 292
47536 47561 221
47539 47579 2
47547 47556 80
47553 47595 129
47554 47575 192
47568 47574 237
47583 47586 116
47610 47652 218
47619 47638 13
47628 47632 121
47648 47662 249
47662 47701 193
47682 47699 144
47705 47748 101
47718 47749 20
47745 47775 174
47747 47787 248
47768 47800 75
47787 47818 80
47793 47834 171
47801 47830 58
47823 47836 31
47825 47874 21
47847 47871 204
47868 47911 174
47871 47898 119
47882 47911 133
47904 47954 7
47905 47914 292
47929 47935 209
47942 47960 227
47962 48011 200
47981 47991 75
48009 48027 198
48025 48047 250
48034 48062 283
48050 48096 24
48072 48092 222
48091 48122 74
48110 48147 1
48117 48120 279
48137 48181 87
48138 48161 157
48162 48198 21
48168 48201 125
48188 48212 281
48203 48209 112
48225 48247 118
48228 48275 74
48239 48264 154
48261 48289 211
48282 48326 295
48284 48305 57
48312 48316 147
48327 48354 233
48327 48354 50
48349 48377 155
48363 48376 110
48384 48422 294
48404 48437 20
48406 48450 123
48432 48433 37
48446 48467 147
48467 48488 273
48491 48512 256
48504 48551 281
48532 48560 138
48554 48560 2
48556 48580 290
48569 48615 208
48579 48598 222
48597 48643 232
48624 48674 221
48628 48677 135
48641 48666 191
48659 48709 89
48660 48676 129
48663 48685 91
48667 48716 28
48688 48732 194
48715 48756 169
48733 48769 114
48738 48747 169
48768 48801 80
48768 48784 15
48792 48833 14
48797 48838 163
48810 48856 270
48822 48858 244
48827 48840 288
48839 48856 277
48860 48873 57
48867 48910 298
48885 48921 156
48891 48899 37
48899 48923 197
48910 48920 187
48930 48932 243
48943 48986 181
48969 49008 168
48990 49018 205
49018 49033 105
49026 49042 177
49037 49079 120
49042 49053 271
49063 49111 264
49086 49114 39
49107 49125 72
49107 49146 71
49113 49126 118
49115 49149 41
49134 49179 117
49159 49186 183
49176 49192 149
49184 49208 203
49199 49230 265
49201 49208 153
49229 49263 23
49251 49269 193
49268 49291 128
49297 49331 117
49303 49339 13
49304 49321 258
49305 49348 117
49318 49326 260
49345 49373 244
49349 49389 144
49349 49363 183
49374 49391 11
49389 49395 12
49389 49437 297
49412 49428 175
49427 49453 29
49446 49470 267
49463 49502 17
49477 49526 278
49484 49517 222
49484 49528 180
49497 49503 209
49507 49548 163
49524 49570 114
49527 49538 45
49538 49555 283
49556 49587 7
49570 49589 91
49581 49589 186
49584 49603 214
49588 49630 39
49613 49625 153
49621 49670 118
49621 49625 157
49624 49631 80
49646 49661 181
49660 49678 182
49685 49695 109
49695 49721 294
49700 49706 107
49728 49758 228
49735 49765 12
49746 49787 117
49761 49797 293
49782 49806 137
49791 49832 200
49812 49849 241
49815 49864 160
49830 49831 136
49851 49856 7
49873 49897 38
49878 49914 5
49902 49928 155
49917 49963 63
49941 49952 288
49970 50008 70
49984 50010 146
50003 50052 149
50013 50021 253
50031 50038 132
50039 50053 27
50059 50089 243
50088 50121 125
50092 50113 206
50100 50145 250
50103 50140 129
50123 50136 246
50148 50188 45
50161 50177 68
50172 50175 174
50201 50247 222
50216 50217 205
50221 50269 165
50223 50238 269
50229 50274 268
50259 50288 164
50268 50294 290
50273 50284 82
50292 50318 201
50306 50312 188
50322 50346 101
50323 50334 184
50329 50371 267
50355 50379 6
50376 50378 43
50380 50403 71
50403 50439 279
50417 50458 139
50441 50484 33
50470 50486 69
50489 50517 39
50501 50528 146
50524 50572 16
50524 50542 258
50552 50570 106
50558 50575 139
50583 50589 291
50594 50634 67
50601 50649 5
50607 50638 148
50612 50640 80
50628 50675 241
50641 50681 172
50660 50694 94
50681 50706 91
50704 50715 290
50734 50756 177
50750 50779 230
50761 50765 143
50773 50801 136
50791 50833 174
50809 50825 259
50827 50838 200
50827 50858 238
50837 50870 173
50858 50864 195
50858 50868 176
50858 50892 83
50875 50885 243
50891 50894 84
50917 50941 205
50934 50937 62
50943 50960 208
50947 50994 264
50966 50974 217
50993 51007 238
50996 51033 141
51011 51024 63
51024 51040 49
51046 51052 150
51062 51068 246
51073 51105 82
51085 51123 266
51113 51133 244
51132 51182 8
51144 51184 131
51172 51199 268
51194 51208 17
51200 51247 296
51219 51221 16
51234 51258 89
51241 51246 192
51253 51289 266
51256 51260 13
51260 51297 196
51264 51290 120
51268 51298 291
51288 51324 23
51298 51337 78
51311 51361 279
51340 51345 83
51342 51355 145
51347 51352 122
51367 51377 204
51395 51427 143
51398 51438 119
51423 51425 235
51427 51460 257
51430 51438 142
51437 51475 78
51461 51488 6
51479 51488 291
51496 51512 253
51524 51550 170
51551 51601 34
51580 51594 197
51608 51647 128
51611 51660 217
51635 51644 282
51635 51651 107
51639 51670 133
51641 51682 113
51643 51662 251
51659 51707 36
51660 51684 68
51660 51691 291
51677 51707 270
51682 51713 98
51689 51726 229
51706 51731 188
51728 51745 142
51755 51805 7
51768 51814 166
51798 51806 279
51826 51827 58
51832 51837 88
51858 51876 162
51871 51880 157
51883 51893 203
51886 51912 51
51894 51899 275
51911 51956 205
51918 51956 99
51934 51958 2
51963 51977 100
51984 52029 34
52008 52047 224
52029 52039 47
52038 52040 38
52051 52071 183
52065 52076 216
52079 52116 295
52094 52131 73
52106 52132 82
52131 52180 299
52158 52186 147
52161 52211 255
52168 52207 122
52189 52238 171
52218 52261 176
52238 52239 11
52247 52286 15
52272 52299 231
52302 52329 18
52314 52339 63
52324 52348 73
52349 52392 48
52363 52371 4
52367 52408 248
52375 52410 116
52384 52431 49
52413 52441 85
52423 52430 293
52434 52468 269
52452 52496 28
52481 52506 45
52486 52536 161
52508 52513 57
52536 52578 219
52562 52563 53
52578 52609 155
52585 52629 49
52599 52631 275
52599 52642 183
52607 52619 210
52626 52629 272
52638 52681 201
52645 52662 191
52673 52685 199
52698 52726 5
52717 52737 28
52731 52756 94
52754 52779 119
52759 52800 223
52770 52799 158
52792 52824 204
52814 52817 235
52834 52869 9
52848 52858 297
52862 52869 116
52875 52923 53
52900 52917 196
52906 52910 144
52921 52943 54
52947 52972 153
52976 53009 192
52983 52996 300
52999 53028 7
53016 53062 54
53024 53069 127
53031 53047 143
53035 53060 133
53043 53068 294
53060 53081 209
53069 53097 292
53072 53109 70
53099 53136 256
53126 53147 93
53127 53138 202
53128 53156 105
53155 53160 52
53180 53219 280
53189 53231 209
53194 53207 238
53224 53242 215
53251 53271 269
53278 53328 247
53302 53326 99
53316 53328 147
53328 53360 264
53357 53376 279
53381 53412 23
53402 53451 281
53410 53425 72
53420 53455 179
53434 53468 1
53463 53471 117
53489 53514 119
53500 53521 278
53507 53537 104
53512 53526 158
53527 53537 281
53555 53584 71
53580 53603 33
53586 53633 204
53592 53634 198
53600 53637 68
53618 53667 20
53622 53652 26
53639 53641 154
53656 53688 15
53684 53717 70
53697 53732 25
53726 53750 207
53740 53769 120
53766 53794 161
53783 53814 262
53792 53793 69
53804 53816 241
53812 53828 207
53821 53842 57
53834 53858 56
53836 53878 25
53853 53872 64
53866 53874 237
53883 53908 113
53889 53898 192
53904 53934 153
53906 53911 152
53935 53936 299
53944 53991 185
53962 53975 109
53963 54007 108
53966 54013 198
53990 54014 90
54009 54010 41
54018 54036 188
54039 54075 9
54041 54076 191
54041 54083 218
54068 54112 290
54095 54141 78
54096 54127 281
54104 54121 239
54134 54141 123
54138 54188 72
54167 54187 129
54167 54186 73
54184 54232 246
54206 54256 172
54219 54269 54
54243 54289 255
54271 54297 80
54293 54300 182
54303 54304 228
54333 54351 57
54356 54365 157
54370 54390 195
54381 54402 24
54395 54421 144
54415 54419 300
54445 54489 223
54454 54481 208
54472 54495 249
54474 54509 283
54492 54497 26
54514 54540 49
54538 54558 178
54551 54570 153
54576 54582 300
54601 54628 84
54626 54649 127
54632 54646 37
54652 54687 244
54659 54682 15
54667 54716 248
54697 54724 216
54704 54709 216
54728 54770 46
54740 54777 253
54745 54761 117
54752 54792 290
54767 54785 199
54772 54790 298
54790 54813 177
54820 54850 100
54831 54840 204
54845 54860 57
54860 54903 143
54886 54895 4
54909 54926 227
54922 54931 167
54947 54978 126
54949 54994 204
54975 54979 20
54977 54990 54
54977 55016 108
54983 55010 258
55011 55047 53
55013 55024 248
55029 55076 172
55030 55034 230
55038 55088 38
55046 55074 107
55052 55094 166
55078 55109 165
55091 55119 85
55099 55123 7
55100 55135 225
55105 55149 270
55120 55156 125
55147 55168 48
55161 55162 156
55179 55227 6
55196 55220 12
55213 55246 1
55218 55262 287
55231 55265 179
55261 55273 23
55288 55322 189
55310 55340 46
55335 55362 156
55364 55367 176
55373 55395 238
55397 55429 273
55400 55414 27
55422 55445 114
55430 55433 95
55449 55455 5
55472 55520 224
55500 55537 105
55501 55507 136
55504 55513 196
55513 55559 245
55518 55532 175
55541 55574 261
55561 55577 292
55564 55604 205
55569 55582 40
55572 55600 5
55572 55602 235
55600 55647 31
55630 55632 10
55633 55678 167
55639 55659 15
55647 55689 125
55656 55674 73
55656 55693 223
55676 55715 122
55686 55716 50
55710 55744 298
55732 55756 125
55759 55795 138
55770 55813 43
55779 55798 255
55798 55829 271
55813 55858 229
55816 55842 240
55825 55832 159
55832 55862 243
55846 55850 159
55869 55895 251
55887 55894 147
55889 55906 89
55913 55961 127
55922 55923 136
55930 55965 237
55930 55970 209
55946 55953 123
55952 55959 22
55959 55967 142
55973 56016 179
55999 56039 147
56001 56046 98
56007 56013 134
56032 56037 171
56044 56065 19
56057 56104 96
56066 56069 84
56087 56117 294
56097 56135 38
56105 56124 116
56124 56148 218
56150 56189 53
56179 56211 109
56206 56238 95
56224 56272 230
56224 56271 290
56247 56255 147
56271 56284 172
56300 56315 258
56305 56348 166
56327 56367 170
56350 56351 206
56359 56389 94
56370 56387 98
56376 56397 231
56406 56452 186
56431 56468 270
56444 56487 86
56450 56455 68
56467 56502 163
56468 56471 11
56492 56524 284
56505 56547 245
56512 56547 281
56537 56565 224
56540 56568 67
56542 56554 189
56542 56561 249
56552 56566 287
56555 56577 119
56582 56614 239
56612 56658 53
56622 56645 104
56647 56691 51
56677 56705 299
56699 56707 114
56705 56717 72
56734 56735 153
56746 56755 285
56776 56825 139
56778 56779 228
56797 56842 166
56822 56858 172
56827 56850 82
56837 56848 161
56861 56902 172
56864 56880 31
56866 56871 122
56887 56926 134
56914 56926 285
56915 56920 81
56944 56961 82
56954 56986 221
56980 56992 85
56995 57040 88
57016 57065 137
57027 57059 32
57034 57084 180
57035 57051 258
57049 57087 140
57049 57086 5
57065 57090 136
57066 57106 157
57087 57132 253
57108 57137 3
57130 57173 211
57141 57186 150
57148 57186 72
57170 57183 265
57189 57193 241
57191 57210 83
57201 57202 247
57224 57229 263
57235 57251 108
57256 57278 160
57280 57282 3
57280 57289 30
57298 57316 122
57317 57330 63
57321 57341 37
57350 57386 107
57380 57430 119
57387 57409 243
57408 57444 120
57438 57477 136
57444 57467 219
57445 57484 244
57445 57480 166
57473 57482 161
57501 57514 259
57507 57510 154
57531 57562 13
57555 57556 45
57580 57598 51
57594 57624 91
57620 57646 96
57620 57638 40
57628 57645 2
57633 57683 52
57634 57667 272
57660 57679 12
57677 57688 62
57686 57721 15
57688 57721 112
57717 57737 42
57721 57742 289
57735 57749 218
57744 57775 231
57770 57792 89
57799 57841 5
57826 57850 123
57848 57860 40
57849 57893 82
57849 57859 161
57863 57892 290
57871 57920 68
57890 57930 211
57899 57930 4
57908 57913 173
57919 57967 129
57922 57968 99
57944 57950 228
57950 57965 135
57963 57979 203
57981 57983 97
57994 58019 102
58000 58041 44
58000 58040 76
58021 58061 138
58031 58042 96
58031 58070 173
58053 58081 95
58083 58085 106
58105 58107 156
58129 58140 183
58130 58142 79
58149 58190 222
58164 58180 6
58188 58199 127
58204 58209 19
58230 58235 143
58233 58271 84
58237 58278 143
58252 58301 6
58273 58298 215
58277 58314 20
58286 58287 158
58308 58345 115
58326 58375 279
58329 58352 210
58353 58365 69
58366 58403 194
58373 58400 96
58376 58383 127
58400 58425 135
58400 58447 32
58406 58436 48
58417 58451 84
58428 58451 78
58456 58464 192
58471 58479 3
58478 58506 169
58506 58518 184
58527 58539 96
58535 58553 153
58535 58536 140
58564 58598 116
58578 58581 210
58593 58608 100
58616 58619 147
58639 58663 9
58667 58715 174
58675 58693 128
58684 58705 261
58686 58735 92
58694 58724 102
58702 58741 164
58705 58726 119
58720 58767 247
58743 58773 259
58749 58762 155
58758 58801 27
58779 58785 253
58804 58821 182
58824 58848 219
58841 58881 26
58854 58900 38
58856 58857 235
58875 58891 171
58884 58933 56
58900 58945 93
58927 58959 27
58928 58960 79
58950 58995 227
58966 58988 178
58976 58980 187
58996 59005 81
59013 59034 65
59032 59062 208
59055 59063 294
59056 59071 111
59085 59131 215
59102 59122 135
59124 59131 23
59146 59162 133
59154 59166 219
59174 59200 281
59185 59235 177
59213 59234 50
59235 59236 10
59243 59284 186
59262 59275 179
59273 59279 141
59287 59318 86
59306 59342 49
59309 59346 64
59325 59374 29
59335 59354 167
59351 59397 35
59357 59363 141
59375 59405 104
59389 59404 3
59395 59422 18
59400 59440 165
59430 59452 105
59440 59472 53
59452 59457 229
59460 59503 9
59484 59499 58
59491 59536 98
59508 59524 87
59510 59532 5
59528 59555 39
59542 59576 239
59550 59581 150
59563 59595 247
59588 59592 243
59594 59629 280
59616 59644 219
59616 59648 215
59617 59622 245
59647 59659 265
59671 59686 91
59685 59735 185
59690 59720 123
59698 59741 208
59726 59740 233
59730 59763 253
59750 59774 164
59758 59779 132
59773 59812 12
59776 59780 38
59782 59806 210
59787 59811 55
59801 59821 189
59831 59864 241
59860 59885 89
59871 59917 211
59891 59915 193
59910 59927 147
59931 59973 169
59932 59952 233
59937 59983 106
59945 59952 101
59971 60019 129
59999 60007 3
60010 60034 87
60012 60033 206
60036 60084 71
60045 60068 176
60067 60077 34
60090 60107 134
60092 60128 283
60115 60117 95
60140 60184 209
60153 60164 173
60164 60189 229
60193 60239 74
60196 60205 240
60222 60246 235
60227 60236 43
60239 60266 116
60246 60273 206
60261 60309 8
60272 60321 241
60273 60304 178
60274 60319 269
60286 60326 243
60304 60308 169
60334 60368 98
60340 60372 39
60350 60395 293
60374 60389 224
60402 60433 13
60422 60436 114
60424 60473 143
60430 60440 257
60444 60452 94
60463 60482 110
60472 60491 3
60475 60498 151
60501 60538 295
60519 60557 59
60522 60530 224
60528 60555 90
60548 60586 249
60571 60615 158
60594 60611 42
60621 60632 206
60633 60659 295
60663 60688 29
60686 60703 171
60688 60689 171
60697 60728 171
60699 60720 234
60720 60728 230
60743 60747 225
60768 60783 255
60796 60807 107
60805 60825 228
60810 60834 220
60836 60846 110
60859 60871 221
60875 60923 192
60902 60942 67
60932 60955 183
60949 60966 84
60959 60982 32
60961 60982 24
60972 60980 93
60977 60989 259
60993 61039 136
60996 61015 168
61020 61022 255
61032 61065 18
61058 61071 20
61060 61101 220
61061 61071 95
61090 61128 176
61116 61166 41
61139 61172 25
61166 61208 108
61192 61228 91
61217 61245 125
61236 61239 16
61241 61252 2
61253 61274 195
61258 61269 101
61287 61315 63
61312 61330 177
61339 61379 142
61341 61362 26
61342 61349 10
61372 61380 272
61378 61401 9
61380 61400 296
61393 61395 91
61422 61437 136
61431 61453 282
61448 61475 99
61468 61487 49
61483 61533 161
61511 61518 98
61518 61566 54
61544 61553 42
61573 61618 299
61599 61646 31
61627 61629 115
61635 61646 152
61664 61677 102
61693 61704 25
61711 61712 277
61734 61759 219
61756 61803 144
61772 61820 258
61795 61815 97
61822 61846 238
61826 61837 290
61826 61844 22
61839 61855 235
61866 61899 79
61878 61890 90
61889 61897 200
61909 61931 277
61917 61925 31
61938 61976 157
61951 61966 170
61951 61970 171
61961 61990 183
61989 61995 21
62017 62062 36
62021 62056 231
62028 62073 112
62038 62050 215
62045 62092 210
62053 62062 100
62072 62117 130
62096 62134 53
62104 62109 66
62130 62136 287
62136 62185 141
62140 62157 69
62142 62170 288
62142 62157 199
62142 62149 223
62159 62170 37
62165 62174 159
62173 62179 96
62192 62208 218
62215 62229 225
62243 62244 26
62243 62253 40
62249 62263 234
62262 62290 206
62265 62268 264
62288 62333 138
62311 62359 163
62323 62332 154
62327 62345 167
62334 62341 276
62355 62391 239
62373 62413 193
62387 62411 22
62409 62444 81
62434 62444 141
62442 62447 274
62444 62486 141
62456 62483 295
62465 62473 35
62492 62510 41
62495 62533 29
62521 62542 70
62528 62567 183
62529 62549 99
62538 62565 250
62562 62593 75
62576 62604 185
62604 62626 147
62616 62664 154
62621 62652 139
62641 62664 48
62645 62678 281
62655 62677 133
62669 62674 215
62691 62717 213
62710 62715 215
62714 62715 226
62727 62729 294
62736 62741 276
62739 62748 264
62761 62781 228
62776 62798 159
62793 62841 19
62797 62811 99
62805 62837 86
62817 62862 77
62826 62840 211
62835 62868 128
62864 62914 151
62865 62909 40
62873 62918 102
62887 62929 163
62912 62924 194
62931 62947 50
62957 62996 59
62963 62987 204
62985 63018 242
63003 63019 173
63022 63049 203
63050 63056 181
63050 63091 285
63077 63101 118
63094 63114 181
63119 63124 278
63147 63183 174
63175 63210 179
63185 63215 145
63208 63223 268
63215 63219 210
63236 63273 243
63263 63296 276
63264 63286 196
63269 63282 229
63278 63305 60
63293 63310 110
63294 63316 12
63299 63328 6
63319 63337 80
63346 63371 213
63374 63396 258
63390 63422 193
63393 63434 198
63415 63465 153
63439 63472 249
63455 63460 194
63460 63487 100
63469 63495 67
63475 63508 46
63478 63528 191
63503 63526 189
63518 63561 185
63521 63561 190
63526 63556 160
63540 63550 114
63543 63545 153
63570 63571 18
63588 63598 227
63596 63633 255
63603 63631 3
63627 63658 12
63632 63673 178
63632 63674 177
63634 63640 123
63663 63677 23
63685 63730 203
63702 63737 152
63719 63722 71
63745 63747 143
63769 63771 113
63793 63794 152
63808 63844 221
63833 63880 298
63850 63863 71
63857 63898 152
63885 63920 92
63887 63908 260
63895 63922 2
63920 63948 277
63946 63979 27
63967 63985 8
63982 63985 292
63998 64006 118
64025 64040 236
64038 64065 87
64061 64096 292
64084 64116 135
64085 64114 199
64091 64096 22
64092 64107 58
64121 64169 113
64143 64191 264
64160 64171 191
64187 64198 199
64188 64213 99
64199 64208 154
64204 64215 144
64225 64247 273
64239 64284 258
64264 64272 124
64266 64272 71
64278 64286 289
64294 64296 293
64305 64352 178
64314 64352 83
64330 64360 136
64342 64350 78
64372 64398 12
64375 64406 241
64393 64416 238
64410 64411 257
64420 64446 155
64434 64438 33
64444 64485 143
64449 64464 81
64474 64510 283
64493 64525 226
64497 64527 162
64509 64523 75
64533 64572 7
64535 64583 60
64547 64582 266
64550 64588 174
64565 64589 15
64584 64617 164
64586 64610 124
64611 64627 140
64612 64644 196
64636 64682 50
64645 64684 12
64675 64724 173
64687 64705 37
64713 64725 147
64743 64788 86
64767 64782 122
64781 64791 203
64783 64800 211
64792 64829 109
64807 64834 183
64812 64858 25
64836 64869 117
64849 64862 141
64863 64898 214
64883 64888 139
64886 64917 277
64895 64897 290
64903 64944 47
64910 64933 7
64919 64951 106
64928 64965 114
64951 64954 222
64977 64986 271
64996 65009 23
65020 65022 238
65036 65045 214
65058 65086 34
65084 65088 195
65095 65111 209
65124 65142 95
65128 65162 99
65131 65167 176
65153 65188 64
65180 65190 62
65197 65240 92
65217 65221 7
65247 65291 194
65255 65275 6
65270 65272 103
65286 65299 1
65298 65300 60
65303 65327 128
65331 65336 258
65345 65352 182
65374 65418 48
65374 65419 14
65396 65400 157
65412 65425 114
65430 65440 151
65456 65459 186
65476 65507 224
65499 65549 187
65525 65567 135
65539 65583 113
65539 65575 142
65564 65575 100
65585 65601 65
65615 65643 6
65642 65688 208
65649 65660 257
65659 65686 266
65689 65738 254
65703 65706 130
65707 65713 244
65715 65763 15
65732 65766 238
65736 65769 252
65736 65779 148
65765 65779 230
65792 65829 177
65812 65841 213
65831 65856 58
65831 65853 241
65841 65867 33
65865 65907 3
65884 65885 204
65899 65948 28
65902 65936 101
65921 65963 213
65937 65972 267
65958 65963 285
65973 66021 265
65998 66034 74
66017 66066 45
66046 66084 261
66050 66100 70
66063 66099 292
66075 66102 193
66098 66124 43
66112 66122 63
66115 66156 263
66136 66146 149
66154 66187 231
66168 66195 184
66189 66225 100
66201 66207 52
66208 66231 262
66231 66259 42
66249 66264 55
66266 66272 75
66284 66323 79
66309 66357 71
66324 66340 272
66326 66334 214
66350 66399 288
66369 66417 70
66371 66405 153
66384 66402 289
66414 66458 278
66436 66439 148
66446 66464 91
66460 66463 8
66465 66471 202
66487 66516 60
66511 66536 14
66523 66567 23
66538 66576 135
66552 66563 187
66580 66612 127
66582 66630 274
66606 66609 158
66625 66662 184
66631 66639 249
66633 66654 207
66635 66637 88
66640 66641 114
66656 66704 231
66665 66681 206
66675 66723 160
66685 66718 182
66693 66694 276
66700 66715 122
66713 66749 42
66740 66776 125
66755 66781 280
66755 66780 156
66772 66816 168
66789 66805 224
66810 66859 88
66815 66852 109
66842 66868 163
66870 66899 22
66900 66945 230
66912 66939 48
66941 66955 153
66944 66945 252
66974 66986 12
67004 67005 231
67012 67033 169
67029 67067 211
67031 67066 10
67032 67072 149
67053 67095 47
67073 67089 272
67099 67107 93
67122 67129 5
67151 67170 80
67154 67192 112
67164 67174 183
67186 67206 24
67201 67246 241
67221 67252 179
67221 67230 88
67245 67268 38
67268 67290 271
67282 67313 278
67288 67303 79
67302 67341 266
67332 67370 273
67361 67410 166
67390 67432 210
67418 67456 2
67446 67449 187
67468 67487 243
67493 67532 36
67493 67522 232
67511 67547 275
67537 67580 99
67544 67572 300
67544 67593 287
67555 67598 268
67581 67630 47
67582 67603 23
67590 67595 293
67593 67595 93
67613 67654 175
67617 67620 114
67644 67649 246
67669 67708 166
67692 67720 91
67718 67768 164
67728 67753 49
67756 67800 210
67762 67791 62
67765 67768 134
67786 67819 168
67806 67840 173
67834 67857 14
67849 67871 40
67853 67896 174
67858 67876 88
67875 67924 5
67903 67936 266
67911 67943 173
67913 67955 223
67941 67989 206
67945 67982 78
67959 67970 123
67989 67991 108
68017 68034 4
68042 68075 23
68068 68084 238
68090 68097 252
68118 68163 273
68128 68161 202
68134 68174 284
68149 68182 68
68171 68172 101
68193 68197 122
68196 68243 2
68208 68237 6
68208 68256 78
68229 68230 77
68232 68253 206
68236 68260 162
68260 68290 188
68261 68275 27
68275 68280 35
68295 68297 57
68301 68323 174
68312 68353 203
68322 68324 234
68346 68379 143
68352 68358 123
68367 68389 158
68368 68380 204
68385 68403 143
68413 68424 112
68425 68469 51
68453 68494 232
68457 68473 138
68479 68484 254
68485 68494 138
68491 68507 242
68500 68508 38
68519 68531 129
68535 68559 255
68563 68596 68
68564 68586 162
68581 68583 114
68592 68615 5
68621 68651 36
68622 68668 291
68636 68664 64
68637 68678 285
68639 68656 202
68647 68660 295
68653 68693 134
68678 68726 177
68689 68705 288
68698 68709 33
68710 68741 109
68730 68749 295
68746 68749 77
68766 68795 244
68787 68816 298
68808 68853 282
68830 68848 183
68831 68870 278
68860 68905 84
68860 68866 249
68865 68882 39
68872 68879 87
68888 68909 189
68910 68948 175
68916 68959 3
68932 68959 116
68956 68976 151
68961 68971 96
68975 69006 252
68981 69008 42
69007 69051 300
69022 69031 201
69034 69037 280
69039 69069 92
69057 69072 200
69060 69110 182
69084 69110 247
69102 69103 225
69130 69139 75
69149 69190 139
69168 69169 182
69178 69206 39
69203 69225 64
69209 69230 154
69228 69271 146
69247 69282 36
69274 69304 63
69300 69303 287
69308 69318 71
69321 69345 59
69330 69351 148
69339 69368 184
69350 69389 4
69362 69409 241
69382 69394 107
69400 69422 194
69405 69435 221
69434 69482 131
69435 69484 77
69452 69453 82
69475 69494 194
69505 69552 200
69533 69573 295
69550 69559 44
69558 69572 204
69579 69582 34
69590 69633 236
69603 69629 62
69620 69633 98
69624 69664 114
69645 69666 21
69664 69683 16
69671 69677 130
69689 69710 236
69696 69717 190
69706 69755 181
69727 69748 209
69730 69755 141
69742 69779 54
69747 69791 58
69767 69776 144
69785 69799 190
69807 69813 207
69813 69855 58
69829 69832 99
69833 69866 117
69856 69863 54
69876 69908 169
69900 69950 32
69907 69940 141
69912 69914 261
69940 69983 67
69944 69952 210
69966 70015 197
69974 69989 208
69980 70008 117
69993 70040 179
69999 70032 120
70025 70040 243
70028 70038 140
70047 70095 44
70057 70087 53
70079 70127 274
70104 70123 51
70132 70180 115
70134 70157 65
70154 70174 138
70184 70230 87
70191 70223 76
70220 70239 52
70227 70241 149
70249 70266 272
70269 70270 33
70288 70313 153
70296 70320 126
70326 70335 57
70343 70367 36
70359 70382 106
70359 70408 162
70387 70428 85
70387 70405 139
70400 70427 67
70402 70433 129
70417 70421 86
70443 70454 68
70449 70452 231
70451 70458 170
70462 70498 12
70478 70494 34
70485 70517 15
70512 70555 94
70528 70572 193
70550 70585 244
70578 70607 168
70604 70654 279
70608 70656 173
70624 70635 286
70638 70640 138
70644 70687 110
70668 70688 104
70696 70739 169
70700 70718 88
70709 70725 17
70724 70769 287
70726 70771 109
70732 70764 217
70762 70778 165
70775 70800 27
70782 70796 259
70807 70837 239
70812 70842 68
70812 70825 250
70817 70847 258
70839 70845 16
70859 70906 122
70870 70909 193
70890 70894 99
70919 70960 18
70940 70944 108
70951 70953 185
70973 71017 134
70996 71023 270
71025 71029 51
71031 71053 285
71034 71080 29
71061 71103 98
71087 71125 56
71088 71092 244
71098 71111 83
71115 71122 117
71124 71162 2
71150 71176 163
71171 71172 251
71190 71207 85
71194 71223 40
71217 71247 201
71247 71259 178
71260 71277 277
71268 71273 83
71289 71303 180
71318 71330 148
71344 71346 43
71359 71376 128
71364 71403 298
71386 71415 171
71389 71432 249
71391 71424 283
71417 71437 195
71437 71455 292
71454 71471 298
71481 71507 249
71492 71502 135
71522 71547 231
71550 71565 223
71571 71600 7
71588 71606 258
71615 71629 74
71634 71659 73
71661 71694 102
71691 71710 201
71720 71722 197
71735 71740 146
71748 71764 178
71767 71777 223
71784 71802 53
71801 71823 268
71830 71840 259
71859 71877 91
71888 71935 118
71898 71941 268
71924 71950 273
71928 71973 95
71945 71946 275
71956 71964 268
71982 72030 126
72007 72021 147
72033 72079 283
72059 72085 250
72070 72082 136
72087 72100 46
72105 72134 21
72122 72125 257
72128 72176 174
72131 72141 185
72152 72171 291
72157 72160 238
72174 72184 267
72178 72190 151
72206 72217 153
72219 72232 282
72249 72279 130
72265 72304 245
72294 72322 279
72298 72315 281
72324 72370 286
72326 72330 263
72341 72356 291
72352 72374 220
72378 72395 300
72388 72437 264
72392 72393 73
72421 72450 58
72446 72486 54
72467 72469 185
72473 72492 26
72484 72531 64
72491 72507 68
72515 72563 290
72517 72533 142
72540 72586 264
72550 72573 212
72564 72591 278
72576 72613 93
72577 72598 249
72595 72629 220
72616 72639 257
72619 72661 225
72649 72656 157
72679 72704 257
72707 72750 253
72725 72750 280
72750 72762 56
72755 72776 204
72769 72800 75
72790 72811 200
72794 72826 127
72810 72840 1
72811 72820 229
72827 72845 275
72838 72864 20
72853 72864 54
72857 72888 213
72875 72908 196
72900 72918 250
72901 72917 143
72910 72925 89
72918 72964 137
72934 72983 228
72940 72977 25
72963 72976 130
72966 72975 221
72983 73030 94
72983 73005 160
73003 73040 229
73023 73040 113
73040 73087 238
73070 73078 285
73098 73140 169
73122 73134 93
73141 73147 79
73170 73188 270
73177 73193 70
73194 73209 271
73211 73240 53
73227 73245 43
73237 73263 148
73256 73261 125
73284 73294 255
73291 73297 274
73308 73356 285
73325 73331 62
73327 73340 132
73351 73355 298
73359 73394 69
73359 73368 244
73363 73373 258
73388 73414 279
73401 73412 297
73424 73464 29
73446 73451 297
73474 73497 286
73479 73500 87
73494 73521 166
73518 73545 32
73519 73569 120
73542 73545 228
73563 73606 53
73563 73564 32
73578 73588 163
73608 73641 46
73611 73614 225
73617 73664 229
73629 73642 51
73648 73663 63
73667 73689 8
73682 73723 86
73706 73717 234
73715 73751 70
73723 73773 34
73737 73756 180
73761 73809 26
73791 73795 180
73808 73834 181
73828 73838 94
73847 73880 196
73863 73881 154
73866 73885 172
73892 73899 289
73903 73907 268
73919 73943 76
73940 73954 159
73940 73982 296
73964 73979 185
73972 74009 278
73986 74023 275
73986 74025 176
73988 74003 62
74014 74051 94
74040 74070 78
74056 74093 270
74063 74104 198
74082 74099 225
74107 74143 129
74126 74147 174
74148 74174 243
74155 74203 191
74185 74192 115
74197 74225 244
74206 74228 62
74231 74266 127
74241 74255 193
74253 74291 44
74269 74283 43
74286 74332 116
74301 74305 20
74311 74324 169
74318 74351 214
74326 74339 12
74330 74354 235
74357 74397 8
74373 74382 127
74385 74410 212
74385 74407 232
74397 74444 203
74425 74443 38
74454 74469 70
74483 74488 76
74510 74527 32
74512 74516 47
74521 74553 13
74533 74581 109
74558 74580 247
74568 74576 164
74591 74598 38
74605 74628 198
74630 74637 141
74638 74672 137
74648 74662 197
74653 74698 18
74671 74706 109
74683 74697 103
74685 74732 199
74707 74753 64
74728 74735 24
74737 74748 152
74747 74760 206
74773 74785 187
74786 74788 299
74795 74797 233
74820 74851 277
