10000
1519 711
1580 1671
1920 1360
1436 1070
1118 394
37 453
1776 1501
466 1971
1793 1936
1207 1717
811 1508
978 491
1205 161
290 1257
1324 1560
1356 630
1281 57
1562 1862
130 388
1356 1825
907 1888
531 848
1526 200
982 1821
1868 1743
1141 1688
1994 1781
1575 1128
74 682
1522 813
1655 604
802 597
1895 21
1660 119
1980 861
1386 1823
740 1227
1071 1477
808 1006
1789 1728
731 1286
51 788
595 1580
71 1031
1078 1142
896 462
1649 1475
1839 1190
70 58
1948 1459
904 744
1771 1596
1729 1899
1851 1926
792 1307
1446 576
322 272
1384 371
938 1764
1619 1630
1653 1001
1552 210
874 169
1493 1352
1900 1731
1230 1695
1389 1499
619 1708
1440 1373
238 1446
24 378
1496 764
1145 164
543 687
1926 1797
1797 1064
635 1969
109 47
1549 730
1702 1735
1250 360
981 1749
1814 1031
616 436
1846 1202
877 1351
750 1687
580 1812
24 1677
242 82
926 1737
673 249
1293 573
519 550
1323 297
1845 1798
285 174
911 639
1999 82
1391 273
1522 37
865 1400
1155 216
1165 1340
163 1599
267 105
1661 215
922 21
535 945
856 116
1453 540
1837 1730
652 461
1204 112
515 103
1035 989
448 1494
288 1824
629 1713
297 1487
1821 549
1317 1024
1141 1762
460 977
1348 1473
229 996
1145 1983
153 78
554 842
1286 1175
1180 1786
1204 63
679 1773
288 1976
499 215
1804 14
1990 1634
30 710
777 669
1494 1349
382 1452
496 31
357 1182
1020 584
1634 521
790 1931
1629 1931
163 1615
1416 422
1833 1037
534 633
1427 1468
1305 1337
1438 862
1409 15
1514 696
1684 43
1414 430
174 1909
825 1535
1623 430
1603 1588
524 1557
1246 1167
261 425
1582 810
285 1968
466 266
44 1406
1243 819
1380 1287
1103 987
1497 1588
278 1301
394 652
1681 1176
1204 134
639 1674
759 1101
938 515
357 606
959 85
1658 1491
940 753
1421 1667
1077 1944
1322 743
1530 1560
168 300
133 933
103 913
552 1283
1077 664
777 1039
765 661
154 1201
1786 1045
1159 1246
712 322
1266 529
422 1448
485 486
517 109
161 1415
939 908
1295 1939
605 242
282 439
55 747
313 171
504 734
1409 298
1158 1112
1930 1474
1302 1387
132 529
1567 297
1617 1893
1012 46
1751 1626
926 1545
1203 441
1268 64
1686 1318
1118 809
1027 1114
797 1443
907 1201
430 844
131 1181
596 1192
543 1678
468 1
733 663
530 1806
1156 1248
459 1340
1472 102
653 1521
890 1299
1020 1116
1400 1605
1783 1948
490 1001
356 142
288 724
1352 856
1836 21
907 628
1494 1271
1378 1089
1328 1821
1128 1612
1929 451
473 1799
1450 1756
152 1213
159 992
1827 662
197 1951
1112 1888
1766 391
1105 79
1055 1162
276 1954
1509 1544
236 824
740 217
1917 1413
1329 1266
1169 289
434 577
543 569
547 672
592 1446
981 772
1707 1162
1946 1563
1948 1148
568 754
1278 1569
797 1033
912 248
190 1726
1753 1435
688 224
1801 1796
465 60
1551 116
106 1853
445 1053
328 1196
786 151
334 1714
1454 598
1933 1068
263 760
409 1258
1753 1533
190 1601
1115 19
1818 1109
1194 290
663 1396
1973 1875
1516 1044
505 677
506 962
1218 573
1419 304
742 1794
1042 674
1363 1575
1253 768
950 1660
343 1203
560 1899
1532 1756
595 436
1227 74
1488 1533
1301 674
1710 768
689 597
495 1297
1030 702
66 1101
305 5
552 738
343 1520
690 1660
1166 1498
668 1644
322 115
502 1802
1558 1280
1745 252
1388 73
1586 1377
1748 997
691 1333
1986 947
1797 1942
1571 1301
1435 1228
1117 477
1240 892
373 550
24 1039
1415 844
768 730
1071 626
540 1880
1622 438
1309 656
81 679
397 648
1377 1757
862 1215
601 112
965 547
901 1573
1028 347
221 585
480 276
110 1654
43 860
126 297
122 98
454 38
1813 73
889 835
1842 1156
959 242
327 1292
885 58
1550 1064
592 378
610 1700
828 1456
1197 1767
667 639
1722 1228
1603 228
1826 1487
1971 1451
614 1391
1253 354
373 779
952 1847
1419 369
1411 937
575 1022
1117 505
9 1073
725 1247
503 143
384 23
1019 147
1569 542
1779 1180
498 171
721 862
1875 798
1187 485
1941 1739
1158 1247
1752 1647
1960 1637
1433 1927
280 1274
704 162
643 654
724 1423
872 393
910 1272
1719 628
100 1314
2000 629
1180 69
338 982
904 1351
912 763
529 1867
1227 1996
887 1100
653 303
1150 959
1673 733
427 1822
1426 715
1777 1843
1734 1250
1457 1758
174 183
1691 1943
1776 909
1363 682
468 1885
1371 1177
1838 953
104 1067
1469 602
1701 136
978 1544
1644 1073
385 634
1729 793
987 323
820 638
1297 1557
610 108
949 604
638 1607
646 497
923 702
1273 475
360 1039
1155 954
713 106
1015 1014
1079 65
1650 272
576 471
261 244
1594 1362
1506 1390
448 1324
654 1979
216 872
1410 260
1648 1508
1684 1266
1646 520
1623 306
902 428
1808 103
874 1694
189 1451
1055 465
988 1676
1398 336
1397 813
1646 55
1849 440
260 222
1192 846
483 96
1723 1938
1179 232
790 632
6 1889
264 1954
842 49
124 22
1630 857
909 880
1718 281
1857 1725
325 1232
223 328
1239 1800
1645 955
487 302
361 1235
1739 349
1341 1166
441 1574
439 302
797 458
1527 413
859 1778
1256 1495
472 1764
215 1442
1845 778
157 816
1879 528
1033 1640
1385 1832
1696 31
728 523
1405 1893
1366 607
1563 128
960 1825
443 1705
1558 89
779 1140
715 1924
1971 1928
998 1082
1056 1613
1547 1793
691 1344
1562 226
1518 403
837 150
26 704
1144 27
1636 570
610 1302
1110 229
169 1262
524 1793
1639 1214
1527 1642
752 267
0 393
509 811
1310 1418
1953 923
773 309
579 656
194 870
1861 231
532 1595
198 1449
74 186
1419 387
1619 821
195 490
1051 1365
847 79
48 337
1365 37
724 1823
1051 587
1225 555
553 455
758 1293
1350 959
940 617
1128 973
232 712
1767 1807
1790 1303
1434 380
1639 1286
1026 82
1014 423
1193 421
1224 517
1628 353
1448 1114
1965 673
1808 1118
1646 6
975 442
1216 286
118 592
418 563
101 440
1604 1078
1922 678
607 440
1391 1149
1372 387
1705 533
285 969
201 825
1834 769
1791 1574
1114 1245
1308 684
534 1202
335 815
249 390
1434 1449
1981 292
1033 221
1703 1496
576 203
847 1473
293 918
1429 1100
1087 341
1996 1904
437 1691
646 1432
330 1396
744 1335
1984 1066
1661 996
883 308
539 1304
7 1620
934 1955
1303 779
480 1255
518 885
109 1638
230 33
1275 1765
417 364
714 979
356 1106
1929 694
1532 1587
932 920
161 1146
62 297
259 1267
494 1842
554 1386
716 688
661 1877
1552 1025
1789 1352
903 1139
1787 1952
792 249
1209 1479
1627 1379
1990 721
1408 1288
366 1337
1086 1620
430 365
1055 1770
790 1159
468 412
402 1370
1955 543
1895 1089
1968 1217
1683 804
1152 1991
71 805
1122 1922
298 1321
829 1277
1035 499
1498 374
45 1980
518 1504
1866 376
1059 580
1033 102
499 83
913 1396
1040 461
922 1150
1019 803
1325 822
1863 1016
1774 272
1695 403
558 153
1606 1909
1539 1112
1413 1782
169 1204
570 138
1725 11
1393 985
1101 422
1443 309
46 550
548 1843
576 6
1272 1101
8 1009
486 1041
367 1604
1129 820
529 1804
970 1274
1429 1170
1903 1734
1969 1942
1342 1279
1045 278
1580 705
1369 1054
662 239
693 545
386 1744
1582 129
505 1667
1269 1770
1524 184
779 668
280 370
227 775
1040 0
1160 191
1833 92
913 1415
1340 799
464 1711
1936 1263
1740 328
1295 1076
925 28
801 1625
1326 834
42 505
981 776
459 704
204 807
1525 701
992 202
1220 424
984 1430
1603 1717
1345 17
928 289
140 498
1421 414
1311 1018
726 1386
1698 682
379 1700
1907 560
713 1852
720 722
278 1979
217 237
1349 771
1812 1796
246 594
380 1293
1651 246
185 847
170 1730
548 759
1299 1089
1039 124
1821 164
679 301
1537 1076
1046 39
1837 485
1110 185
576 899
1938 1930
1479 1216
224 1884
1075 1835
1438 1140
1247 349
1192 1687
369 322
1553 1779
899 1732
1321 1133
661 1891
1344 144
1379 575
1981 13
287 1148
1450 326
1605 487
1866 1500
509 1623
5 1987
220 815
1684 939
1139 1547
1705 441
978 1184
1887 183
673 1322
1447 1228
1334 871
1143 850
698 375
1400 520
1475 174
1263 656
1289 1353
1606 427
1762 1838
615 128
1299 727
1357 1716
975 183
1955 650
1610 1870
191 353
36 643
209 513
1051 478
371 1890
393 1997
1647 1800
261 1566
1105 1609
1055 1792
96 263
1997 222
733 1010
1374 53
144 1336
558 68
1808 19
1638 200
1805 280
596 353
127 465
1751 358
1313 651
1855 1489
1111 1616
1067 870
1234 550
1055 1269
1786 1144
1212 1687
26 998
824 1000
1825 1119
1970 451
1730 1792
652 848
306 749
487 1222
4 1780
303 584
625 1391
1496 300
294 570
1741 113
1196 916
1009 852
1035 828
955 1763
10 1886
391 769
1480 441
1907 563
623 1159
196 1320
419 1618
1505 805
834 1039
1128 1445
928 558
1161 220
1487 70
1369 795
421 1088
1909 1191
1319 1817
1581 96
1327 692
1603 1724
993 1775
541 138
1490 1538
1647 1861
1201 1942
138 1552
828 529
59 838
127 430
1908 738
440 689
255 1689
1564 153
742 211
421 607
971 464
1071 1608
847 1298
1869 1561
748 652
1597 326
480 1813
714 1188
1105 822
1470 182
938 299
1488 1489
1748 645
843 1541
603 1506
1406 502
1261 1567
1391 1395
848 1299
522 5
1822 1450
270 1983
196 1626
1049 1358
1445 1998
1128 1644
1250 689
950 1624
735 1377
540 1711
982 1095
778 242
1982 941
1434 203
284 255
404 47
1557 1652
1710 1388
1501 877
467 1638
1457 1167
1253 1412
1596 1753
1935 1412
758 181
1512 809
1025 1382
1315 759
1685 1932
684 219
1143 711
28 493
1545 146
466 502
76 1598
639 1835
1230 1286
1291 485
1389 240
131 269
874 210
1952 1907
972 255
1956 267
1953 1748
773 113
676 1367
1416 154
980 814
1289 1492
1725 579
734 175
1697 1760
50 1281
980 216
386 229
692 550
1808 1213
1795 115
734 348
1837 366
1761 1454
141 917
1434 959
293 296
1614 613
1298 1879
1412 1714
1119 1616
216 1141
1507 137
509 1159
897 686
206 914
656 1999
364 1853
1735 1234
162 44
277 385
1059 943
1411 1549
1630 1567
1459 1027
830 801
62 1237
1122 1431
1613 1663
246 391
1825 1664
1108 1218
1450 1080
1008 896
1865 477
1904 905
1822 594
1032 319
1611 1039
793 726
355 632
1512 1033
1152 168
1354 1813
1087 237
549 1019
401 1958
1842 772
1153 930
1470 1050
1092 483
155 1953
1934 401
1582 1796
153 1320
121 394
463 1886
1795 1556
1000 1013
544 1269
457 739
1979 966
1650 1066
1691 548
637 1440
987 1480
1234 348
179 1201
1555 758
1852 568
572 1600
614 1737
1214 758
1831 1939
951 1266
576 96
1993 997
1039 95
383 1937
1447 455
1110 1841
1572 705
1586 93
1713 1874
1335 395
1458 1257
1080 672
461 1165
131 40
858 1117
152 1179
236 77
222 1691
1885 52
1282 315
1878 1210
1682 1131
570 675
1906 98
1818 195
717 1731
1028 291
302 1261
1262 1042
1399 1634
985 1244
758 515
381 1827
1406 403
866 84
1457 1441
1524 1449
1385 265
1079 1972
1135 22
938 1653
172 1358
1939 399
1572 1313
1914 651
1476 1015
930 1362
965 475
1698 1541
763 1330
682 1091
1146 213
791 227
424 97
158 1856
1161 1190
1423 1228
1554 1741
183 491
521 188
1888 912
589 888
1098 1849
144 1603
957 1968
986 1950
500 1633
1583 513
1732 860
1780 1890
1387 1720
365 233
347 710
72 291
1199 1286
971 150
1489 1869
222 1889
1738 645
707 733
538 56
552 1476
1476 1281
1330 1806
489 340
1741 1276
1448 1086
1229 871
847 747
964 759
110 1859
247 794
741 531
1602 244
434 191
1540 1402
473 591
851 1495
1627 1078
277 884
1880 1657
895 1850
1774 1253
1410 1501
1877 583
285 736
362 51
809 1169
1387 168
1449 1323
1679 1597
1000 431
146 998
1273 444
1349 166
1009 1970
144 1394
106 169
957 373
175 948
885 863
186 158
1518 1859
264 1966
1258 1294
634 177
1144 662
327 1369
1815 1131
1562 212
800 139
576 459
709 1115
99 485
267 1930
730 362
845 1675
970 1387
1654 211
33 14
412 1190
430 113
1687 1352
1575 691
477 810
1280 1037
1916 1692
437 1716
1453 555
1722 816
1500 1253
1631 1414
1796 1885
1282 365
1713 1488
1046 415
184 533
1948 1774
1005 1831
408 1138
1882 1538
104 1608
893 44
892 692
1184 1972
12 1611
1124 263
1388 137
146 1748
1995 1473
270 1785
1433 1335
18 1850
1386 246
1170 853
793 482
690 67
1247 1115
1047 303
1331 1154
400 855
1234 574
687 1650
1208 1228
1865 710
1622 453
623 1317
1871 998
23 1413
556 521
766 37
780 1196
298 1231
1351 1598
1438 1374
653 112
903 1755
1658 1129
490 1692
1055 454
265 2000
1212 1034
899 438
1800 193
1521 1523
341 768
513 85
510 1478
727 159
406 1494
989 130
173 1992
1408 658
1196 933
1898 1830
1839 145
260 554
267 189
1625 939
763 274
1528 1973
1434 152
1496 844
1584 800
1272 199
1232 1524
956 1188
868 641
110 677
1980 914
1468 819
12 1323
2000 545
1560 1989
1039 1294
1990 158
346 799
1648 1391
1396 1414
1602 619
587 1419
1278 1907
415 244
1056 1091
1652 1208
1740 296
446 1300
694 272
1819 672
1675 1116
1454 111
862 1030
175 253
1887 1749
1011 704
1378 1336
507 1572
757 645
1536 953
8 1054
1411 1556
1237 730
179 465
1589 413
1033 869
813 1960
1329 997
1675 209
108 399
188 351
1485 1502
609 166
565 1847
1266 1169
816 214
1366 558
261 879
1868 1395
1414 406
1507 1950
767 120
1322 970
1479 1732
1177 1767
664 1757
1853 747
1602 328
1816 1249
1364 909
629 1700
1879 776
681 24
589 1268
876 1538
1998 1694
260 590
589 886
1156 711
1865 987
876 407
739 161
203 1935
703 43
1738 1227
644 678
1506 549
1492 128
445 1565
433 1173
1029 916
736 542
834 1996
1726 1789
1036 235
506 1426
370 107
341 1042
1792 1972
373 1599
1327 1651
424 1630
354 874
1812 158
920 776
22 222
630 266
1042 272
1300 156
249 1207
66 1730
1115 1288
50 1264
15 1515
368 650
309 225
653 708
1641 195
948 1276
1467 528
1300 1598
327 1349
1441 531
889 212
1127 68
812 548
1178 207
827 204
226 1081
1147 1607
1298 716
226 459
44 310
1463 957
1691 179
456 268
1502 910
786 720
589 539
529 1565
869 1384
670 371
1570 1447
1424 838
211 1317
1430 1982
179 183
1868 377
963 1312
1428 1282
908 234
522 581
1149 1142
520 13
150 298
1191 1716
104 754
402 1388
382 570
1513 548
508 355
357 539
106 147
91 1920
527 15
541 1977
45 983
934 1952
1057 1512
1272 418
271 1259
322 211
54 1056
1687 1472
607 279
413 1487
752 447
124 341
1344 557
232 1469
610 73
837 1932
1183 658
577 223
501 1327
1337 1273
151 651
1974 313
1597 500
584 1460
571 1349
455 1831
45 1137
483 745
1887 1431
438 33
509 649
77 1073
355 905
484 1619
940 1956
576 1736
1577 503
1104 1554
1631 700
1219 1696
694 145
1727 404
196 1107
957 1079
691 1663
729 91
658 490
724 1921
1474 397
159 94
1988 37
543 1380
823 1927
106 1945
645 78
988 323
1027 1115
1049 1983
1883 661
740 1083
762 745
132 438
1072 1604
1474 1836
692 256
1496 1359
1769 345
1964 1725
1449 10
208 291
1388 1532
1056 140
259 909
1666 1462
247 218
1082 1530
1464 175
1342 392
960 1901
1049 541
969 1697
139 1564
1355 714
1366 760
1918 1964
94 1376
228 1239
1374 839
981 1912
645 1923
1211 390
1977 558
1641 1433
1576 1301
274 1658
1771 535
86 459
577 1487
1488 107
1291 46
757 1862
1204 676
169 1614
1865 1133
366 665
935 1593
1889 6
831 1206
462 1564
1751 737
1209 1424
1489 138
651 447
362 1489
1607 1143
1080 367
1964 882
1395 59
1250 517
1062 1825
1236 1793
1558 23
999 1179
551 891
1830 61
1043 1986
1119 1328
1341 337
437 900
945 1931
1958 911
1675 393
1610 169
1184 1154
653 1177
1952 1324
1587 1472
382 356
858 553
1207 1719
213 444
1013 310
1989 995
1545 1751
811 1943
1753 1717
1824 1989
835 287
1926 589
1268 477
813 1631
1264 1233
690 1328
1555 737
1653 718
1620 860
1680 1378
1484 1337
576 640
923 1718
83 567
1162 398
1461 1963
558 1177
55 1635
161 1802
1018 1073
493 1374
1814 1478
557 401
529 1860
1243 1151
1497 517
1169 833
578 381
761 33
1813 1209
342 1727
402 779
951 412
355 214
1895 1901
1448 1833
684 438
1763 1119
184 1146
1325 1770
1525 1930
784 1056
1786 566
1169 861
1499 751
666 1807
1012 54
1201 1237
926 644
256 1134
578 332
279 1471
1342 1537
90 1807
1758 236
1546 1404
598 1740
718 248
1848 507
1902 1501
204 75
1098 1353
1880 428
1202 1480
67 1089
51 277
1779 1612
503 886
1248 699
1619 1147
1291 877
866 1169
1589 713
69 1623
434 1864
1588 1823
1555 555
966 692
1530 528
947 1255
1202 1653
311 971
1187 660
665 493
1644 796
107 1901
1082 617
1389 972
883 187
909 405
1745 1464
943 1965
1133 37
461 232
248 1842
582 133
1756 1250
751 1358
504 63
605 211
540 1823
883 1041
840 1815
927 875
1682 1714
412 1368
604 276
1383 336
411 1406
451 1502
1715 958
536 1156
1667 1883
1612 1058
1018 1732
1589 1738
810 1388
250 1615
497 63
1335 1019
390 1743
978 806
1505 977
1570 300
1445 1278
126 1166
1537 1104
1038 1959
309 1166
1236 1303
139 1539
800 375
1573 117
1174 1278
313 1117
304 1116
1189 1493
1253 726
1340 1952
75 258
876 593
1692 368
314 10
800 79
986 1081
902 1497
699 525
1031 123
751 498
242 208
188 44
1043 1377
410 103
913 1012
151 1938
1482 196
385 1383
1690 853
1667 1275
1936 1404
1952 1894
683 1662
1545 89
603 1896
319 1046
1553 962
1291 1208
763 916
1100 852
870 1415
1590 532
727 1713
14 1576
675 1449
244 210
206 1139
1050 1845
1607 1948
1082 281
994 511
1699 1709
684 1189
1880 14
1145 1643
575 1702
1368 967
364 1115
463 1700
341 1165
1023 1420
706 151
80 1314
1072 1146
1685 673
1792 785
1991 619
1889 1896
6 1933
826 488
875 1674
1458 1315
617 57
1185 1081
5 190
1936 352
1254 487
1358 353
907 761
1086 1687
1395 1132
1721 473
1809 683
1472 634
1781 415
579 103
1576 1973
1782 1207
1505 1916
1841 23
628 1274
1867 1802
1128 796
1783 161
928 1076
1448 255
1576 353
1141 747
164 1708
619 413
505 1157
1656 1598
1678 502
1222 256
670 1490
1913 750
1640 1974
1421 824
151 261
1928 1921
639 1337
45 651
1372 987
993 1868
676 1437
1173 259
1848 1020
1339 1061
1402 737
1642 1911
1677 852
538 1478
1562 1360
933 1677
1497 1652
1356 988
1728 704
991 1294
419 820
1393 538
844 457
309 1664
1172 1975
292 1496
641 1844
1132 410
183 1912
603 1466
341 770
1447 1576
922 159
1380 1822
1193 961
853 633
238 1740
1649 1051
1494 1373
766 249
269 1510
1406 282
376 629
1323 1213
1471 34
1128 1022
294 947
897 1959
1839 1832
731 62
1109 1057
1469 1266
272 1188
858 1233
1463 336
789 1165
349 495
72 1536
1506 1413
1944 427
1771 777
1777 1181
431 1254
216 1442
554 1582
885 125
242 1993
992 17
683 1964
802 381
73 464
1622 985
1393 816
1869 1254
1178 1581
1807 867
1443 1062
758 119
162 720
1760 1804
1224 913
1502 205
882 1722
335 886
149 1027
219 61
1163 1722
1978 505
1388 192
128 237
131 1087
1798 347
1669 2
1726 382
824 80
1237 1479
1028 1801
17 545
631 1302
1689 1974
1572 1600
1538 14
1767 415
418 186
507 1165
502 502
1049 1314
1732 458
1550 752
475 107
871 1850
750 1523
1454 1220
872 984
385 931
972 1593
435 160
1948 1823
1368 1033
1973 538
1062 1871
1696 333
1656 1877
167 1884
1274 1276
1151 187
1319 391
1709 1291
379 1019
848 1540
1711 880
1902 647
16 1082
1711 1602
194 34
744 957
179 1071
484 503
1697 819
1850 1657
1351 763
1883 13
836 715
1882 1832
1841 1311
1703 1877
1354 1770
582 1792
626 1908
1959 529
1946 1480
1480 594
1633 43
1687 386
124 1320
1462 1110
1963 538
1338 518
467 568
1479 419
1257 1
1273 817
1708 1390
1374 356
1861 1677
129 482
1451 1093
1259 1405
788 1640
398 566
811 1893
1840 1309
198 1540
635 1034
442 190
1239 106
1645 437
1134 809
1254 1827
52 1578
775 1630
508 1433
221 849
475 563
922 1287
1908 1524
659 446
77 34
582 971
285 325
1525 1043
379 146
1815 1513
1052 1600
1665 826
997 1422
1429 487
1747 167
1504 893
453 54
769 1961
691 1496
1053 475
888 1901
969 1166
279 1739
1447 1147
1016 171
1860 870
1852 1033
130 136
1728 1945
457 1312
811 357
1272 1609
1270 1984
1627 1157
1331 1960
1101 44
609 879
600 262
1885 932
237 1371
521 1383
1100 1982
393 90
728 1096
1648 1512
39 714
711 342
1795 1016
1367 144
202 1490
1155 1689
515 964
386 1498
352 1107
481 1966
1484 356
1612 529
872 1123
1504 951
1636 783
1652 1334
1192 1643
1571 265
1664 1548
215 110
1947 191
1629 308
145 1440
1258 1732
1702 1637
23 227
1413 932
914 279
1197 1069
596 1884
1610 1843
933 1512
1957 1377
1511 532
1062 323
490 203
1167 151
1224 1723
702 1199
98 136
1056 286
1061 1920
207 1487
409 15
641 419
1551 745
662 37
250 1973
1702 300
1431 1774
1457 1230
1578 1377
1623 43
1991 956
1109 405
174 769
1905 1967
1692 1519
345 1781
1095 979
694 84
1111 1343
149 93
1871 1247
431 259
1879 394
909 1457
1162 126
1145 663
538 139
1325 170
420 12
1924 1058
1321 221
1768 886
583 317
1248 1141
503 954
1364 650
1327 1144
462 1761
1293 106
393 1391
353 1666
1900 1546
24 1096
1226 721
1890 718
1211 879
977 1022
1661 965
1014 59
789 215
898 1367
71 499
1149 846
1065 1226
262 706
1070 749
1943 1749
1686 819
1273 1457
277 683
495 949
1204 1556
1112 1182
1226 1597
608 1040
1114 1071
213 1621
1981 970
1266 1210
914 729
81 984
431 1490
440 1293
1051 268
1688 1329
1384 379
1129 1793
1473 1816
1386 1549
662 454
1807 27
361 48
1402 726
463 1160
1177 303
1868 1029
843 642
1593 1777
518 1352
1117 1702
278 1613
1409 805
1114 289
1090 975
1527 1655
29 414
344 589
1162 1914
408 945
1505 492
944 278
1279 1080
1949 768
695 113
373 1756
1939 1869
1966 398
725 304
791 1770
1430 1195
1621 1635
454 1914
882 565
1800 502
1559 1063
1641 616
1427 282
977 1343
1787 1958
412 324
1814 1846
1967 1132
583 443
1574 1676
840 1213
1034 605
1590 1405
1409 638
473 983
1815 1406
890 1229
490 1535
1685 1003
916 738
476 1601
1630 522
1336 1415
1665 1998
205 1390
514 728
1964 176
900 1543
544 1505
1172 1300
266 121
1407 1454
783 1627
102 1566
349 247
569 1076
197 141
561 820
169 592
1835 1942
1427 1105
317 1430
297 1815
1772 841
1936 1320
567 1558
102 1890
1505 1818
230 85
1399 557
434 1120
968 962
1244 1960
488 737
925 1687
186 308
1763 369
617 846
1838 457
886 213
195 1780
208 1563
697 1451
209 207
387 914
1809 1962
595 971
1457 680
873 1170
1516 863
1194 1401
665 1035
916 1118
1186 716
1727 247
26 1889
806 1532
280 1518
1438 372
1621 28
553 730
941 722
51 986
1624 1506
1840 1616
390 1795
557 1646
926 1898
1761 1318
310 1932
425 226
300 688
802 43
1196 792
1421 944
1760 1419
696 1060
1574 75
1662 1199
1670 1890
1240 157
1367 1052
969 445
1871 736
702 364
1102 537
940 1668
1506 248
716 941
1749 451
959 1233
950 869
1550 1133
1546 1956
601 630
530 233
632 521
1045 1394
1452 1146
319 115
1592 954
692 1682
1283 1261
616 1910
458 1346
1207 1962
78 1525
578 1769
261 94
9 1665
1133 525
156 1943
1745 947
205 1788
944 324
1021 1434
1882 1762
416 1744
1941 1099
1829 1207
665 1255
205 1565
1643 36
1858 656
1821 1437
138 1482
404 1542
688 194
161 976
85 66
200 1353
595 1131
919 1674
709 541
499 1159
1225 116
694 1771
1949 1935
1476 1429
1372 971
1630 246
388 504
1117 1584
156 1170
157 766
1997 477
821 190
1747 759
1584 657
24 1426
108 330
60 437
1754 1610
163 1136
519 585
1922 441
248 1957
1688 111
1600 1544
172 435
253 1697
536 1254
429 1538
995 1748
1889 1037
1832 417
165 1417
782 1924
481 1975
455 386
705 687
659 1333
275 338
1332 228
1351 887
1991 359
1768 1748
1677 1497
1622 551
1673 80
751 772
595 488
205 1748
1624 423
1297 706
34 1866
988 1334
531 979
466 988
977 92
1580 1031
989 603
573 1146
1623 496
234 241
1233 607
1455 1874
585 1154
167 1448
1053 1819
1360 562
1043 271
1969 1332
841 644
712 607
665 1253
1463 42
897 919
1512 1196
1108 1941
784 1219
711 821
1860 1483
1773 1633
1940 1993
669 1780
1062 650
1887 60
124 254
145 1612
376 633
861 479
992 833
1891 33
90 816
211 176
235 269
671 1413
1303 1201
1495 287
182 387
691 922
1594 940
26 1659
806 1030
1966 1430
927 233
1883 762
1371 1486
194 517
112 163
892 221
1627 936
238 1202
1386 1379
711 653
503 1297
1963 665
1985 750
1214 1221
767 1035
244 1438
445 1182
972 1143
1553 573
324 302
1090 1774
911 427
836 592
1059 1511
243 750
1242 857
1316 315
512 1921
876 1306
709 1927
315 728
1929 641
964 1347
1552 1276
1482 403
781 1422
681 1855
1238 1713
1245 1287
1389 1675
487 1314
1592 1628
162 696
837 806
358 496
609 171
601 1566
1748 891
1674 6
1767 12
234 1553
212 1616
1037 1175
1996 1137
78 1057
1212 1121
694 947
1478 1316
1546 85
952 1762
1559 478
705 593
620 398
412 93
152 663
1821 1167
1591 1699
299 1384
474 214
1540 1422
23 1222
777 109
276 87
173 1607
1380 1135
356 595
1134 1721
346 226
1461 1749
971 1934
871 744
1725 796
139 1226
1435 223
1019 931
349 1849
1624 148
391 1106
1386 228
963 71
344 790
742 445
1013 13
1119 1549
1518 733
1989 834
1032 1251
1527 1456
689 1919
1211 997
1603 208
1869 33
1302 1529
1131 1603
616 1125
1373 1697
960 1251
64 1331
1090 1066
633 1265
468 1708
554 1973
89 1063
1470 1707
1629 598
86 1572
1966 615
1144 1667
698 1898
921 1731
1124 2
982 1173
1308 1978
492 1519
1351 336
414 1372
1017 477
1689 1890
1902 1446
1044 1091
1184 1924
495 1591
230 662
439 237
55 1171
1471 836
1250 1296
1559 974
753 1085
1899 1090
312 1497
1662 1907
1178 1415
512 129
1660 1836
1823 491
246 1944
1362 260
829 56
74 1380
560 1260
1707 1343
1544 1341
1183 1837
105 768
219 1135
1704 727
1794 1111
1514 90
1647 406
1220 525
329 1991
324 464
1654 761
1181 624
534 109
1382 1684
22 564
1326 203
1093 515
863 250
43 1022
275 917
171 380
284 181
1351 1985
1463 1803
343 1398
280 1031
368 450
44 1617
653 1898
1755 1741
81 117
215 341
668 137
898 74
455 458
640 266
147 402
269 595
26 1214
1611 71
979 1264
1150 1706
1238 818
783 563
1424 1707
165 276
1154 112
623 1913
1516 1707
1872 675
1747 1521
1087 1616
1461 914
815 1852
98 1341
1239 738
957 1101
1542 271
595 456
345 314
44 1654
172 1402
164 1759
588 217
1834 1233
1378 936
1564 733
299 1902
0 857
927 767
134 615
696 294
656 1411
1902 857
180 1908
526 619
1870 442
1227 1433
745 1918
469 510
1460 10
712 1774
566 1231
325 1367
1278 1899
749 833
984 1000
605 1956
1134 19
842 217
1988 572
988 975
1787 1031
1263 466
961 1988
635 208
1993 1766
1006 180
407 694
1196 1238
735 862
243 1519
407 537
1389 499
1439 1979
1157 929
1775 4
901 1797
1676 738
1270 156
1326 185
875 979
840 865
267 1763
1018 809
1816 57
1538 818
857 1596
1963 1871
658 1903
1263 1190
653 949
235 267
1653 1744
1449 1662
572 609
1105 1311
1562 1248
118 738
1223 1683
1332 565
1181 333
292 1653
1724 1138
1059 698
567 1910
1161 1851
224 1954
908 1957
1788 27
1174 249
1321 1824
17 543
1152 162
1203 1791
432 33
1492 495
1080 1360
1216 520
600 272
617 719
1637 1026
1283 306
1423 1432
1644 1332
1869 500
642 1005
1306 1269
406 1078
1747 595
907 310
1695 722
754 1014
232 746
357 1183
1521 1344
618 706
1920 1137
1307 547
1162 162
781 233
1850 1072
1607 1193
979 1938
1958 559
706 584
280 1304
1894 751
1796 769
1686 1133
233 535
717 1590
458 839
614 901
1688 1062
672 1806
1039 1755
1818 105
860 1290
1596 783
43 238
1492 570
1033 1602
859 1447
977 1213
124 1506
1453 1386
565 699
336 1555
1691 744
1282 1705
822 1505
1248 991
1842 76
365 931
190 1490
1340 928
140 328
289 1217
1619 808
1416 1308
1376 1241
808 560
220 670
1708 1454
1535 1203
1716 1993
617 562
392 1250
388 1553
1588 1677
1572 370
1326 585
450 1312
1252 1550
1066 567
1062 700
15 309
1974 1094
479 646
1784 1333
1400 2000
851 333
15 1145
1875 801
186 1107
1344 1808
1958 647
1379 1197
1419 1127
359 1272
264 1178
501 1766
21 1850
699 370
611 972
1875 723
1136 401
389 678
1992 925
1700 86
413 605
1783 562
261 1444
1015 714
257 554
255 718
649 1329
1376 1818
1219 143
1939 1023
1010 1858
742 1411
1565 1493
1401 880
107 1516
1582 1459
1292 1079
1242 613
967 1151
1111 942
1541 972
1768 429
1543 555
911 1780
1083 1117
1795 19
1728 1406
521 972
1054 355
1600 838
428 505
1949 217
726 365
1662 462
1933 997
1570 1445
1577 1905
194 218
1657 676
1705 939
164 1131
1386 1724
1219 1174
807 1011
1003 1729
222 1680
463 1445
204 557
106 529
884 137
421 883
1189 744
1801 1999
346 213
643 378
1852 1578
377 861
1439 727
1374 517
1405 898
662 1516
566 520
1058 1778
563 1385
1281 1175
519 0
1051 49
1905 1882
1949 1152
244 1453
1690 1686
764 425
489 377
313 192
489 1469
2000 1879
40 750
1362 1618
1239 1692
152 1678
1927 589
780 1791
293 1687
1461 649
978 545
1356 141
1469 480
892 74
190 393
1479 754
655 832
1764 1546
796 1405
220 745
970 626
1414 175
1976 208
380 169
1210 328
105 114
400 345
1334 1292
768 32
738 542
315 191
1608 1805
113 505
1548 527
1676 75
1324 1492
1633 1545
1236 1602
516 1189
1144 1689
1702 1032
1327 1748
1142 347
427 902
721 1301
1636 612
1418 66
461 1663
1665 1846
1858 415
1265 1204
989 1627
820 1129
487 632
1928 517
777 1104
1924 385
1541 85
1772 1908
372 513
1990 1771
284 711
35 1262
970 1788
1474 1201
1617 1381
303 1619
1796 1974
163 1029
614 1921
152 1598
1502 1180
1567 881
1419 765
1764 1980
400 969
1100 412
1908 1535
1024 1249
1865 1211
976 1600
645 1018
964 870
135 1860
1965 1476
1640 1529
1492 1029
1953 1320
1209 1009
1888 429
622 338
1073 1968
1688 1647
833 1871
1099 1347
780 40
1589 1553
753 251
1061 682
1245 1889
811 622
233 647
1492 1041
473 1553
720 968
1573 979
1978 1237
49 1503
1737 437
630 1747
291 1409
778 1413
849 1700
1269 1888
142 1044
1845 1419
1637 709
964 221
1976 1367
360 1821
1469 316
807 1179
1233 379
1542 1165
1231 222
378 1497
1957 1462
1690 1220
1654 1563
568 936
1401 128
920 265
1423 292
1168 948
1107 1952
481 324
1317 1445
965 48
648 1636
1543 1576
1425 783
550 513
799 273
876 1415
1749 1070
1635 1354
1880 1017
954 86
1479 1064
1073 808
100 1517
597 1069
166 864
418 481
1705 1722
1106 1398
397 91
849 966
288 1977
712 1395
518 660
543 530
298 426
512 469
312 467
1674 1067
972 1152
1706 1045
180 1165
429 1517
1997 1488
1607 236
854 252
1322 616
1401 1917
1193 1312
1760 145
144 1531
1070 1435
264 12
1488 1486
238 1483
132 1126
596 1533
1308 961
972 1520
1617 1662
823 1521
507 1978
471 1691
231 1568
1961 1327
1657 267
1357 1949
1501 1923
380 923
1465 1400
130 1430
1877 1065
1200 1689
529 568
408 566
125 877
124 1193
1273 275
361 658
1119 55
1374 1174
1697 816
33 109
764 1632
1104 772
1614 18
755 575
1150 1193
1161 1577
858 323
1058 1750
66 1532
810 743
1125 1433
152 532
33 53
642 1758
1587 1098
1000 681
782 1534
927 493
1578 546
1031 725
65 1781
1690 981
205 1999
1748 1936
1561 1009
1130 1635
1282 283
352 1460
1696 1820
376 945
526 1791
1736 440
19 847
879 1358
269 1654
1130 114
1816 307
1498 765
1237 653
1586 150
261 979
335 1587
1871 754
299 256
1524 1559
1799 1435
1181 937
831 506
367 933
1781 118
1346 1762
803 1119
409 572
780 1534
1155 972
1464 115
1733 1848
94 176
1584 696
1016 1904
868 893
1192 980
719 741
1767 436
1149 1826
119 1686
1817 1635
664 1483
552 925
178 331
562 228
666 128
375 603
1777 1392
1729 983
1031 331
1888 134
0 663
874 1392
636 870
1700 1241
217 1822
326 270
1046 903
986 1243
1442 1459
534 1658
1584 118
1179 808
1037 1976
1751 940
682 103
1701 777
1075 1217
1108 263
618 378
1340 1330
1124 792
252 748
209 1214
1043 1210
1110 1112
1893 1138
427 1352
1233 396
406 1537
1245 1654
1472 1420
1413 1309
639 1632
468 1986
1569 78
911 764
1421 254
1033 1325
413 579
676 1600
1112 1028
266 1311
393 1602
353 1472
1152 178
117 801
1819 1305
395 57
94 150
1168 1046
1702 1570
915 1178
904 88
1555 467
478 1853
69 324
944 851
1723 1943
1682 361
1907 925
1791 365
795 76
9 1358
1350 26
1242 837
960 909
1993 1710
145 54
175 1754
1947 1582
335 1510
1062 1237
1085 1596
59 348
248 1721
505 1873
1954 573
1956 1092
15 901
1160 1873
1910 1497
1261 897
890 514
457 863
31 1598
617 394
1676 1810
859 1310
671 1419
517 131
440 419
1483 856
264 1731
724 146
1944 1065
584 229
1579 1709
1698 954
475 1650
388 1063
156 373
1171 1365
380 126
1968 1148
802 453
808 875
1558 1133
1618 255
1257 388
985 370
1949 1223
1353 1467
1955 318
706 475
1535 1744
597 972
431 1921
928 110
1801 1328
904 418
514 6
136 491
1993 68
1330 664
1295 1959
1666 730
1735 1358
1356 928
63 1240
1369 101
720 55
949 1612
1399 1369
775 841
1956 1665
277 821
752 1616
1145 1623
510 1574
433 1377
1800 830
594 432
714 1002
342 1762
1660 841
218 344
611 673
1444 937
560 1990
1195 861
1888 1510
642 1565
1228 429
1222 690
819 107
992 1418
1388 1280
1163 1271
338 523
778 1468
905 1765
1074 1546
206 1349
853 1044
709 1077
964 1173
1618 1090
185 1603
6 1804
1390 473
949 1726
311 7
1691 126
394 440
1905 3
340 1172
1422 456
235 1678
863 1940
1382 1241
1874 1134
572 313
1497 543
17 635
1355 1003
1928 1804
1221 1486
1526 1312
1605 47
943 1899
1536 104
260 1953
1362 365
1218 20
549 1919
1093 243
762 1237
1954 1252
256 1114
1259 121
1895 231
1181 413
989 1266
234 724
1315 1557
1613 636
1653 1247
1799 68
1185 269
950 1089
1926 1880
1644 1487
1990 1860
1407 1051
1673 1130
1626 1194
582 1709
400 321
1047 148
1737 293
1433 1542
1284 1726
1354 138
1502 221
964 1178
1843 1444
1618 1925
1508 680
1800 974
91 1929
848 1669
1270 1209
1862 1439
997 663
1882 1216
1194 416
1016 1216
386 135
1417 724
1182 701
1437 1980
193 434
224 547
1366 797
994 502
1804 1347
516 605
1173 123
601 764
224 928
10 212
950 1551
293 1090
1844 69
605 1508
359 515
956 774
899 1662
601 27
1645 733
373 1746
1387 1657
732 117
687 1653
1662 880
834 1696
1599 587
1496 62
1256 1178
1909 164
127 654
92 53
971 1104
1144 1844
176 202
708 213
1474 365
1401 428
294 1655
303 382
848 1235
709 987
1596 74
1200 545
1871 594
1570 128
38 861
656 535
363 1617
767 1234
454 1344
1896 1250
297 970
317 556
197 652
335 1171
881 537
1919 201
1084 276
5 820
1083 1951
554 188
1912 895
709 555
1105 386
84 1799
843 1345
1840 165
440 637
216 73
170 1308
1660 824
1467 1060
601 346
1207 1101
827 975
55 1152
1968 1383
1823 300
917 1692
592 1281
1138 764
520 572
1944 441
965 1432
195 1833
1604 1548
143 758
1975 335
353 1161
1083 472
1752 421
868 1995
1355 1671
1136 826
1572 1867
1724 756
15 470
762 67
1008 1615
88 700
279 465
0 12
781 512
424 785
124 729
179 377
1541 687
1913 1381
32 24
1555 316
1657 1862
1279 695
1914 431
97 1973
1238 360
1439 792
1164 926
489 240
365 1315
657 1188
1400 388
22 1315
472 966
556 19
648 1857
349 1473
539 1551
1678 1922
1020 1166
495 1852
1267 981
559 1014
1438 1471
448 395
1667 1725
1702 404
449 1153
1921 1647
91 318
15 693
1387 525
1437 1023
1381 1941
1403 114
465 922
1939 1074
781 1176
154 1938
64 1901
1736 840
823 1033
1889 1084
883 1206
1183 1860
1874 1344
652 184
748 229
1726 1638
1361 1935
1812 1634
880 1365
1924 501
1059 1636
811 731
1693 1554
769 1903
675 1535
380 312
1721 1055
159 760
622 661
1063 915
500 1861
1345 1555
1764 1977
238 1686
1683 1221
1032 1552
1234 417
297 1596
634 1447
1813 123
1912 1156
736 1644
1279 346
607 133
64 4
1660 1371
1541 1537
1016 1092
1507 46
1459 1161
452 688
541 421
723 1703
770 706
582 263
974 23
440 1236
1280 1539
1277 1462
84 1908
1947 1206
258 35
488 583
580 550
350 854
1311 369
1133 1425
346 957
1072 1667
1360 848
1268 765
1785 261
1141 1414
848 1371
1254 212
1298 1155
1950 1702
110 1205
1204 560
803 877
862 940
902 672
1872 769
473 818
1118 1025
258 1615
462 1613
1248 602
1950 1840
899 745
1140 1833
1242 1317
1971 1531
1454 461
1752 484
190 742
153 1301
1361 1721
1305 257
1264 392
1953 1892
919 1065
1506 403
1117 1611
1513 353
749 1283
392 1837
608 1687
1156 649
1590 743
617 310
1528 372
1666 1558
1290 409
713 1387
635 1344
464 751
938 1676
1524 1253
443 478
479 1599
1639 1872
1669 1579
1135 1575
50 1669
420 188
25 1746
656 1326
525 1291
305 332
1495 215
1598 535
200 1056
1451 1291
1981 1923
1647 1009
129 729
1616 1007
94 1957
64 653
303 1914
1342 161
1176 1476
1669 76
1533 607
772 1936
830 1971
1774 1270
508 704
1600 1324
740 195
1369 1747
603 1396
1047 685
1870 1384
246 1865
1449 374
1269 452
1188 851
1901 1750
1174 1790
1453 1017
774 169
60 1616
1789 206
1028 1597
925 1792
733 318
1486 1863
126 24
77 1430
635 601
1428 684
1745 1323
1113 94
1627 562
592 1152
1217 765
592 1389
577 1818
1046 58
1373 273
651 380
995 1997
492 917
1285 1811
674 98
553 1039
1498 1664
1510 1733
1762 997
1560 1027
1049 1885
1528 117
320 1840
1719 1025
1092 1157
832 1158
402 146
1498 195
1149 223
1414 316
36 1762
1033 346
785 581
853 1870
1937 870
487 636
628 1869
629 1855
256 1704
1873 1930
833 1021
608 1855
182 987
1848 1539
1931 769
1290 1161
557 1011
1989 560
239 722
1574 1123
662 1856
1853 573
572 1949
1825 119
1523 743
1364 526
738 1625
1994 1909
619 1338
293 1690
952 1498
303 193
1228 879
506 1586
841 1771
1684 70
1332 753
1901 525
496 1851
89 912
1346 1329
1939 1845
1314 1068
1633 1968
981 560
784 117
1995 38
13 1637
1187 218
1883 1585
363 1378
517 1645
1127 504
1233 144
1645 1591
1184 362
863 1744
1647 402
233 756
188 407
757 1738
711 815
919 1579
1775 1255
949 500
285 853
466 199
902 751
1972 1613
466 1334
1150 893
1684 890
1344 847
639 1685
1426 608
1130 1413
928 1978
1303 1031
1462 128
1626 1009
46 137
1473 208
878 1181
1658 1293
1177 1453
1908 1002
447 1832
1192 1180
132 82
736 258
1612 391
1304 1262
438 1385
1821 1832
40 1695
634 1768
1042 1728
85 1386
1536 1470
483 113
402 902
1093 1989
1462 865
1668 1712
1202 1299
1055 509
419 126
277 1730
878 314
215 1855
1812 1765
1796 82
817 1546
1325 1952
1473 773
20 1037
865 1954
1971 161
660 516
247 953
288 879
1401 1571
1185 124
533 1677
319 1302
1284 1966
1036 878
1086 355
1494 1554
1286 1263
1095 976
527 1064
1145 1554
131 94
328 1545
1240 1470
1692 656
1871 503
1897 782
272 1450
692 777
347 398
1310 1097
161 1933
1889 194
263 1027
1222 1567
307 1626
617 185
1948 532
3 1804
1311 1701
1637 1682
1893 1635
857 661
348 480
941 1212
1953 1217
1308 758
827 1207
1011 542
1590 1871
1133 1283
31 1378
280 1785
1474 190
49 403
297 561
795 945
576 1954
983 1753
586 232
863 1360
1137 863
838 254
223 1125
927 626
1185 239
1768 1050
1122 689
422 1154
217 1373
641 1356
273 1967
1023 768
1896 736
363 80
109 1299
1690 1691
416 1092
319 134
1364 1753
371 924
103 328
999 995
959 23
279 1711
583 1889
1502 1208
59 1350
339 1790
923 1585
606 754
651 347
962 1688
968 1428
351 695
663 332
999 88
427 31
794 1717
638 55
1985 885
252 712
459 1756
719 306
1006 403
1754 1739
732 572
54 840
1572 498
1009 1372
1081 922
351 206
1617 1324
1579 1164
1140 752
1670 1157
72 467
416 120
1294 1335
1230 1745
902 677
1248 464
1258 1541
1832 296
194 1772
664 282
1020 1627
1775 1155
995 1849
589 208
1135 320
73 206
455 1906
52 535
1189 70
123 1089
120 795
1532 663
1375 1447
104 1991
611 634
285 850
1039 462
861 203
137 167
1879 101
301 1391
196 1143
1967 115
389 1849
1501 350
236 1014
381 276
214 1218
484 1668
1617 858
1122 1563
244 467
1050 357
444 1948
1036 1860
1900 301
1932 1162
773 1396
1313 1320
1935 1612
1327 1826
1615 821
382 887
270 1285
1446 1855
1408 1594
1840 1970
572 1673
1640 814
1971 1426
87 603
430 967
1983 1731
1200 1581
1572 1514
198 1863
1203 1733
954 1657
1211 1085
1979 41
1342 1821
900 972
942 652
18 1446
1664 636
1245 1912
632 1116
264 745
975 1139
1197 1764
927 1785
1583 708
1822 855
579 1562
1856 1801
1548 143
656 1187
1776 648
238 1506
1272 129
1427 796
307 1520
1602 418
1606 483
320 688
727 767
38 1052
1210 426
749 354
1790 13
1012 1590
306 608
1548 64
1385 1963
651 568
67 1240
381 1435
1925 733
329 270
1022 1866
12 887
920 575
1808 527
1863 835
655 1364
189 1943
870 1667
1357 1766
1209 1146
868 1132
448 870
1578 321
1150 692
646 1101
1837 445
1292 1715
528 726
777 790
1761 247
224 792
1884 869
1991 1343
1459 1087
1287 1652
817 1809
297 195
42 36
315 371
1557 1731
956 473
1382 1750
1126 280
116 1349
587 1024
674 793
440 333
181 411
871 1998
1041 1490
852 1168
837 1075
757 1451
1727 1588
328 630
1999 1680
840 14
276 1639
1303 761
1389 125
970 660
548 1630
1350 64
1343 1690
1856 431
1697 953
964 484
1038 426
855 1356
1146 1946
1289 1451
1624 383
54 663
53 9
1928 1639
719 1898
1539 248
1025 1040
1657 912
943 877
526 464
217 374
962 741
1525 192
1021 1562
228 1075
833 819
261 1075
1667 1629
140 846
88 1184
1059 1239
46 1197
386 279
1970 624
416 76
1459 1394
1036 1002
137 1638
1682 436
1696 193
1973 1480
461 1943
244 1643
1072 484
461 1302
1122 496
32 1687
1186 734
1556 929
306 1585
197 490
1401 103
588 1171
659 594
1504 460
1172 518
1470 1782
776 283
1186 810
638 1114
447 731
1154 943
1285 1625
1808 1758
442 1737
157 1008
201 1616
411 1392
1562 59
1846 43
734 1771
1190 1650
272 1430
1155 931
1539 1760
1982 716
1040 178
1343 1873
820 790
100 1115
402 495
1473 193
1992 1677
633 1464
1069 1515
152 1442
1304 839
978 1991
63 1792
256 123
1573 1558
1714 930
1209 1858
1170 346
959 511
81 1424
426 398
1440 790
251 1604
1443 1512
696 1160
642 1617
1228 1531
1747 1047
1819 1368
1087 1214
897 65
1472 211
674 431
343 1319
696 1377
1098 216
975 7
1882 1065
1335 348
938 1006
698 969
698 472
1916 1593
134 1174
1409 1241
1351 99
1057 176
1515 1411
1378 1797
1689 1747
1587 1880
1072 280
789 671
1684 1124
1159 439
365 1264
1335 741
1056 1926
1460 1997
922 927
1349 1271
534 1256
306 265
1188 1882
526 1528
639 163
1370 1136
475 1031
917 237
1991 324
1429 1115
1222 1998
787 1418
505 10
719 1892
795 813
1780 1743
1616 1107
585 892
345 925
1879 273
630 1571
1315 1164
704 1005
592 1322
333 565
1702 449
1015 1060
977 1481
993 1301
1117 1681
229 340
732 470
761 1833
1832 1756
476 1913
1894 829
1575 1422
1893 1143
1782 37
1969 593
169 963
730 533
291 1419
964 1106
401 1908
126 546
1916 1992
1564 1501
1433 527
1483 1959
896 1672
787 760
1330 458
1475 1237
253 1928
49 149
220 1950
1197 236
57 253
126 813
421 466
703 724
1565 995
381 1213
1722 1873
1104 527
116 666
1165 1624
1844 1371
16 1885
507 684
1539 1713
210 757
570 576
1037 30
1686 1875
929 222
65 1050
1074 1490
993 122
1048 201
750 693
272 140
215 1205
1625 396
996 1155
1679 1166
770 626
198 1019
1284 712
275 1455
717 458
1610 946
892 871
318 1189
506 1944
1621 169
1800 199
367 1081
794 1095
438 517
1818 1681
315 892
188 670
1804 1982
1544 284
396 1813
1385 680
1348 804
1048 1349
428 856
420 931
580 1317
1142 671
1478 1557
278 931
853 497
1097 937
1799 569
252 433
1327 256
1125 1029
249 201
1893 1260
1178 1946
1998 896
1629 206
544 852
1443 793
702 1963
1509 592
1531 253
704 937
1403 17
850 680
1108 898
592 1652
1920 1685
1916 778
261 158
247 1166
1119 722
243 1948
372 569
27 735
47 137
204 1339
669 1925
1107 705
301 472
19 1625
1590 778
1618 611
1454 80
1210 1297
1595 460
1789 720
381 193
195 11
1895 876
38 859
684 1966
410 541
766 1557
117 557
1623 622
1480 607
1167 1034
1435 274
705 776
1623 523
949 1757
143 1736
279 1170
1503 1149
880 1456
1678 573
1373 1387
427 816
12 350
1217 1854
1694 1938
1605 1318
1252 165
835 1220
15 931
1518 604
1609 458
622 1013
669 71
1298 1859
782 1884
77 1685
1927 266
18 1481
4 298
1408 820
215 1017
1007 1600
1777 1578
1421 1387
1596 1643
1320 460
162 375
56 175
1639 1799
1812 1120
950 395
1891 1425
1605 1702
639 1239
18 551
795 1835
1859 432
841 1672
184 414
1839 473
1273 1019
34 1997
1800 1170
263 476
21 1356
398 988
1377 1210
14 1703
1966 1652
1923 1206
1835 1624
433 1470
159 470
1928 1866
1118 1150
172 696
1494 661
1461 1103
373 884
1900 444
1019 126
7 1926
768 1840
1030 634
56 72
198 822
584 1985
126 1053
1877 1657
1233 91
1659 642
403 1891
471 499
328 273
103 711
1996 1577
123 641
1715 267
1846 632
1424 112
152 997
695 1445
312 154
1979 280
115 1003
766 1127
1124 782
793 1250
194 606
519 234
1321 623
1881 1100
533 1767
17 1203
1146 1167
351 1231
1187 410
895 1982
674 1700
1929 1439
245 271
514 832
1046 667
1283 1427
607 890
1273 1912
1914 1687
1550 1659
1374 1254
1191 389
1219 394
357 847
848 1797
795 160
1728 1820
754 695
450 1343
1843 961
1479 1342
856 928
1168 156
112 280
1010 1972
1544 795
1820 90
1194 1594
1524 674
1350 133
1883 1991
88 1283
197 286
1061 730
1884 1409
287 1301
611 242
596 1178
1107 935
1832 1379
1326 1638
1432 1164
506 41
1839 1009
467 1426
1024 116
453 145
913 1078
530 735
1325 954
642 762
96 1834
1099 1600
1956 1915
234 325
781 1803
1761 141
589 1279
619 1625
1616 1291
987 707
1901 1062
1880 906
1377 1110
174 349
1741 1988
1350 1379
949 397
1970 1331
1251 1415
557 1580
1771 1972
1776 458
1058 555
1959 1648
830 1652
467 1757
169 1747
1190 1276
659 907
734 1517
1453 1856
1172 222
495 1310
743 1129
414 675
160 998
210 705
1710 1765
885 179
1594 78
1601 429
1275 1504
833 503
440 1730
1745 1991
904 1845
1164 1912
1282 1692
398 1234
684 1447
350 1482
1633 1586
1450 1762
1268 521
898 734
41 1946
1380 314
638 450
1320 1766
52 1083
1815 1549
734 183
1203 1405
1593 1062
170 276
1359 29
1870 860
1502 1896
1348 437
1477 1798
814 1374
670 1609
1082 79
10 1318
247 737
1206 173
1495 1339
1103 1459
1173 1100
349 1510
1900 1112
50 1075
401 1751
240 847
99 1178
1765 493
1330 1851
902 945
1120 992
1319 1577
8 1480
1260 1151
1878 1397
405 697
992 1024
598 1362
1060 261
1481 847
259 452
1960 1644
591 1682
923 1346
958 934
1127 478
1899 239
1973 878
661 1619
783 1513
1165 1980
433 1533
733 909
433 655
191 23
471 534
1775 1479
1371 1788
1913 934
187 726
1877 919
413 350
715 1326
925 1808
10 141
97 826
86 154
862 687
1844 692
1637 523
1624 1636
390 1234
1505 1124
323 1843
312 338
1502 619
338 650
898 1412
1945 275
1228 1799
926 701
177 5
132 1716
632 377
1088 1842
463 386
516 746
1523 968
449 754
72 374
1736 1226
1198 633
690 300
1936 88
682 435
1104 853
529 322
286 1517
1771 256
56 1259
1117 101
1422 109
985 752
1426 336
235 715
1875 1545
1329 27
1459 484
690 1447
179 696
597 498
752 1226
505 319
869 1270
1935 1566
1169 1076
1223 1090
449 1993
1366 1474
1959 560
1389 1686
1646 450
1143 1969
1049 506
355 1977
1154 1293
755 705
1645 200
937 1106
449 99
1605 1438
1259 558
1802 718
526 15
1493 1141
11 202
1924 445
966 745
1781 1682
1060 1213
1781 1049
1115 842
436 1498
1454 1509
135 1553
1682 1476
606 192
330 597
1773 792
438 1578
1847 942
562 645
1475 1113
1669 1064
548 1572
208 1242
22 898
714 310
591 1156
709 17
1139 768
334 1590
1010 1217
679 933
1071 1234
940 870
1666 1154
268 1694
151 559
668 615
806 48
969 1282
365 692
116 472
264 1691
636 624
876 1961
678 586
1720 92
1503 940
888 1003
1259 1086
1479 1165
1863 1414
615 721
193 539
1279 199
414 354
813 1675
1953 1110
1902 1697
887 1831
1399 1597
1716 1378
1873 752
162 1678
1345 800
1834 1104
550 992
1084 961
875 1561
1676 1869
475 1520
1156 1678
1507 237
1439 119
736 1299
1391 538
1358 1696
1002 520
1263 1794
1130 327
1325 547
320 404
972 683
1835 750
365 629
1275 1137
1041 705
667 1895
1860 1154
1905 1054
368 1420
1123 758
660 864
1290 660
737 1150
1451 1494
683 606
1026 1068
1046 159
394 1696
1516 1426
35 46
362 15
655 1573
724 255
1820 1591
1779 1311
1007 969
307 493
1225 185
543 651
1085 10
1482 1097
468 1896
1520 1928
1252 1340
1813 90
942 1714
1414 13
939 1678
341 837
1731 978
536 1384
257 437
1787 1609
487 297
235 95
1042 1158
482 373
1574 914
1710 1091
896 437
1764 268
244 64
775 1275
1462 1725
747 891
1124 234
288 993
1322 421
413 285
539 1716
1846 1298
870 773
1706 1509
957 318
1512 100
1386 122
903 1581
872 1919
588 698
305 258
989 1368
997 682
713 1375
399 269
278 1287
796 337
1706 652
1136 825
1239 672
965 1370
603 273
476 293
1610 1648
1184 1633
339 825
1501 880
1299 1810
204 1516
11 1441
210 1215
622 740
472 1208
1048 347
975 1163
236 1215
1275 1690
530 445
1057 1586
756 1834
1517 1843
1335 1775
1301 1715
1791 853
948 1885
164 1804
284 849
1970 1673
351 328
593 1877
1320 1720
625 257
20 0
241 1429
1295 1308
487 1193
1518 260
1996 423
1732 760
1995 1691
816 92
149 592
288 1176
1589 1711
613 1864
1504 1075
1357 1539
1060 994
1638 1268
1520 8
1897 303
786 1977
1094 1061
516 1071
444 1303
816 1467
1397 1144
1656 1880
1437 1219
1823 1684
247 1369
1078 741
1254 351
1175 1590
962 1466
1167 247
1898 751
1033 986
979 611
1634 1244
417 818
1529 1278
1112 289
45 88
1405 1647
464 1297
361 364
572 1557
406 1645
1701 1014
42 1757
476 1415
449 887
1717 521
1649 1735
1778 747
21 1341
160 996
1268 1418
277 1128
516 1208
1816 807
993 1484
1697 1749
263 932
790 1557
1233 326
514 128
1142 1643
930 1526
673 1616
328 1761
1533 1543
1905 1666
1418 958
914 361
622 46
962 1936
1460 1883
32 1696
233 150
84 159
182 857
1519 279
540 1313
744 1415
1502 145
1663 47
1565 1635
1430 582
961 1245
152 1405
1300 1809
879 1759
1320 1113
468 1704
762 12
826 1892
729 249
1300 1521
164 1652
1466 578
679 1766
1380 506
1667 1436
1788 407
1771 815
1177 277
985 96
559 582
1837 602
122 1328
225 1505
337 1620
1791 966
1732 1914
866 1942
737 792
1232 1852
626 1696
1819 385
1076 990
1741 1140
1905 1093
1799 511
754 1711
708 1751
1539 889
1881 1655
807 1025
1761 1253
516 410
102 416
23 762
1979 1150
1360 1877
654 1066
82 717
322 640
1788 1411
753 308
462 785
1174 1691
292 475
230 640
1218 65
1849 1694
214 87
1466 204
1359 1411
1236 541
259 1243
1949 152
1020 1824
757 1216
1410 106
1593 641
1033 935
1176 356
834 958
367 1280
138 1460
353 1643
845 813
696 660
525 1903
88 1493
712 510
18 1993
861 1093
536 1450
602 1382
1281 490
201 1449
200 779
729 21
563 320
771 163
474 1445
1661 1929
1720 129
1585 839
11 110
1903 421
805 909
1273 201
1174 51
728 304
368 1189
1857 1753
792 1719
517 1817
1263 1802
381 53
1595 1655
952 469
811 1315
1429 1322
1121 1138
1245 183
1488 282
1827 995
1574 469
220 1364
1943 405
999 1654
797 654
1506 1347
682 1003
1545 1851
1935 1897
1544 1501
194 441
101 1944
1168 1098
1170 1428
549 1446
1944 174
1478 1608
1614 1560
634 668
193 1500
498 377
1299 401
660 1465
1752 1746
1693 1076
1457 912
1485 46
240 1051
513 1119
1858 1500
1225 1977
1590 1205
1024 1112
532 1061
1570 239
1692 1994
1226 1114
76 1436
1407 68
206 1551
1025 1437
1927 1684
700 128
384 828
788 1659
1220 246
1699 371
1570 1250
846 362
219 1646
438 1698
1650 537
1435 1795
1189 779
764 992
753 359
1199 1076
1783 1476
1971 1021
1736 1408
1698 117
1411 1830
1416 1220
1525 1511
0 715
1579 948
1547 1848
1324 1364
1046 1149
1030 1115
1212 707
342 1702
112 356
771 85
1981 194
20 754
329 1245
1796 912
424 1444
1815 288
1914 1613
780 1582
911 1025
1221 960
1081 485
1387 1122
1390 1976
791 1279
1091 632
627 436
1770 819
723 20
497 1350
1933 1903
1365 468
1472 1572
1439 1573
498 1406
77 915
1288 759
966 803
1430 1395
329 1870
328 394
1420 1040
604 1199
1424 25
1881 1948
1227 1746
1812 1240
965 653
1873 750
1948 640
1333 24
141 1280
1103 1843
1138 647
1985 1062
1238 1252
649 1131
123 591
1840 490
515 809
937 1552
252 983
1148 758
1904 1952
1873 1745
1854 753
135 1212
542 105
1084 782
934 1486
923 921
287 1238
111 199
1809 1969
580 268
1455 138
1151 580
1448 1106
1064 279
15 366
1948 1011
127 1395
1642 721
1453 287
1816 150
1863 1690
297 794
1581 246
1592 585
1275 807
1626 1629
1061 1766
417 1772
1697 1310
953 699
1969 368
707 789
634 1907
438 804
720 973
173 1334
1938 574
682 1680
1748 183
1774 1848
1886 1936
1296 1172
1927 734
879 1877
130 712
1843 953
7 120
1953 1279
1082 733
1354 1874
752 1152
4 1930
553 1691
579 1664
689 147
36 1897
1582 567
840 723
616 1398
134 1056
743 1979
578 697
1198 1215
194 5
399 1763
1784 923
1988 1923
1952 1723
1268 1254
565 277
890 1575
277 974
153 54
1894 1557
93 887
1170 1155
381 47
75 1838
12 481
1837 1122
271 1361
1890 1808
1464 562
863 215
1402 1555
1038 1492
1065 1989
1357 1144
131 1335
1375 1562
890 65
614 1285
1968 1344
1842 1754
570 504
805 1425
397 1691
832 1445
539 755
1850 1194
85 741
1801 1570
1375 1370
805 309
1264 333
542 328
1664 317
247 1434
973 1565
1266 737
757 363
134 1049
896 834
1641 871
147 1636
1209 342
1980 430
1145 1749
333 1220
1576 426
1594 919
964 1365
1228 310
701 1185
914 1886
1768 226
834 1677
865 1261
367 1326
473 50
1478 1061
101 1536
83 1762
381 353
1888 1061
306 1123
1746 1702
1920 87
343 451
1737 1084
1215 1426
346 1669
1136 755
929 1391
1782 879
1826 1039
911 1253
1303 1331
572 1652
1257 1793
847 1902
492 1995
1439 1964
1933 1488
475 105
1663 1392
838 474
320 1369
774 1840
1266 577
705 1146
1916 610
1607 134
1492 1060
1610 676
1392 551
1455 1444
1841 1873
1393 745
1787 548
553 1929
1216 1046
1143 1100
1875 1107
256 697
1521 1136
1069 1015
1272 1935
382 224
1347 1836
1549 1608
1819 1935
1199 25
1846 1949
1758 441
829 1604
584 1350
570 622
845 1258
1053 1656
171 255
491 549
1446 1264
71 373
758 1856
1156 607
115 1964
1845 431
1829 1311
1924 1255
73 1119
1305 1724
967 741
681 488
1335 1768
977 1467
1867 504
318 1919
1767 1096
30 208
705 1918
1192 235
1920 611
220 711
358 754
1087 657
112 78
1746 586
1493 763
1228 1860
873 156
799 495
293 1728
1163 1820
127 118
1913 1019
268 1049
795 1864
847 1266
22 1468
1306 669
421 0
13 1352
1876 1996
903 1526
1563 866
1792 55
1466 547
1576 1469
1115 523
1641 1323
1418 620
590 1677
274 388
1459 143
514 298
1038 729
276 598
36 104
549 1397
512 379
168 831
1750 1295
1174 1734
845 1378
711 299
423 758
875 1546
1772 674
1080 619
1603 349
919 214
1677 1681
1859 1480
1680 1155
256 1651
955 751
1695 1168
1687 1555
1617 1663
461 1965
1638 1291
1081 1510
1176 461
1216 601
149 1279
624 573
1899 1042
253 1604
1245 1704
1717 1432
465 952
483 499
1570 301
743 783
953 616
977 1889
1609 193
845 1694
1833 467
1666 1933
54 1976
293 610
1209 1775
733 845
2000 911
447 1674
627 484
1657 938
1764 1650
1063 606
26 29
809 1625
1523 207
1469 1388
117 864
182 622
1593 447
1164 654
1290 500
493 639
1058 1741
667 346
679 212
1934 527
1548 38
372 1109
477 1800
518 1475
28 1410
1394 1960
491 1670
634 1524
775 135
1484 1835
1684 1496
1163 485
229 1363
1866 842
1610 444
1839 243
1615 261
1146 1476
558 1879
628 89
605 259
212 1925
45 1952
250 898
769 1635
804 487
132 1750
1631 1518
930 1165
815 1807
1199 562
1928 914
220 1214
668 970
1428 1656
1679 42
716 1027
1938 1204
1179 148
1355 853
1506 1853
895 1161
1270 785
405 4
1558 336
1787 105
1958 1847
1727 942
1821 613
1950 322
1078 1257
1325 1100
1133 1929
326 497
1100 1906
578 1818
1230 779
392 837
192 73
960 786
1709 1402
1898 1218
1400 1622
626 251
886 1683
1151 1549
1274 1717
1192 530
96 939
937 1611
1022 382
1225 1080
726 538
70 388
833 369
1673 1249
658 1215
500 733
437 1853
482 383
256 816
1930 362
1391 129
565 1365
1381 80
1478 1105
60 1132
507 530
193 1565
484 1200
1020 651
1206 527
1090 108
830 359
120 1297
274 189
396 1578
1343 1778
124 1175
1527 3
1968 199
769 1774
1952 847
1208 163
206 1552
814 816
350 1126
1334 521
269 1567
957 781
210 1196
1978 62
1341 1723
118 85
396 1134
1687 1385
1319 1524
81 859
369 182
1385 1261
1020 942
920 974
1115 67
686 73
1378 5
103 912
1710 1046
1392 1124
1037 1836
241 892
869 980
1493 655
993 1747
1908 172
264 802
1132 1609
116 23
929 1139
1129 532
1766 1072
1762 496
1060 1110
714 1378
978 702
1207 844
24 361
1743 1494
1562 49
1203 369
285 223
17 1745
1557 943
1007 106
812 186
371 1326
1718 1728
1697 182
1252 807
1578 1644
1155 13
463 791
962 152
636 1028
579 1757
36 624
491 92
659 1413
1577 160
977 502
1041 616
867 1889
0 73
834 1253
736 951
1925 1109
61 818
1115 913
1968 1808
207 1856
258 1968
1091 1210
861 1858
1761 1885
1786 1375
67 603
474 1774
660 576
7 534
1812 243
1696 928
341 535
1559 917
1055 249
1762 1878
445 1416
1958 1078
46 1733
848 388
358 522
1471 1378
1197 426
1185 843
71 1430
240 1304
268 1273
330 1539
1228 1961
548 481
335 1020
328 1976
1028 929
1711 775
406 1299
1013 1784
1898 1681
1222 170
887 1575
1582 661
1980 688
1597 1739
545 508
1190 1200
1522 1818
197 1633
160 885
807 833
1467 459
171 496
114 1284
862 850
1923 1798
561 1235
1666 359
1733 185
43 248
1369 548
49 900
169 40
1138 440
1081 1709
1694 1522
1076 892
1789 98
1708 908
1494 229
42 386
515 427
670 337
471 1084
1185 57
1822 1581
1421 1121
37 1836
741 1729
911 38
1093 1213
1976 1951
1630 1642
581 638
991 911
531 1091
1590 508
963 790
1729 1981
737 1751
1902 487
970 1514
536 774
1627 1720
1286 397
1505 590
1900 692
1375 750
290 1881
1146 1780
1690 661
391 1874
612 535
874 709
1493 1694
1826 1335
980 805
739 449
1356 959
751 574
1556 1564
202 1276
1870 1609
1953 1108
1948 1954
1566 1986
1975 1789
350 1689
1392 873
231 518
963 383
80 408
1882 1089
1568 201
1310 1183
1011 1379
1861 981
328 1539
982 1180
278 1561
1581 781
1692 39
1203 1321
1072 1761
78 315
1578 549
552 1621
1192 1193
1065 211
175 1458
1616 1714
1306 555
1179 764
254 144
226 98
1666 1292
1392 359
1374 1250
1162 1955
850 768
827 316
1839 712
551 618
1298 1667
1928 1723
1759 1809
857 168
1948 52
700 427
663 15
1697 1897
885 334
971 272
1863 668
1698 1303
240 1562
583 78
1036 468
197 1991
645 945
1003 1281
1661 1212
270 1808
162 968
1453 446
1748 452
890 1942
1383 1290
1704 1000
1925 1432
1179 1681
1645 131
144 778
1827 1786
1054 751
550 708
740 1543
654 1886
1756 597
238 881
1009 639
417 1506
500 1823
1285 995
1658 1042
1403 631
425 1124
1093 1992
560 944
989 1791
1318 412
453 1883
1864 1181
1022 1366
1705 899
320 1959
312 115
784 189
571 217
1256 1299
545 987
730 307
1048 846
288 1592
1777 1166
120 1789
683 896
478 686
680 670
1700 1261
1992 1040
1500 1353
758 1867
711 358
1728 1789
429 579
1059 38
1915 1847
1343 1301
488 752
1967 524
1213 1748
373 1556
1420 44
1578 1708
1167 1119
1431 1938
1156 591
1262 1251
1114 1224
52 455
144 117
1961 1957
1977 752
396 1288
882 1319
544 782
769 1363
591 1441
1613 1416
414 901
762 1104
989 388
452 1792
623 1646
229 876
1481 1990
593 57
1283 51
1231 944
444 985
1891 1927
1230 10
124 1819
622 292
1436 750
856 361
95 1386
1788 1881
1981 749
842 1201
1135 893
1449 1366
364 1453
1719 978
672 1940
242 1998
870 736
572 1648
1203 1773
878 956
882 1789
643 1441
1042 1657
1911 1883
1394 1919
1518 578
1476 933
877 1951
1969 567
1179 723
1680 1764
1320 1943
744 97
427 1747
381 692
1491 1056
1639 678
1656 897
384 355
1271 514
251 821
1576 18
192 1222
1325 363
335 1263
1971 208
185 1993
1015 1607
418 612
216 1660
1460 319
509 1100
1980 1104
1692 1761
977 1823
1903 30
1917 1999
297 1906
1925 754
645 173
610 1216
1376 1441
1107 243
1410 1001
741 1095
84 1036
316 1880
301 143
1569 134
1575 1195
870 1716
343 924
1759 1315
1539 1442
206 851
1459 1234
1145 690
837 287
1213 1115
1293 243
980 1124
1310 985
767 205
893 824
508 1978
336 1954
1452 1425
1207 1625
133 1957
321 347
1894 1141
1319 1533
1448 1122
678 1106
1950 1382
1093 1208
795 84
175 100
415 1094
676 808
1020 352
214 1073
484 569
954 1109
1127 1640
557 1788
272 802
962 1792
848 1887
1083 531
279 42
649 120
941 1151
216 157
486 1233
634 1087
1376 861
797 157
1998 1482
1609 788
864 874
1225 1301
405 1696
651 1976
1644 167
647 298
1227 1971
1122 266
344 103
1401 1167
1633 1688
82 965
1976 1152
184 1824
598 669
1752 609
384 1245
466 1706
1040 731
458 404
10 1170
728 1595
612 1314
941 1865
174 1044
1578 686
1107 540
1054 1101
695 65
1972 386
1616 1673
336 1413
165 1378
1403 1009
1459 707
155 1894
1183 1709
112 1401
1239 1333
781 1384
1405 908
255 1178
239 545
1452 1959
1377 1251
956 1767
449 82
707 1346
974 909
1610 1098
402 1503
832 1610
537 626
485 98
647 501
1624 1995
1760 1990
729 1078
398 44
727 472
1495 665
659 1296
703 606
77 280
41 947
76 1533
1449 997
135 198
379 1049
1046 1955
837 1116
1929 1343
1988 882
1710 147
1169 1315
1785 660
1976 1748
287 665
798 582
692 601
1525 142
1952 1977
56 288
971 788
1355 78
1277 714
1168 550
41 1325
1078 638
1545 1464
1145 1450
950 938
733 1082
1662 988
685 1200
1529 1293
1496 1547
393 1377
1690 1418
1254 1072
39 768
1088 1332
403 1818
181 307
143 1483
1847 936
1931 1204
817 1352
1989 900
183 1451
1966 1980
79 1581
209 545
895 671
1712 354
1628 792
282 712
1245 1778
1073 1823
1791 1383
1861 1989
1121 751
1905 1313
1509 1828
1966 622
21 1492
257 104
1012 1669
1292 994
1284 43
882 254
1173 1992
1697 1345
912 705
128 1618
1307 264
926 149
768 906
393 1877
35 293
553 1610
811 1643
1754 1284
423 542
775 360
804 1142
1390 1619
1056 1505
114 252
119 1654
1044 1169
739 16
476 1439
1047 323
909 1560
1428 1006
1658 1374
1173 1214
1627 997
1354 956
1652 359
595 673
1598 1854
1646 867
1731 1951
989 687
387 851
416 1252
475 59
1581 715
1014 1471
1362 1738
1314 501
725 1772
1700 63
1762 1714
16 21
1027 960
581 1357
1373 502
1717 1618
1328 1784
3 765
760 1361
906 1247
1874 1049
371 93
1613 405
1708 1285
1870 263
1749 921
1515 41
1755 212
551 285
1268 1621
1186 834
90 92
550 1424
1918 1826
1041 65
1155 33
1032 1538
1548 1470
273 1146
215 1918
970 1440
1332 26
393 1166
400 1840
1929 36
707 1715
935 343
1206 1276
1740 1036
1616 1888
651 758
413 962
1275 1046
678 1178
511 1284
1185 621
849 265
637 757
414 1961
636 1511
1002 1
1043 46
633 605
1541 606
1854 1782
72 518
127 1708
1950 377
287 899
47 1622
1560 110
733 45
1349 1066
675 1421
66 776
1821 729
279 1716
545 1819
1768 722
78 1583
1187 1213
656 532
1849 1445
303 1336
1280 93
789 876
1729 1514
1388 1808
1405 1554
1665 1952
1112 1435
826 1457
19 1051
1344 1633
1612 367
1747 1428
1223 886
497 1588
630 647
881 1810
1848 1411
1884 859
373 871
615 1134
136 1799
376 1060
1710 809
627 735
616 709
439 1031
799 169
1152 1787
1457 1636
464 1139
1297 1832
423 505
119 1365
1218 1428
1873 1347
1271 995
456 7
998 1350
1971 267
1783 1166
342 315
1321 1217
1272 1669
208 1935
171 1932
717 1638
1304 287
1394 1421
1855 332
1657 471
1775 465
1566 345
1858 1355
1280 247
728 1505
1774 28
419 624
1896 1211
845 1958
379 1444
1805 1496
321 289
1592 341
1997 136
582 640
1515 574
1682 1906
1115 903
498 1274
1898 1208
1720 323
168 360
1700 982
1438 424
119 1076
1604 1814
1738 196
1775 1919
1738 1705
1478 1576
1990 1060
1118 739
144 1533
1291 1854
464 1525
1400 1880
1934 1766
1883 1060
1126 701
1624 1039
798 1823
546 457
680 62
843 1964
1439 206
1481 1104
1583 1768
46 492
966 815
1821 830
1967 961
1513 1955
961 653
1493 1017
1129 440
1923 840
48 671
478 439
1120 1617
134 1492
875 1871
880 1627
66 1429
708 986
210 1133
1597 698
1113 591
647 1893
1613 843
289 987
568 1143
1444 1967
1021 1774
1558 1222
812 1383
349 605
575 546
658 308
31 1493
1570 1569
1477 908
222 1931
1036 259
197 1175
320 1823
1311 655
1085 1950
1345 396
1592 809
651 1226
1294 64
1121 289
1697 676
778 1159
807 1787
887 902
475 1218
1697 694
426 1276
533 892
1724 889
1689 502
1049 1253
1261 621
1968 1009
1137 367
476 1325
1166 1586
865 667
772 946
897 56
876 1958
849 1069
1958 795
1884 354
1099 569
1690 1222
1617 340
1559 510
326 835
837 213
32 101
895 677
846 1299
1988 124
292 1552
758 1058
786 1204
994 1028
1979 1700
1984 187
339 868
1431 1729
801 1768
1583 1502
1367 785
93 182
501 1956
1772 453
217 1651
1520 1313
1186 1566
1713 1480
133 604
296 1408
52 1658
1665 1318
1145 254
1858 622
343 1457
287 1703
1957 1639
311 1262
957 795
1500 585
755 1742
1530 47
22 783
1210 1254
1895 5
870 229
1924 1749
1554 1834
1831 1889
1645 1426
1482 128
215 232
1464 1317
913 1804
10 593
1912 1629
1821 1046
893 1066
1153 668
1087 1852
1351 1725
995 1184
1243 322
1506 1964
176 1498
1530 461
1150 1000
163 535
484 657
1088 779
735 1250
279 848
745 91
806 1527
1177 641
174 140
267 825
1758 756
324 140
856 1809
1397 524
874 1478
664 860
739 809
492 243
741 435
385 1226
1461 1040
1058 1955
1139 108
1341 1619
74 761
18 1106
1585 1444
1982 1622
1334 1062
1374 709
526 866
1307 1971
230 255
1289 1876
1916 1758
1820 82
52 344
725 370
1978 1629
1570 545
1901 1544
878 1606
1794 554
845 381
524 753
871 676
836 975
1797 785
1098 1700
125 439
596 909
1656 654
1859 1430
1534 1656
765 689
329 811
1174 1731
541 1313
1606 146
118 141
1106 1788
835 1380
1029 756
552 1293
982 1869
1770 997
831 765
1893 1268
298 985
787 553
1434 1625
624 1671
628 1388
1371 555
1535 262
1397 897
188 1588
521 279
1721 1836
1574 667
1441 1991
477 710
114 389
1782 214
530 211
245 887
1550 884
6 1643
1999 1324
306 1627
321 1634
392 746
562 258
383 1783
876 124
684 1230
752 132
1410 1074
1363 1647
1638 1091
1492 1620
17 0
425 1481
1914 788
1138 570
1249 1557
293 74
169 252
73 17
899 270
1203 954
1170 1575
517 983
1952 1031
1169 1007
942 1144
1169 1142
233 1472
1601 499
339 201
1161 572
1999 1830
565 41
1097 1332
1169 1175
259 476
1988 539
695 375
1519 644
1132 1537
43 1235
880 709
1601 1630
1740 1882
451 780
1179 1017
1520 1440
851 47
627 1444
825 111
1753 1165
1505 1628
1752 429
1447 380
112 165
818 370
83 1178
1817 1275
1708 1678
1534 804
2000 286
313 267
1117 1644
1377 1135
151 236
657 896
552 1199
1272 1006
762 149
1065 449
1988 1796
622 1057
625 1984
879 1047
1325 213
800 1555
1409 730
645 1756
28 1650
755 817
458 1488
1935 427
20 549
413 1401
143 1058
479 1555
1953 1671
1019 1431
1758 1804
21 1248
1095 716
1659 1207
1850 303
1050 659
718 430
1293 311
1484 1742
708 998
575 485
1730 1490
783 1783
157 51
662 929
1992 226
1207 766
1649 1227
477 44
561 901
1824 72
1876 578
383 1762
479 1138
1052 633
497 1091
1112 693
108 1388
199 1306
1239 1113
1496 31
169 896
1899 569
678 502
1781 1889
453 1983
1192 302
1913 809
163 605
785 1123
1663 505
1271 241
680 1241
1502 1309
1009 196
939 1479
1527 675
1604 252
550 133
1057 717
816 1670
557 599
1727 738
946 825
1902 737
1581 1511
168 18
1200 1611
1917 414
1042 1480
925 241
1945 676
1343 715
835 433
1198 1936
1974 1455
535 88
1098 1402
674 891
1007 13
851 627
1982 1952
1745 1584
1804 475
1506 1676
1957 1576
1398 1980
489 109
1402 414
344 1101
1963 1972
588 1971
1004 1644
1403 1736
527 1433
652 1900
1280 923
910 1217
641 914
1270 825
323 257
1740 744
962 405
1046 445
304 1657
1096 388
618 0
1180 1286
606 662
1059 1374
1699 175
111 1232
515 1993
855 1051
1225 616
218 647
263 1514
1330 1368
736 651
1990 1868
1712 288
7 589
22 614
1301 778
467 839
1072 1454
1522 570
269 1903
1138 1618
1653 43
909 115
1413 1016
722 1538
643 722
50 716
500 1502
154 503
376 549
1613 922
986 481
748 1309
443 578
1359 1935
328 841
597 1891
917 1252
409 1668
1181 658
1135 1623
1568 1735
120 768
1225 1531
306 148
1314 1702
207 1264
1869 522
1007 1058
421 672
988 477
1749 229
832 516
1407 810
996 552
1496 1285
1612 623
351 1918
682 726
1163 509
342 869
1407 671
1815 888
1682 1826
935 1968
923 1311
500 92
1179 942
1826 1322
1456 742
1997 1386
311 645
1918 33
578 1249
853 1650
1755 1931
145 799
1607 781
65 925
485 1078
1210 1580
1508 159
655 54
1499 1289
865 885
50 1217
1033 1989
711 586
1473 190
809 657
1738 1983
194 1190
31 1046
612 430
141 1381
827 715
879 328
1964 516
902 681
1024 1434
40 1706
829 503
136 1168
399 231
113 1058
676 232
45 1418
128 1521
215 841
1745 1846
203 750
1339 519
617 802
484 897
916 558
1108 1860
189 58
324 1108
337 741
1013 805
208 1553
1198 1591
916 1353
1076 9
1367 1002
1959 344
310 27
1935 1823
1830 618
1606 564
1294 1807
1692 393
290 1548
997 1914
225 528
432 1260
1357 905
427 109
589 100
1128 216
1514 1021
201 1854
357 1080
1974 105
701 321
581 829
353 380
1220 881
890 1609
1767 737
194 844
1654 979
1229 1322
344 1615
939 1060
486 1783
1964 643
1677 1104
1111 169
1525 1787
719 1448
1186 1967
1204 331
855 957
233 973
1823 1456
1453 660
667 1324
1176 766
1161 1236
356 609
1942 379
983 218
1695 640
1969 1902
1175 1634
1032 1370
1199 140
1852 123
1418 960
1424 1809
1246 815
403 1096
1402 1014
1438 1049
1193 463
67 1206
1881 1226
1757 1468
1898 832
559 670
632 1744
1791 891
92 2000
1613 1153
1244 997
1870 131
1830 1892
798 698
564 1096
1947 1904
798 389
965 244
1225 493
983 9
723 463
992 1535
915 1663
471 1671
117 1960
1450 1403
1399 1986
503 1824
1830 139
106 597
386 1125
1801 1982
1591 594
389 1515
1026 751
247 806
954 1872
1251 1681
1692 594
1437 520
1629 1293
1994 277
376 661
56 1005
1638 1259
221 264
1719 1818
1630 1157
1346 1920
521 1422
876 547
175 869
76 647
1985 1877
1604 804
237 606
541 1427
953 1516
197 848
481 1016
261 442
1403 901
1681 1063
248 1213
1245 608
1876 1916
1633 1239
1295 700
289 70
1160 623
1517 1234
852 232
546 1780
99 974
1606 1654
603 1647
1752 226
244 436
1959 1247
1551 1084
1161 1336
758 755
676 622
1437 1749
1216 32
984 1179
780 1271
353 1240
14 1348
699 1402
1285 253
895 977
1555 570
1700 473
854 1951
294 1114
1650 481
526 521
518 879
689 449
1587 1314
664 1906
215 1978
1711 602
1199 1080
115 1298
1602 1181
1044 41
1524 1276
1313 325
760 354
1232 1578
1181 154
738 1274
1036 1077
183 197
1398 518
648 1643
1622 295
588 1093
1199 791
368 1626
1790 1119
415 1179
263 1765
942 1983
67 1475
424 1423
277 1251
532 1196
1275 1766
1893 1938
288 1147
618 873
849 1297
1921 519
997 1201
1715 1494
832 367
1228 1358
1462 151
364 76
169 1186
710 1869
1494 700
926 1710
242 118
510 1696
1412 1931
381 862
1572 1351
146 255
1670 860
1771 471
1457 731
900 594
805 1505
1469 1860
1382 1313
361 343
42 1529
522 1079
747 1335
170 33
1074 662
615 593
570 896
51 909
1831 262
1637 470
859 687
1379 1395
1010 1669
250 147
1086 1635
1679 1088
1544 1889
1275 903
1588 1263
310 1875
1344 1819
1830 467
94 805
809 46
1819 865
1595 618
474 528
1598 1538
1581 1176
1463 776
1228 1450
751 635
114 646
1667 1951
754 780
1840 90
1252 1467
1679 336
1291 798
408 751
668 1464
47 1168
996 296
446 1877
131 1026
1218 1203
855 1952
276 1299
242 1945
674 1719
1581 1435
1124 148
775 816
307 663
716 903
941 862
160 1471
197 1836
1826 78
1739 1801
543 1493
1328 548
189 86
1589 63
184 1051
960 12
375 1746
111 1253
761 1199
1041 434
995 706
346 65
525 800
320 1838
1886 1073
697 1795
1355 1849
649 1260
1857 606
1271 1345
740 1197
655 936
1723 635
1829 1712
434 1066
1996 1056
43 1289
705 803
1937 1333
10 580
1666 73
740 1130
1924 1835
1708 277
1958 458
1971 990
879 1672
814 1808
750 408
635 128
1489 1264
1369 966
1150 1366
919 1213
1802 643
19 1236
377 1547
1605 259
1563 913
19 1697
361 1046
1195 1124
869 643
1263 26
718 1453
822 581
692 529
861 836
1568 1802
1791 1912
934 598
1312 914
1472 1493
358 1359
1584 1268
991 1056
1847 1841
1464 417
1089 1803
1925 615
1444 1342
227 923
1738 351
1353 1838
1695 199
1856 1702
475 1948
701 522
986 658
379 460
748 726
1391 1087
681 1744
1381 86
170 428
212 1800
1112 1071
756 1964
133 1915
883 1944
916 412
1004 520
1319 408
1435 894
34 1144
946 1879
920 1884
369 698
750 1279
436 1768
1036 1565
1640 1253
1693 1466
929 1494
249 763
1314 255
1010 1926
427 69
664 1971
1797 1551
18 354
1602 180
1586 1924
1771 550
1741 881
1812 640
1341 1131
1561 1413
604 1818
1384 1562
999 141
674 468
953 588
68 369
351 633
1482 474
284 989
1462 675
1015 1366
1272 1132
81 1209
1157 1710
1571 332
98 91
1489 1460
223 94
528 1474
34 1497
651 1009
1452 1711
48 1877
1105 1588
788 1089
1898 1449
556 1177
562 1617
1836 852
1634 1574
1672 96
1462 1276
1184 1366
657 621
367 356
808 1113
1147 137
854 1236
984 1349
271 372
197 319
1155 1297
1047 778
1092 1472
458 1073
1983 567
231 306
1862 307
1166 1643
1419 823
1591 377
745 561
749 1286
689 1167
939 925
1972 723
206 130
660 718
1151 539
672 531
772 1983
951 1027
985 610
499 1389
1333 1332
492 1598
1165 1415
1536 1358
1389 1330
77 884
672 904
1755 1641
1097 629
1612 1652
779 1720
449 29
1881 1559
839 102
1450 1634
35 1891
1524 775
960 1215
376 95
397 1578
74 1879
890 1180
131 1703
1601 37
501 538
1114 1027
417 1763
784 1907
1731 1768
1972 760
219 1555
1843 1685
1392 1050
1534 1991
1557 327
116 1464
240 1019
174 849
1034 292
1340 917
332 1217
820 1251
1568 1385
70 1538
876 1157
868 369
1701 1016
267 1
1192 948
255 1475
1153 157
547 765
355 474
1402 444
1861 274
1042 771
449 1305
608 1115
1522 888
1955 638
691 310
565 1284
1411 1523
1826 1168
806 1693
1029 1226
1115 1078
851 1822
69 1712
191 1237
932 1073
1290 1436
1891 1277
1863 343
1616 1795
1784 1496
1813 593
11 1945
1603 795
365 1439
1160 751
732 1104
1815 45
982 912
1671 1738
1545 1999
895 251
1296 1807
1790 1304
1381 1273
342 772
1103 1202
606 123
21 103
750 7
1887 19
1886 1077
1510 1079
133 473
1815 591
1719 227
1817 967
1479 224
142 1356
1854 310
852 777
605 1015
1156 344
277 1807
844 1465
1572 1820
1463 1485
507 953
600 878
1705 1841
1853 1313
455 1286
135 718
1416 1966
873 1577
882 961
557 14
276 1574
31 520
1359 1174
1549 891
1992 919
797 1480
611 294
742 965
925 477
1230 1472
602 332
298 397
1114 1948
173 927
2 214
254 1054
882 45
731 231
1436 529
409 1676
1408 1321
831 785
1355 192
1349 493
258 448
1640 1357
1877 304
329 773
1516 1190
1040 171
388 1015
1537 1528
1576 514
800 43
1033 1134
1793 744
555 602
1179 1606
905 1296
398 716
1294 1245
922 1062
198 1208
1326 1316
1258 1053
411 392
608 1213
583 154
1522 918
257 1077
679 916
266 84
681 541
1583 317
523 1008
345 1489
314 1260
676 1801
1406 1586
1319 339
921 925
1836 1146
964 1045
217 400
1331 863
1859 1992
1117 999
1519 547
365 64
340 433
1366 93
744 18
729 884
1334 343
1310 842
1565 708
944 1884
1483 1778
1023 1942
272 1393
822 493
1712 546
1914 696
453 1751
248 1922
1756 529
851 1548
33 144
171 944
894 1957
1986 1351
288 939
859 1061
256 1075
565 275
389 1143
163 428
818 1888
1992 54
199 708
617 1138
811 1261
336 161
1964 1803
855 1818
579 810
323 1102
128 1165
132 638
402 1046
641 1183
974 697
1055 1681
653 51
1574 1080
530 376
1883 36
1926 349
1219 1769
636 57
233 566
1090 1679
1780 1840
1602 1358
1768 1480
676 1952
30 1245
1207 257
1282 468
183 607
1040 1203
38 558
1079 1538
1333 466
567 1120
142 1455
1252 1532
1043 1812
927 512
863 609
1039 1426
41 411
1899 1965
863 1924
61 1345
561 375
1026 1619
1055 1034
381 1719
26 1939
925 1366
544 377
1266 1245
1761 1184
1896 337
770 1629
135 1391
1013 1187
992 38
484 1305
1846 90
101 1804
1066 522
1163 79
957 468
851 693
1075 62
1813 989
923 1837
791 287
915 1790
1574 1190
42 1248
1926 864
481 17
1017 1573
1047 1818
695 855
146 1663
1798 218
1087 1979
71 245
1669 490
615 434
642 724
1569 182
14 1054
1524 1846
1545 1659
1351 1075
72 191
1239 269
668 851
1150 1587
1870 383
1194 519
29 1640
439 295
1124 1750
959 857
1115 1980
77 581
747 64
1077 1659
1038 1003
1947 1472
1573 1186
578 61
1105 1882
1132 318
531 1320
1904 290
1079 1652
212 823
1892 1369
508 302
82 101
1105 1277
1302 168
488 857
1158 1818
1152 1017
1669 1091
1789 709
1250 1795
1637 732
1625 507
1979 647
719 428
329 901
1282 696
1325 1229
785 607
626 1384
1402 448
499 1983
522 203
1043 718
1674 1717
275 1337
1461 621
323 1675
1985 1476
1247 790
0 1007
1083 558
1643 393
1264 355
59 1559
1318 991
1416 946
332 613
680 961
1958 1123
1355 1005
1854 435
613 672
1423 1688
648 1000
512 347
368 1067
392 296
1734 1920
1406 1264
76 498
1682 122
138 1774
704 1611
530 89
536 196
142 1264
895 55
539 264
59 1942
1364 1886
506 555
1727 914
1244 1049
1086 777
1285 1499
155 179
1591 1827
1796 646
779 290
1599 1057
1958 1293
1770 1879
1552 1782
1919 1776
1676 1883
628 1467
156 123
1540 696
1063 1375
97 1505
415 431
393 301
1018 999
344 1991
552 1669
1313 1800
511 1710
394 1723
1390 1224
1906 1738
561 615
1311 988
1966 429
1412 1385
1514 1110
1434 1530
72 1554
57 1546
299 1341
1949 757
1564 819
1930 592
963 1245
236 59
479 755
723 656
1845 759
216 806
1670 1108
1653 576
996 1242
349 1471
321 460
814 830
438 1542
1065 1142
554 1156
1714 514
522 1671
139 1961
621 907
903 1049
1598 830
804 1965
15 792
153 1368
617 669
1609 260
1611 1381
393 1141
306 455
1576 1822
28 1963
1024 574
874 1854
590 81
1276 879
1852 1815
1012 1504
147 1728
1701 187
670 851
912 1628
650 311
1922 214
398 1933
1025 1162
1661 1227
980 790
1315 1163
1556 1225
212 1517
1444 1357
926 223
1369 1969
988 1026
754 1716
288 1266
256 1676
235 624
1960 1463
1228 222
1261 759
328 441
1470 340
1219 1269
1842 1572
966 1940
699 1626
1510 824
703 1175
865 835
820 24
1498 951
1514 1922
169 902
950 119
1343 1207
906 1733
166 1397
487 982
1497 485
18 632
281 1188
1423 1214
504 1576
816 450
1548 1606
1001 1057
306 1313
1422 346
172 1360
921 789
1565 236
702 1595
1022 192
835 176
1882 1843
824 1341
717 313
833 968
1403 1284
1510 187
1238 984
1617 870
217 1
1319 1502
1108 1831
1435 244
646 144
64 544
1853 1618
414 491
1397 691
1114 22
1617 950
637 561
1414 527
1252 1472
286 1070
1014 981
993 173
52 1470
351 1049
1379 1467
140 1296
1026 658
208 1686
278 1967
1377 208
677 1689
1363 1052
429 1587
341 741
440 1355
1934 32
931 1496
1362 384
1658 535
1231 8
118 57
1222 1187
400 7
1325 1533
1716 961
1517 50
1449 1016
778 1461
1222 479
1890 299
1918 1708
1692 363
1762 661
1737 1112
1785 49
1460 1313
664 844
384 896
1560 958
1495 193
829 264
19 390
1480 422
326 1738
1898 1283
1629 1987
822 193
563 377
1707 271
1434 133
1487 1656
472 541
607 736
1363 651
745 918
1415 1951
693 834
990 24
758 3
689 1543
1101 499
1390 1995
982 275
209 946
498 1723
1287 257
1501 735
1340 1753
1693 1887
1956 173
316 81
1850 1187
1187 67
131 1895
107 718
1421 145
1832 38
1796 605
512 1556
629 410
1704 663
580 1060
149 792
1273 773
16 222
248 1125
1213 1362
610 397
569 1825
15 842
885 1751
851 1279
357 1173
1649 1332
1258 275
1198 1147
520 1428
379 1131
1340 391
285 200
358 234
1908 532
1896 186
583 980
240 880
1644 1392
1439 1435
811 1244
294 689
1872 434
1984 605
947 1687
130 947
1543 107
1380 1447
1718 1606
561 1092
967 244
871 1612
1282 163
126 490
1786 1696
405 855
413 1989
283 1622
656 1608
1262 1176
571 684
907 996
1705 932
1137 1947
222 505
1258 350
80 988
787 212
1129 417
226 460
1614 1986
343 849
1701 927
1116 1262
794 1045
531 604
1050 1328
1943 1686
1487 73
984 1232
1080 1349
972 1611
591 86
1067 1563
29 150
1290 1614
904 1677
407 110
566 765
372 1369
1747 190
1962 778
273 1436
1665 1039
700 1871
1365 1265
181 541
964 101
1166 1915
1324 8
818 1460
780 1724
449 1664
381 148
1806 660
157 48
1575 381
956 608
1343 788
601 1619
516 1409
1001 506
222 1026
182 563
765 429
1529 957
1281 1270
752 1494
1065 768
568 562
1011 30
698 527
1619 451
835 1931
470 1407
1754 496
770 141
1314 1670
770 80
709 1613
1650 431
865 326
691 290
1804 1326
690 1643
1065 632
492 849
1805 160
1391 398
117 1550
1176 1198
1716 776
14 62
574 1293
922 790
1737 1616
1261 1863
1381 955
724 164
633 1767
1900 597
1737 851
1007 1762
1614 207
1334 1184
253 235
646 267
19 1700
101 464
1200 428
790 894
1263 1610
1029 1289
1529 1642
1341 783
1580 518
985 1296
250 1316
291 350
492 764
638 859
1313 522
583 3
3 511
1950 92
1232 878
906 1020
231 213
729 1384
64 92
334 760
1066 267
1509 1177
645 595
147 858
1995 698
64 1017
551 1761
0 1395
1877 1033
1905 1531
613 1875
701 693
1945 1942
135 1423
774 575
280 1624
301 1929
100 1718
758 1878
1960 395
287 898
1482 654
1714 733
1723 438
32 1149
1408 999
230 214
548 1486
290 97
1979 1218
1026 153
1020 510
444 1114
1045 1787
1010 1253
1287 787
63 1123
24 1740
839 1081
714 709
1807 1499
1392 58
1725 1383
296 1416
1182 1040
1355 414
215 1575
1834 1206
212 345
345 292
579 366
984 1729
763 837
188 300
1483 700
267 1601
1700 239
1888 1096
223 1745
1635 798
99 182
399 1504
1476 1882
130 1297
1946 1864
159 60
547 1189
1631 1392
1204 1015
100 73
1404 853
113 530
192 1400
1232 154
750 694
817 461
1768 637
269 1563
967 116
171 1020
1175 192
1199 266
1536 293
448 1544
1965 1239
939 1646
351 51
12 202
1084 865
832 1572
1533 101
113 1352
1625 1483
1545 1033
979 391
856 1403
1879 1889
1704 997
1792 1702
1353 12
1499 213
1365 498
1199 811
1418 1094
1820 1370
1361 1982
511 29
374 798
1855 1758
1108 1592
1771 1245
665 137
619 1194
491 138
1437 1842
1726 967
1350 1248
160 1688
240 1358
1274 1905
1514 578
1296 1105
118 0
310 1565
1783 629
681 1460
639 661
200 1440
1576 831
1586 614
1163 1938
627 1357
587 1476
874 1414
77 731
1723 401
555 849
185 1338
1946 194
5 886
106 1126
1454 503
100 1049
860 1216
305 1472
941 913
168 934
522 1021
1209 100
537 1606
240 334
424 1953
134 1337
719 406
1420 1757
215 1346
271 904
1339 1909
646 1364
624 373
1767 1759
1646 1352
311 1874
8 396
1890 694
1722 1468
54 437
1661 1154
1239 1078
687 1526
1055 539
1924 570
1671 1880
1685 1311
1749 1387
1398 1441
1619 897
528 1185
269 1766
1699 1841
1667 108
1097 820
1415 1945
981 1163
1849 1787
1766 163
1413 913
731 1290
304 192
1817 1889
671 1216
1520 343
932 563
39 1844
118 1819
70 1268
1914 525
1199 138
976 900
1034 316
1684 1216
38 369
1956 1573
736 519
1688 333
746 1340
208 1544
838 986
754 1433
1942 1553
1788 308
1841 1615
1076 1538
1833 1880
646 1964
1337 664
477 1232
1891 644
206 1991
1450 421
175 1859
609 1914
1347 1858
1408 1329
127 1833
1776 755
410 459
215 1316
1658 1396
484 102
808 68
445 1756
1786 1474
821 1787
218 286
1894 245
1984 1180
1728 964
1469 1252
491 1806
361 1542
1118 1887
165 363
1415 1587
551 580
574 618
1311 1638
293 1734
1376 1321
1567 1878
401 997
82 1086
447 1052
1011 707
745 890
1591 1820
1533 456
203 1683
1376 1711
245 1635
36 1566
1369 1532
1074 1659
502 374
1723 1914
1715 652
1752 1098
691 1637
632 1278
1246 706
367 1676
558 904
1353 912
202 1033
734 1726
1769 1847
1171 13
1877 1588
1022 1695
1443 779
1449 327
1987 1127
209 15
780 1846
793 1831
968 1572
891 77
275 361
1034 855
741 1853
1032 1168
1121 510
503 1552
1943 1613
322 1197
604 1055
697 518
171 661
677 11
819 1646
876 231
1572 1472
1492 657
1729 635
846 1148
254 324
646 734
1473 1664
1553 1878
582 547
815 450
921 840
1300 1348
51 1368
1214 1385
1542 276
1642 1129
386 722
1420 1647
457 1863
675 1358
1119 579
1622 1023
540 505
1697 580
1376 54
718 13
1003 1303
498 1268
1118 390
640 1189
389 1006
522 755
327 1640
1665 138
1917 806
312 1582
741 1644
1907 819
1149 1342
291 63
62 1422
1756 738
1543 1626
590 668
282 314
10 1197
1471 1358
1784 1550
790 108
851 637
1808 1731
1184 1273
1619 343
1145 1427
1052 1106
973 668
1211 1812
1796 183
1802 1924
660 1777
1936 1836
1495 442
610 222
1805 1746
1953 314
469 1303
937 1912
321 939
362 545
93 1927
1094 1449
837 552
1153 1375
1271 1993
85 1557
312 1951
1250 763
1051 764
1785 961
924 625
1790 758
1365 182
373 19
657 1428
166 319
594 1450
201 1510
58 1287
1945 923
1821 1932
1406 798
1055 1456
1454 1878
80 1590
416 150
1681 759
1290 325
256 1857
1101 1503
276 1499
884 153
1639 836
806 1784
592 1876
589 1793
241 1097
1274 1111
1097 389
190 494
1759 1895
243 1939
957 150
141 1662
1330 282
1026 1551
1421 1451
1573 900
667 538
1627 1550
887 243
1078 1355
1548 366
1911 1880
17 589
199 1978
131 1550
1867 785
1928 765
1855 488
404 1952
863 757
60 1249
1109 1476
1639 235
704 1458
1449 1567
1127 1067
1221 190
974 969
1964 1686
1331 1779
1167 1314
1735 1282
1086 896
460 882
355 23
436 1950
1186 386
1674 363
1491 937
719 1599
1896 79
1643 1941
1773 1974
1950 1072
178 1382
1990 214
69 1875
658 878
432 1775
1644 1583
1151 687
340 1433
1005 1358
170 1647
29 1300
243 54
703 1155
794 1782
1456 1042
388 1963
183 1488
1925 1549
1069 1316
1063 197
1187 1038
457 1345
1454 648
1714 1971
1751 72
674 535
1340 1687
522 1218
624 419
1301 1037
847 1317
1283 1759
1652 1750
1313 1132
1165 249
1619 1094
71 1047
1503 1445
997 356
737 1529
357 78
1096 1277
1505 317
73 1472
1067 1591
326 525
123 956
28 396
191 999
1838 1349
557 872
279 716
1530 987
1198 851
410 1977
239 341
446 1372
1187 1539
236 1537
1914 11
545 1833
436 1881
1212 1954
843 1546
183 1745
466 765
902 1344
1898 467
1728 1764
1169 272
122 1998
78 273
525 1922
1245 1697
1636 1598
1018 832
1490 1630
550 663
657 788
1313 995
1070 1685
1260 180
665 466
1942 282
208 974
1037 155
1167 1681
692 225
900 982
904 1130
35 513
1679 222
1692 1910
1687 1894
1173 301
1586 1974
1468 1099
1970 1985
1561 1030
1275 644
997 264
939 1444
1522 1649
332 1556
1254 674
1491 538
606 988
1294 124
322 1186
1492 155
1199 1543
178 139
311 707
912 1711
1075 199
1480 1088
1928 1435
1474 1442
783 1195
1412 196
776 913
640 1806
512 307
122 1446
880 1482
1353 1290
1110 1250
1633 940
63 237
1213 1960
1823 930
1709 281
1548 1909
97 1235
314 970
404 860
222 303
1222 1138
1020 1967
1939 857
302 1067
1137 133
966 1138
1849 1688
835 345
1445 1763
1273 1395
704 1256
81 1565
870 1424
211 1375
1400 1467
1330 919
793 1554
775 343
646 1841
587 1354
1697 659
1098 665
1480 1348
1288 909
23 492
1166 1620
1749 706
978 931
1964 720
882 564
860 1927
1203 151
1800 201
872 608
1872 1249
520 763
1388 1904
1976 61
1491 1205
1858 1038
453 182
1195 1968
1711 93
1937 1667
975 446
1970 1096
1884 867
712 1379
653 268
53 1295
235 909
609 1537
1428 443
1694 1596
1269 38
191 570
1886 2
107 685
1836 36
303 849
48 942
961 647
877 1694
522 1179
1659 1735
1485 1865
1221 31
698 1528
1639 1433
1519 1042
767 101
88 1090
1189 302
1804 76
1142 684
1354 1989
1151 1600
395 833
1006 211
591 19
1410 688
1574 508
230 1867
740 803
885 265
1901 778
1455 1080
568 1349
1097 722
1289 340
155 1550
381 732
1168 1089
735 437
1133 1675
630 876
1662 261
1262 1386
1977 1862
1372 2
1333 1020
1313 524
1634 974
1005 456
1925 99
1637 1176
1735 1536
665 1723
697 1682
730 1641
1881 1446
822 1985
389 682
1242 394
720 1450
1596 488
1264 1696
25 1308
969 544
799 1344
1331 150
62 1939
1845 1783
1610 1707
1531 1938
698 346
30 432
1799 339
317 1758
656 475
926 1043
785 682
778 1177
1447 680
398 572
1519 8
1156 835
128 156
541 1407
561 1942
1946 198
1536 1483
1037 741
209 791
56 94
416 740
369 794
1703 1095
679 1929
400 1212
1495 1411
1587 51
806 1477
769 1292
1838 378
1425 567
663 903
11 472
1263 1895
1736 910
1566 1513
827 694
1694 331
1860 13
281 1293
1904 182
1554 51
415 406
1051 1139
293 1833
969 1925
270 713
737 1946
1667 594
471 1036
1130 1204
1732 1017
206 361
1256 1798
1223 1729
1474 314
325 1759
740 1081
640 1034
795 819
142 1852
1288 1505
945 1680
540 1758
1041 382
1223 666
660 1347
1726 1351
1302 1552
1711 854
794 1977
1019 1566
1870 281
1872 962
1778 1730
136 1054
350 126
1609 1910
1614 707
678 1059
231 1325
991 1646
1320 1648
873 1187
261 458
1437 1973
1536 1223
1855 1569
582 1290
1882 768
754 662
1072 330
560 407
584 560
414 1574
527 1364
1858 437
102 756
566 1581
269 470
1820 1538
1595 1218
1826 1106
1658 620
1195 579
1475 314
493 1794
472 36
164 1608
1637 154
833 1997
166 983
497 1790
461 1175
1248 872
93 1279
838 1486
1806 299
730 305
833 1008
1100 1744
821 875
510 1553
941 1045
1856 531
691 1755
905 341
1934 807
280 819
565 1662
1813 845
800 758
468 1827
823 1597
1426 1616
1984 1897
1363 1547
1080 649
30 1583
1772 1864
1686 1608
512 818
745 337
387 1941
1701 355
632 45
84 1763
1104 761
1314 931
81 660
1293 439
618 188
893 181
1343 19
1641 1166
1232 69
272 1852
1855 256
1428 567
312 367
864 327
168 625
130 1411
977 247
782 1950
1926 739
1566 575
1177 1966
1062 1282
1503 1976
113 1632
99 1445
631 1974
1117 887
1577 1713
689 1662
1892 1121
724 46
1395 1124
1093 1711
1953 1978
118 297
826 1918
1713 110
1621 523
567 606
1872 673
83 283
1180 232
494 189
1098 1370
1886 1423
1889 533
1372 273
1537 1459
1878 765
1718 1954
292 1319
1420 1976
1438 446
669 1083
1921 504
1175 958
896 972
1046 237
1088 159
219 687
1565 770
627 1618
1191 1197
985 1261
185 473
309 913
137 409
985 322
219 5
654 1947
57 955
1629 1370
1228 573
1135 1732
1758 725
1682 184
979 355
1432 1694
1919 309
1389 44
1902 1038
528 1691
387 1320
106 911
1986 855
1069 1218
773 134
1511 866
449 1601
88 1342
959 1757
874 618
20 922
844 583
515 654
59 1283
175 894
917 436
60 1074
1785 1647
1120 1837
1249 923
1413 1097
1407 1637
286 1551
1032 907
1841 220
1842 457
1495 110
97 1875
118 463
332 1256
244 84
174 842
643 806
674 276
1122 1371
78 90
1130 528
1876 1642
970 1792
602 740
443 1867
1976 707
906 720
1369 821
631 1248
87 1328
1728 380
1801 1393
1575 1685
880 41
200 834
1215 1582
1423 1819
1492 534
624 560
1263 267
792 1818
414 287
240 1076
1829 1709
776 764
625 1474
1577 760
1388 1100
530 1026
1721 1170
1881 735
93 61
962 1567
1016 1007
244 1498
1593 1188
512 1403
303 1102
297 404
1325 280
1332 277
4 563
609 378
1411 1190
1154 839
441 1257
1641 361
1213 1724
1417 124
1615 1495
1989 1989
1465 1375
393 1446
1602 1499
1438 854
1069 965
1275 1928
405 67
1864 149
56 143
195 1919
1885 518
1500 416
1350 846
317 1011
821 111
953 1019
566 927
560 652
1305 1230
1249 63
669 1325
1619 1089
759 876
1360 126
1527 31
652 729
1139 177
1663 885
1091 655
629 124
1547 686
1368 320
369 1303
590 1954
556 1096
1824 925
231 1407
1830 70
929 954
1205 1190
187 1607
1014 1732
1084 978
1555 573
1273 801
1434 697
1025 475
1854 191
945 204
147 995
448 611
1909 270
36 1737
43 634
1331 1303
81 1388
715 1701
164 1428
165 474
1056 674
313 1753
682 1079
76 1568
947 1025
810 1544
1275 1943
79 866
1427 1174
1909 627
1249 40
1281 1980
1049 360
504 514
1300 1472
135 1041
1830 1446
1660 785
861 1770
1986 1482
1727 109
694 435
569 515
1645 13
1049 1380
1361 1885
48 1276
1938 526
300 1064
657 1680
903 913
319 448
1023 1577
419 1745
883 1227
1063 505
888 703
183 1726
713 1204
630 690
1242 1034
426 366
850 1429
1839 285
1640 907
627 144
869 1465
1659 1244
912 512
1514 1983
1798 622
1269 390
1278 569
1245 1243
926 1097
1887 1024
489 262
1271 1100
670 1985
1890 1602
643 11
894 566
804 1182
743 184
878 1566
1498 1812
1565 1611
631 1336
665 1254
1811 235
43 1696
1733 196
433 1304
632 61
609 884
1461 1770
1023 1760
602 1556
1591 1261
371 1059
610 904
1624 789
357 1405
875 964
130 1613
658 858
1563 1537
655 1823
600 1563
1916 706
646 58
321 1492
750 449
935 765
1222 127
1088 1224
1980 1620
469 574
1885 627
1529 1715
1210 954
1157 1613
148 1834
423 338
2000 1999
1131 1200
1545 622
1332 1169
1214 872
36 1032
728 1585
1490 306
1717 1127
1566 1517
1525 1626
927 1228
1823 1707
1301 1498
149 1387
226 1101
542 845
146 1066
852 841
1491 1099
1706 1608
1700 752
493 1066
631 826
186 772
1168 1729
719 1953
167 700
957 916
910 102
387 750
199 1634
741 604
54 835
1321 1121
211 1466
990 826
1782 1470
1841 1068
968 1580
1833 1372
1731 1042
1384 413
1111 478
746 385
1030 289
704 1147
923 585
1088 817
289 1932
1884 1516
99 144
86 1292
1904 1840
790 580
1144 1600
1345 1364
445 1062
804 242
1468 389
71 1708
1164 952
1451 1023
1200 1288
1563 725
251 1045
786 399
818 60
46 1206
240 1414
390 685
915 459
1764 726
551 1923
909 1260
136 52
124 438
504 418
122 764
1512 1772
1422 1307
1861 1075
663 559
813 147
595 581
418 436
875 1229
299 648
1342 1037
892 1841
80 1516
347 1987
1049 534
1979 1868
416 869
1404 701
292 540
1021 1530
1084 1566
1834 64
1331 1737
371 335
1782 350
166 1227
847 472
1908 1575
1464 1967
612 935
1786 1921
21 343
825 1771
1435 1531
492 206
975 1114
1827 567
1253 1286
1661 396
1108 436
1105 1001
1999 828
373 1895
296 1590
646 1316
162 1265
922 1863
1778 274
526 396
1155 214
649 1257
403 1515
72 1881
462 97
234 1596
382 1027
1159 1903
780 1027
1568 1892
1467 800
493 400
36 1382
519 336
1483 1141
313 390
1943 878
1222 145
1748 1508
1658 1730
318 19
1061 1423
1056 573
1443 715
1485 1626
97 1673
1574 639
407 1848
176 157
739 1075
1993 460
546 1413
1494 1300
881 1128
790 1344
664 765
1621 1395
1620 73
171 691
246 1720
1483 1913
570 1853
479 274
899 1002
823 267
1740 1866
560 1551
1227 940
1388 669
667 417
1930 683
1328 391
1259 1602
425 61
513 1222
195 1034
1967 1572
689 1076
1052 1623
1018 1485
1476 58
607 695
895 447
1830 1737
1802 577
1642 1118
493 95
1780 1407
835 424
1962 1984
588 65
398 941
1365 716
524 358
1664 446
1695 872
327 1893
295 951
678 1008
708 1250
1747 680
948 1765
1174 974
1716 7
1225 916
456 291
56 168
748 1597
652 273
1861 251
493 244
569 667
47 1454
1280 674
961 227
74 290
952 1970
118 1917
1299 80
644 1276
152 1768
712 1075
1932 1970
866 1323
882 1130
868 229
7 131
1041 1330
873 1333
1749 1245
805 1586
274 1626
1350 131
169 1075
1640 1182
1023 1521
239 37
1571 1286
547 247
1119 324
98 1401
1104 1519
1177 621
411 370
818 1941
127 389
84 983
654 937
1354 222
1439 1105
1639 1068
1981 968
1198 1358
613 647
1954 1949
166 1098
588 1018
1213 1658
275 214
735 349
576 251
818 1124
955 1938
697 1587
4 1296
155 1389
856 1214
584 190
782 1903
396 1553
105 1485
1558 1790
924 1822
407 959
328 1525
322 313
116 1103
1287 788
6 424
690 1337
636 830
246 1343
1261 396
858 1742
1920 278
797 1101
1015 542
1283 904
1051 417
99 84
1596 1736
29 415
889 1853
691 1184
827 889
1446 295
1110 1948
1815 178
610 1978
504 1658
1354 928
1306 894
1513 1838
1587 1141
372 398
539 973
692 1476
191 1736
1186 272
1361 3
168 1312
647 1785
151 1509
259 196
330 139
284 1317
1628 903
887 789
1233 1580
1534 933
1384 772
650 152
733 1025
331 543
164 486
624 1766
1292 258
601 1965
88 18
1467 221
1067 1664
955 474
266 741
1272 237
1338 1748
241 163
1484 254
836 618
1133 1058
1165 478
1324 549
980 1440
1868 888
577 1817
1518 903
1758 1648
481 150
542 346
1602 1489
450 1947
1897 1048
1261 1278
1364 838
1114 1687
321 1789
1313 1546
1249 1908
1078 1058
1862 1870
989 1559
1528 1112
1555 866
260 477
356 1874
463 552
1213 1094
206 241
1274 1764
781 345
902 607
1368 7
1330 213
218 323
671 164
1783 325
1985 559
866 1139
687 210
208 285
167 483
1118 11
976 1379
1052 431
70 240
326 1951
1495 467
1096 570
1864 875
871 282
1660 1662
442 564
555 1714
413 1294
509 1794
408 1699
1697 478
939 1913
1744 1828
