10000
1561 1733
156 1743
1931 1192
364 1297
1542 1854
416 1700
1783 99
67 774
422 1407
1858 511
1202 999
312 1833
933 341
55 586
431 92
195 1619
859 1634
1652 699
997 1684
1612 696
937 1289
1846 35
400 1731
1710 425
622 1216
552 1706
530 1115
552 1333
1415 359
1256 1052
1646 1637
692 1469
1983 794
1823 223
1881 146
1473 861
458 679
1573 228
1735 740
1126 1559
1125 1068
261 20
918 787
262 1756
1770 1111
1521 1919
294 106
418 65
78 325
1613 1306
1834 332
902 1519
1804 1063
934 67
791 801
944 297
1438 1501
570 930
1077 386
1601 74
1807 1562
1683 1275
1307 1662
765 533
738 651
1646 1148
314 709
233 1305
455 1676
792 26
1201 1502
1091 1574
1199 921
1104 612
666 1774
65 1179
1764 145
1069 994
1078 1893
466 887
1182 116
1234 768
1562 1963
513 1118
677 599
745 514
49 1428
1308 32
1149 289
1986 919
688 1966
118 1424
1581 1833
365 1114
379 494
1892 1980
1190 239
1662 1941
384 961
4 1548
1520 1011
1355 1936
807 891
597 899
1025 590
1119 1673
558 931
966 295
1680 622
1776 1203
894 1835
52 496
393 329
926 506
647 485
1414 860
710 858
1687 364
1184 1059
1242 16
877 1590
1719 1809
935 819
1093 868
1792 1545
374 1708
589 1161
1410 876
530 1888
306 1685
1249 378
628 1904
1465 1849
1799 1446
688 433
277 927
1622 51
436 67
136 61
974 1652
1670 1552
1963 1427
1167 502
324 142
1232 788
1388 533
815 1432
1866 1379
1690 1818
237 894
1431 767
858 653
802 637
1504 728
361 565
92 165
979 1975
168 1561
654 1610
763 928
362 1638
654 323
1767 1254
133 1850
1911 679
1876 646
1893 749
1790 1884
1224 1409
1148 1493
520 601
571 1898
1029 617
1235 1350
413 342
811 1231
164 1374
1436 1164
387 1983
215 51
1180 1062
292 553
697 835
1280 1152
855 548
1461 1191
1528 1939
1251 98
1992 815
1248 1339
1028 1081
1099 1393
1913 592
1077 434
1235 615
931 86
1899 840
872 833
1772 195
1774 243
1203 683
288 763
1674 1565
1511 1621
1733 1321
1267 1667
1221 766
1873 327
1523 1459
1107 979
1112 1826
1554 1096
586 714
388 239
732 1459
1199 654
1903 460
776 276
734 316
364 748
1152 1095
217 1834
59 1970
869 1094
1042 513
1837 1093
936 636
563 53
1388 274
703 383
139 1772
170 1783
1217 1155
1813 1973
277 1588
1345 344
1670 436
227 784
1186 1710
1470 595
1648 1384
1715 245
742 974
262 84
894 988
389 1564
306 1220
810 597
973 784
1801 27
1597 170
1932 1673
1836 239
1844 618
219 1621
763 1499
819 1212
1577 656
1578 461
72 1280
352 308
467 1217
220 1499
1505 1297
612 1656
1097 1624
911 160
1475 660
1157 739
860 459
1018 844
1267 1901
1335 414
108 389
1356 1610
1755 1737
1201 410
1146 722
1154 388
158 875
848 1081
1351 542
1479 1032
721 1562
1935 998
146 76
813 360
803 933
587 506
336 270
589 1351
1177 1283
318 1923
1135 1067
111 922
1588 1958
455 1110
136 1193
275 1965
1024 1887
1109 1053
1958 1918
844 1561
244 1372
1468 1128
1108 1661
1347 339
1889 1857
1386 1746
1242 335
1758 1322
249 1949
1723 1038
731 408
789 265
255 1290
1016 348
877 689
446 1146
1187 822
1039 932
7 767
1525 215
217 647
1781 174
644 386
1010 1175
1862 1853
1919 914
400 1739
239 1097
1242 1334
1542 1951
1397 662
606 410
150 1319
1195 1887
287 711
1680 1418
144 683
671 459
669 450
690 63
1160 1467
265 1741
553 1116
1117 1024
620 864
1705 574
801 1692
681 230
331 1118
1569 1158
1729 1702
1082 524
391 1414
201 1594
1325 1320
570 1256
1618 559
563 275
1716 1918
461 646
779 757
1982 185
769 1179
38 694
1357 1750
1942 1102
61 1308
1815 1847
1930 169
46 1243
1794 1914
1392 220
384 1648
1447 428
914 1790
756 1602
1008 1344
375 1019
1607 830
221 1300
1229 1495
1284 1855
287 705
1177 257
1366 959
31 615
389 769
846 413
598 619
131 1309
1491 1992
88 584
1371 1995
1967 65
311 356
626 842
1729 254
86 795
1210 1775
1140 1389
69 779
1445 1653
1345 581
1993 911
255 1480
537 422
898 727
1898 705
1788 223
1699 1894
1739 1450
1279 1163
1596 1871
283 182
395 1618
109 214
282 930
869 1967
665 654
1271 1454
1426 78
1754 506
1393 1607
1376 1626
318 1398
143 1908
1471 690
1090 1736
697 570
1804 278
913 1527
320 191
1649 1054
1874 1720
269 1625
606 821
924 1591
977 141
616 1906
1527 1792
812 724
1659 1654
222 889
1987 1280
1435 417
154 526
1703 1753
460 667
549 860
1168 1804
455 1024
730 186
36 772
1587 1460
1512 710
599 229
1516 927
1303 1957
3 409
919 1277
1414 1378
1419 1733
1325 96
1317 79
260 129
344 1607
672 1707
750 1031
1416 999
1851 1863
1008 1889
1140 1791
390 964
1890 1629
97 981
971 1908
1651 1385
231 1053
1833 120
200 1160
970 110
67 558
1137 1356
1795 569
1428 1898
424 1544
515 1160
1997 847
1606 1814
371 963
578 491
1388 487
513 1981
1832 35
165 1300
758 1256
1047 1319
1782 1822
871 363
126 1333
1558 432
1571 1254
1129 722
1789 1015
181 1170
53 318
1117 532
505 1936
365 1588
264 38
1965 1350
1537 846
748 590
830 323
993 620
47 1713
1335 1032
1061 1647
691 1380
1722 120
861 696
1118 566
1952 538
1567 194
324 1688
1706 892
768 1313
1135 628
1491 862
272 1640
1191 1275
1444 914
1593 710
271 889
410 1035
206 1513
1676 914
100 803
360 929
546 1051
143 1828
354 1751
1851 1849
1422 1046
646 1645
345 1269
759 105
1901 644
1900 982
505 1560
527 946
757 154
434 770
558 1145
1059 1521
1792 27
377 1601
1472 216
253 678
1800 911
210 99
314 1822
677 256
794 1937
1071 900
707 405
1409 537
1549 847
1966 1036
1370 1623
353 1047
1693 1175
689 1721
1364 1273
533 885
1139 226
1567 1998
1145 277
156 9
1885 774
684 716
1525 907
1964 6
1793 774
1935 1980
1896 1536
827 12
1055 1472
1860 678
1332 21
1442 1040
172 813
1117 476
500 66
1842 1019
236 664
223 1697
470 1970
1558 285
811 1639
1797 1852
850 722
1115 1953
1422 531
1757 900
456 4
1249 778
313 644
378 1483
1147 409
101 427
1833 1060
350 1450
234 1861
601 1842
964 1204
1202 1816
676 1233
1769 1890
586 1669
1080 733
703 977
1974 397
1202 635
1230 756
49 930
1151 237
653 202
349 1009
1038 320
358 1590
1126 622
323 1163
1530 1760
928 649
676 1913
928 878
1399 377
1305 814
516 1385
990 1625
876 1414
581 902
1849 753
1980 1769
1830 508
227 251
572 792
1473 678
1840 404
776 477
1325 1499
1850 1838
527 1380
494 163
926 965
911 706
1749 88
458 1444
675 1757
752 1702
116 457
879 583
792 50
624 314
1804 1491
811 1703
1943 67
795 1151
1513 1725
1574 447
230 1244
247 1123
214 656
1901 289
380 504
1408 750
1787 1549
597 63
1393 1294
1737 651
1173 422
413 1834
1993 245
1305 805
909 505
451 1650
717 1894
172 1945
1628 1336
827 1049
618 1189
193 857
1613 596
1972 222
216 1001
369 202
794 1227
447 359
1915 600
352 1335
886 1257
510 1989
1069 831
1276 53
865 1468
1717 393
1805 201
575 1539
554 533
424 577
952 1790
64 1734
30 1891
1373 1469
1428 547
369 724
1021 193
1145 1517
34 649
1462 1335
443 638
982 823
1321 1211
293 754
23 1662
1423 677
657 1637
1656 693
1962 594
1656 1311
1126 1756
606 1142
1227 490
244 398
586 410
585 1045
1961 648
446 801
1687 182
464 126
1965 1821
466 775
1302 1790
669 1037
1834 97
1773 810
1540 1166
1585 1699
1922 711
1426 1520
151 1006
1444 175
356 430
1038 496
19 1039
652 1597
1346 200
178 1841
1342 823
1925 852
1995 346
1754 1247
1981 458
1947 996
1441 474
916 1716
1310 1741
1477 251
1042 484
239 456
1251 1032
455 1117
1084 199
1508 1983
814 1602
1736 765
376 240
1009 625
184 900
350 1181
1509 1271
1592 1191
1151 104
958 606
347 134
654 144
1563 1931
865 1290
1991 299
1093 450
1099 170
1159 1538
283 143
1435 1293
1132 1739
1156 1012
1011 295
181 1407
1242 1457
905 356
1730 636
349 1758
388 1117
1104 857
1999 1844
1318 1330
1257 504
801 1274
791 654
1839 271
892 398
429 663
386 623
1856 1962
1747 1742
56 212
1872 58
1255 1998
1507 1079
1605 1234
612 1537
1583 456
429 1238
1969 555
912 1665
850 1274
505 228
1708 230
192 579
1687 1580
58 1382
1488 1603
518 1190
1651 1226
139 1213
1816 1663
773 554
1055 1383
848 1688
1341 1577
757 1656
1310 415
1322 237
602 1813
1412 1198
937 248
1137 469
1809 1026
53 948
794 1293
1875 919
1470 727
493 385
1387 988
1694 1504
1577 1779
480 1043
1927 1660
494 1406
1369 130
1797 657
1188 1062
393 1500
1064 1803
138 1394
1567 249
1720 390
1001 1384
1189 1329
1424 569
113 1492
520 1710
1273 1582
1843 1807
12 676
1186 1702
576 139
1502 920
301 1209
993 229
728 632
637 464
866 233
960 83
615 1493
368 1755
52 1960
509 703
1766 806
1531 1124
939 473
1225 1478
1837 321
504 854
733 912
137 657
1300 836
1826 795
1226 1873
89 132
1493 1620
509 1519
790 1091
1725 1302
749 1185
665 2000
1259 1144
1443 1341
1898 1676
1823 1384
1108 1399
370 1327
301 1349
910 55
1623 1884
619 548
810 1624
1560 237
7 1075
484 152
19 1505
736 1740
1086 873
2 256
813 1639
1471 637
425 1881
1624 297
1830 49
171 1525
474 1304
1560 534
294 1141
245 1782
1683 1689
213 1718
351 1926
292 1123
3 221
1374 1342
830 1335
893 333
1258 967
1989 1059
1666 1438
458 280
1590 1944
913 1074
188 133
1610 369
971 700
1187 1946
962 176
684 349
112 450
491 199
406 1369
1158 519
1407 993
453 576
3 857
1854 1985
1624 1870
1049 91
94 957
1666 1742
508 174
1795 233
1847 1851
545 528
1782 865
1575 95
1279 835
2 346
1881 1266
987 29
1467 1314
1835 226
631 360
17 850
1360 1935
1884 1266
1435 734
1882 1869
126 1065
1156 3
150 311
14 1194
517 1112
1317 1743
1680 1649
845 1996
1045 948
1271 35
129 1083
1418 85
160 680
472 1546
1446 1357
555 1370
252 1345
1760 708
1532 266
781 34
93 1798
1554 1262
917 860
1215 1837
730 181
1999 1679
780 1124
340 1945
1631 1215
907 387
173 1375
1142 139
199 1909
1764 1714
366 1227
1904 1183
1891 1797
1325 340
1582 740
658 1562
791 1843
575 801
785 1978
339 1491
1812 735
1256 1247
24 476
265 614
610 1073
958 1350
209 125
1391 411
174 283
1709 423
1802 1801
1602 1258
1677 1473
1390 244
1859 765
371 1936
2 1523
1124 1787
993 751
82 1264
1486 1112
491 212
1669 601
338 1331
154 1753
76 622
394 1291
382 553
1467 1942
1385 1808
1352 244
694 624
1718 753
1936 19
379 960
768 609
1880 20
1071 1254
955 465
173 746
457 1825
872 27
364 1236
1723 1054
1070 1650
1559 1535
28 1462
33 485
139 804
1951 350
563 732
482 112
1993 1597
517 1227
1085 1590
1233 360
1561 577
1475 599
1596 1692
1306 304
66 1421
750 394
1356 125
1325 397
1128 1237
969 959
1480 1888
1453 1780
166 1234
810 1080
983 1680
856 387
1834 53
1955 1804
1010 1054
230 51
1452 215
841 85
188 1797
598 1935
1612 947
1561 162
488 1444
1498 130
94 15
1358 666
1302 1906
1201 1555
946 544
155 918
1753 1473
1427 433
408 1129
749 9
1203 621
1975 1818
669 148
1693 1118
725 1284
121 250
609 1675
687 1964
70 1560
925 521
22 1196
511 672
1144 1859
1403 1615
447 373
1430 1825
917 46
1731 1180
1632 245
1243 290
437 1873
1395 1523
1975 678
1216 1049
1832 787
357 886
1288 431
697 646
223 244
1590 90
1518 864
888 1688
1992 630
727 845
424 1305
172 445
1764 1259
1465 1589
1472 607
393 769
818 1956
563 1334
1106 1331
1168 1714
1599 462
1396 592
1837 1037
157 907
116 128
389 320
422 1738
367 1831
1066 1113
563 1166
1077 994
970 1971
1409 743
868 914
1123 11
762 1455
1894 1277
1771 12
1829 518
903 1881
1277 1050
892 960
1729 1689
958 1440
464 1356
466 875
230 689
888 116
1635 356
1097 1177
1723 524
215 361
84 794
1296 1549
1241 1257
584 849
815 1811
1862 1247
1915 1077
604 1321
117 809
1274 804
971 1893
809 465
995 1041
1423 1433
1405 1246
335 497
1538 1121
382 1067
1401 892
1427 393
1312 398
1922 775
1883 1479
596 1072
809 1734
1487 1766
1397 1757
1146 488
1821 1524
1847 764
1508 188
766 70
1031 639
1044 203
1085 805
1363 1548
253 1472
259 251
1076 1095
526 1064
724 1376
841 934
153 263
523 1004
1168 808
1434 618
920 1716
1548 491
521 1302
1912 1220
672 1264
1399 235
913 1644
1891 1483
1588 15
3 330
573 1039
1318 103
1778 1189
946 1200
649 1615
742 1087
634 1199
1394 824
1067 897
1144 825
957 441
1396 1604
802 1040
309 857
396 1269
1685 1254
332 812
255 1998
1768 1150
565 1858
545 429
1978 1576
411 1920
1629 68
491 453
956 541
1731 1297
840 921
1593 1302
1045 599
1252 961
1478 369
1930 635
1744 511
1203 638
1871 1334
382 1527
682 83
1137 740
1173 1696
1316 1206
1796 542
435 1377
950 1029
228 1441
1320 246
1525 1724
1151 979
1670 1123
1892 1613
161 1690
1401 44
1077 1341
1778 949
1358 941
954 124
349 1424
1487 207
1650 786
1382 1259
510 108
1518 597
822 759
1263 880
614 360
803 350
519 1990
542 877
1535 1438
194 1649
462 1054
1353 1186
1898 633
1489 794
255 390
968 1750
989 992
1967 1083
851 410
1627 1123
1054 821
290 291
1613 316
139 1406
201 344
604 186
735 673
859 1162
1392 490
1480 874
220 1552
1890 1404
1578 259
497 684
1628 449
1871 379
1171 917
1432 355
388 382
1833 730
84 752
580 1287
1043 1916
1951 1980
1037 335
666 208
908 605
290 748
679 1953
1137 1182
892 706
1618 760
1553 1214
999 1120
585 1044
368 1647
138 924
1983 964
1063 916
1821 1056
1196 1834
315 1008
1057 1435
1300 122
1616 479
1509 1803
77 1235
1450 1352
1943 1048
319 97
1114 361
1985 395
1716 1151
1605 310
618 734
539 1438
152 1897
1865 1087
1913 1024
609 309
915 165
208 1559
440 387
1880 165
504 829
535 1956
1364 1321
10 1816
1581 250
1593 1076
625 1691
210 263
1906 1838
1825 737
1287 432
1205 701
563 1557
407 513
1375 1305
666 259
403 1820
1494 1509
488 1743
673 1712
229 1208
107 1075
1418 1742
1377 471
1904 60
896 1966
1367 609
1084 1640
1992 1668
1264 304
1441 77
1954 479
978 1018
1060 1645
1588 1493
773 1346
156 886
55 1295
929 1579
1793 839
1494 902
1656 567
696 682
586 620
828 447
365 1467
1778 978
1975 712
652 1964
741 1379
1485 1917
83 1207
636 586
40 1548
1035 1245
127 1595
1930 13
1168 375
1430 1644
413 642
239 451
611 565
529 885
991 1477
129 1468
1000 1391
1597 1176
151 394
1287 1771
328 1984
1383 1396
405 1217
1685 1023
196 1176
883 806
1629 905
1781 65
1427 1802
818 1661
1919 319
485 388
601 435
1087 961
659 245
1446 62
1314 1773
1402 205
1484 346
860 1101
307 231
1 1536
1184 1542
831 102
712 1741
474 1562
1210 1058
1969 1866
1110 34
1046 64
1791 1225
463 1308
1738 786
1749 164
270 351
1523 389
1714 1531
691 1489
787 1864
1668 1085
1396 759
107 336
1356 369
965 110
1763 901
1725 834
908 961
1181 160
1136 1270
811 126
1976 1842
1396 58
370 627
216 383
1138 1959
633 622
1691 856
205 1369
52 1851
1099 1948
1214 1726
1962 1299
438 624
1196 320
428 575
1870 1977
1640 1719
265 828
1775 17
531 1730
1606 1031
1071 638
1000 646
643 750
198 1454
698 1803
981 413
1240 594
1469 401
153 1094
1609 1549
1711 1823
1680 348
1475 1843
332 1737
769 392
1325 95
288 1273
194 36
477 399
1535 1216
1035 182
707 258
416 1327
826 1422
411 1419
1961 328
440 306
793 180
395 132
736 1102
586 744
1997 451
1733 1000
1993 82
959 304
476 1894
194 1650
1688 762
401 743
358 88
1491 1108
1941 1389
1877 256
983 1697
1896 1763
448 68
560 802
251 1442
1157 1008
513 145
848 1052
963 824
534 910
1566 1277
28 586
1852 441
357 95
230 1082
1312 1857
1317 1595
1199 1177
133 883
1455 1775
1920 1891
1658 971
1382 1688
1879 218
148 1250
199 373
564 1148
249 1178
1218 1431
1296 1831
239 1851
1719 589
1260 606
1792 1725
1794 1234
643 613
1090 850
563 1483
435 1184
756 1033
1911 154
420 508
1322 440
1384 145
431 171
517 684
742 292
228 666
1819 1716
106 884
315 1081
1241 1445
1795 1717
1572 1733
1391 438
1134 228
657 1826
1794 1815
1407 1224
847 110
1994 34
197 581
1537 357
148 971
1504 918
1864 925
1642 290
1813 1769
1574 1715
233 748
1454 494
1268 1023
885 491
954 5
1394 1487
1874 1474
25 457
185 1666
768 841
98 945
1275 1193
701 624
1633 1811
1602 1369
372 1258
738 1956
1448 999
1737 1008
751 1043
737 399
536 839
395 702
551 1202
1162 1230
452 1610
525 1616
604 1626
1872 1629
1709 844
431 800
1460 1168
917 1149
804 451
969 273
1958 240
383 1380
1107 1414
1498 69
44 326
54 1511
413 394
791 749
1477 244
297 1743
1724 607
1800 1485
1739 1282
1558 860
101 574
1782 651
842 1232
1245 1690
1620 1427
1540 1468
417 874
941 723
414 475
684 836
504 502
1568 1316
1081 203
1289 485
1852 1302
1297 1753
1933 301
908 1947
521 1544
76 435
100 642
748 293
28 1863
1261 704
869 1372
911 1046
1906 580
840 782
460 1492
735 1920
1599 140
1137 1942
1190 1430
1891 1259
1710 724
1210 958
1028 152
1449 1497
73 800
832 489
1740 1003
111 853
1022 1352
1009 174
41 1648
708 70
274 1790
841 634
1025 148
561 1107
1141 1139
1256 474
152 1917
494 719
562 1974
498 473
1201 603
1666 967
501 1196
365 1838
496 16
1362 744
1098 1979
291 1713
1551 1145
1978 1295
1109 530
15 1805
1280 611
690 1770
1279 1246
1737 504
15 1702
1399 904
749 667
1161 41
1170 1296
1358 1483
160 788
584 68
985 1785
1737 1815
1856 654
236 1768
1921 779
1302 117
289 1778
1203 97
1363 1427
1818 663
843 685
14 1333
13 745
1386 753
1952 1118
317 302
403 49
542 1762
1197 1117
1377 1675
1702 6
578 1568
485 1057
610 1594
1884 1233
98 1408
774 1747
1815 615
1650 1270
1135 802
65 845
219 1824
463 21
1921 1565
1698 132
529 1028
1167 1923
1667 495
277 1725
1325 1854
928 1765
516 794
686 977
1715 278
815 1519
1124 1950
1251 1581
184 138
1160 1448
1562 300
1983 227
1558 888
493 1876
332 203
113 819
362 275
447 406
1513 1404
647 346
560 1155
1764 1312
1588 1935
1394 522
306 959
1536 1175
701 1437
507 958
1353 641
1478 1658
1469 583
1114 832
439 892
123 522
1695 602
305 966
1216 1809
1802 1777
1691 1631
1121 124
112 1577
694 1111
173 142
583 1747
451 1509
1761 104
427 1324
1792 795
1008 1410
49 1398
396 667
1384 748
1981 916
677 1874
1204 762
417 1035
99 367
674 188
202 1925
1603 617
935 1864
1742 616
1338 1568
1666 1541
1291 1025
835 838
762 785
265 402
1742 437
1985 27
1153 72
798 1258
1739 1877
393 873
1378 751
1189 1619
1562 1795
386 1261
982 63
1167 607
134 24
122 814
1764 867
1838 1530
1851 1930
533 1984
1226 186
1936 1594
687 891
1146 921
1614 594
175 1020
1037 1992
127 606
471 1370
830 1232
1281 1696
213 1393
1932 1980
1650 1560
1157 1190
372 1894
606 933
511 1475
964 357
1710 1123
1027 288
1260 234
1202 255
738 1400
366 1584
554 617
1760 145
199 198
1511 451
1680 877
1724 1581
1699 645
478 294
45 1531
178 298
709 1230
141 738
188 88
1141 220
1820 216
992 800
159 1041
156 1858
1541 1045
150 533
1122 1377
1297 562
1554 711
682 1526
1832 719
1441 1990
1170 1825
267 476
1193 940
1554 1137
1912 647
1827 879
61 1649
1735 354
1739 1091
674 459
1214 761
1912 1304
1651 1081
1166 644
1327 987
93 40
489 1954
764 560
1127 307
187 961
413 566
1999 603
1561 511
177 737
1297 260
1602 1166
260 1065
618 1120
1209 650
1622 1880
1180 1123
645 1884
87 215
364 864
1344 1656
1239 1078
1258 1683
1229 1706
959 41
1059 384
246 1584
1120 1331
247 1914
534 984
1460 395
1547 371
191 146
1260 638
969 123
128 303
5 1540
143 885
278 479
1540 1666
518 1903
632 1941
1258 314
728 894
1689 1277
1580 1739
1985 1509
1523 1371
1612 369
780 1344
664 799
347 595
1378 1410
1330 1403
622 1765
1496 1652
1670 1120
1227 1237
1773 6
882 797
575 483
38 1081
251 1464
999 1906
272 832
1400 293
631 1637
1924 558
1844 1735
995 410
1888 334
437 262
1175 844
1942 1377
1202 1001
1005 1186
290 1285
925 1860
605 376
1322 250
1217 558
928 1222
63 813
532 854
84 538
278 686
779 176
1655 944
421 1270
990 1942
1801 1332
711 1260
1737 1391
153 257
1138 400
1389 1172
1970 1751
531 1923
315 260
922 1970
483 1163
325 1476
220 1241
1872 1003
1896 701
988 1193
525 1836
1251 1088
1893 176
1281 727
330 58
1904 1526
1274 1863
440 893
1461 1461
1907 587
287 665
1491 1648
557 1197
1952 1347
310 1232
1844 1719
1737 1001
1910 638
952 1492
446 1531
544 1715
1403 1150
158 789
1976 1997
798 796
118 632
1173 1612
1488 459
1473 1988
1569 718
616 1304
1434 9
389 496
677 1017
484 1603
241 345
1320 581
1487 144
944 1932
660 1707
432 24
1697 1613
3 310
1507 1730
1591 780
713 308
1387 1710
1251 832
186 516
591 298
1826 575
1328 1767
544 1539
1366 1397
1881 1473
918 1747
585 1642
704 354
1912 1349
966 1073
508 1624
120 738
1858 435
854 346
1688 69
379 1387
766 277
865 497
1257 986
927 1567
1069 1672
999 1958
1685 730
1287 628
295 3
525 748
1053 1000
166 689
105 139
318 474
358 1714
1656 70
200 1344
96 689
1608 1802
374 1395
1235 1210
773 1754
374 164
371 649
1593 542
847 1146
1477 1395
1572 348
1569 103
1999 68
1793 126
142 83
529 747
1504 1960
1168 234
694 1496
1239 244
69 289
648 211
270 1501
611 1000
1652 1810
1582 1081
1369 355
1134 408
1564 116
1641 654
329 1983
1985 1290
766 995
1708 484
781 803
1648 857
634 1155
1285 1620
1929 469
1054 656
599 1935
416 1344
903 275
1977 1387
1327 1424
525 587
733 678
460 1505
1998 1580
1627 113
475 774
644 1999
360 1213
1378 753
533 256
51 892
639 1659
1315 1860
908 1197
1579 1015
1063 1052
1821 1038
905 1377
1950 1957
829 1228
599 1849
651 1692
1806 464
321 1905
1992 921
634 1527
378 1698
1680 1860
536 1256
1878 1136
1597 39
1139 1028
1733 163
1338 801
1091 1766
237 574
1632 1960
552 916
65 173
1191 969
1574 1431
573 685
1838 982
66 1596
2 1415
878 1246
1729 1817
1203 1446
96 1603
491 107
1814 917
1409 1175
885 1668
1874 1472
1285 654
1050 1356
789 1255
594 982
369 1939
630 330
1643 1024
1206 649
624 883
1774 624
1347 11
520 763
337 568
1906 865
407 1507
1082 1333
1675 907
1414 0
1055 497
1937 1034
1083 740
1875 815
1990 949
1261 70
1555 1140
1859 509
1233 609
1236 1755
103 92
1171 1262
1805 1980
1873 1236
1667 1860
573 475
1980 372
1259 524
1904 39
1064 1110
1764 1844
340 1511
1846 1250
1632 1547
224 1947
1062 656
818 1075
74 990
1164 863
486 1182
1496 956
174 161
552 390
982 12
189 832
1222 406
995 1565
1047 729
1601 857
425 605
1181 1757
1975 643
1989 981
1890 1420
1659 893
49 430
1568 1904
563 1855
692 1597
1069 133
558 1676
75 855
1414 1233
1445 1382
1226 1751
956 758
561 466
206 623
1890 227
653 537
1827 1324
1074 1451
692 864
1148 20
66 653
1511 1790
449 24
1530 1459
185 1966
531 599
469 1346
953 1780
1216 1447
837 1628
1285 1112
799 726
25 1625
1586 472
198 233
562 1058
972 677
1312 808
680 1654
318 456
1034 1371
1245 1263
1300 1247
1784 100
147 1110
1063 1741
1194 446
125 893
1257 1472
1981 1359
1134 1936
1036 975
832 332
1446 1105
1822 237
68 156
1694 1895
1648 1299
1411 992
367 610
1383 1963
1758 371
1815 533
427 1660
969 1188
1919 665
1140 1449
751 1173
752 1261
277 1042
324 177
938 1036
423 1440
115 1172
979 646
543 1795
15 1647
1112 87
281 1043
721 1797
1254 355
667 332
772 396
329 207
312 374
1438 1254
1580 22
918 1348
914 374
1681 1986
820 70
1010 1895
495 1799
1676 48
663 431
1143 510
529 1638
1951 1088
887 1889
104 227
384 1188
634 317
778 209
1469 3
834 411
36 903
786 1561
355 130
101 1233
1347 885
1654 1421
625 488
95 1538
1651 964
1907 1156
1793 1496
573 807
231 1102
1486 1165
874 1165
701 1194
1641 394
618 1966
1378 308
555 1715
620 1172
1159 1511
1416 1923
504 1555
360 1696
989 1114
235 1635
401 1502
564 892
3 1430
493 1834
923 1875
613 1560
875 1517
1267 133
781 1296
338 1319
1117 809
1187 1195
154 1075
1739 197
73 853
1306 1197
1196 697
887 1370
279 1528
1348 665
1188 312
384 102
487 1492
1398 1245
1010 337
113 1734
171 1249
317 868
304 528
1551 994
1354 1876
1869 1288
686 1653
1347 581
468 1672
221 395
462 654
190 261
1442 345
370 1428
766 506
1359 541
959 882
377 742
15 1559
1251 1644
181 1462
328 1540
528 168
1446 14
921 1585
1787 1538
1060 1205
326 480
916 1296
1505 995
1494 1291
1680 1714
857 815
695 80
832 460
141 430
1775 149
1060 1973
1448 1535
1300 1932
895 698
475 882
983 1558
102 603
924 7
1389 1243
1739 779
998 1248
1510 1287
1773 1541
1076 1267
1036 758
398 844
1848 12
270 1066
57 1648
895 848
1229 224
1082 227
1293 1483
1668 674
791 600
1591 1328
1805 1259
60 1996
232 832
1091 1055
1042 1887
424 1940
1994 424
261 1572
1173 295
1449 130
1359 1441
95 48
396 1180
1397 235
1649 443
1038 1916
736 579
860 890
1754 1257
134 1112
188 1703
1441 1960
1051 667
1374 88
1581 805
1740 147
1159 234
906 1780
58 396
81 902
512 1640
1700 363
1692 1629
1520 1536
1518 1333
1219 722
728 713
862 145
1315 1788
706 1012
101 1660
1790 1049
910 229
1795 777
435 1410
1876 147
553 1548
1773 342
1825 608
1328 754
829 1758
346 1018
1030 971
39 1641
497 822
1296 1595
1538 976
1387 1469
549 1667
1807 669
1718 473
1140 1152
212 813
1185 1404
315 1307
786 1978
197 1283
399 1476
127 581
347 887
800 1402
624 1747
265 143
1084 101
1207 704
989 609
555 550
1529 138
464 64
1334 1252
1791 390
1039 299
1871 1981
1797 1694
857 1667
971 1755
591 877
1706 813
1111 1427
457 1949
1171 266
1363 196
506 1610
32 279
1467 774
408 210
452 900
1468 1097
371 1760
1496 1169
943 124
869 1598
1166 1393
143 1012
803 1518
711 958
1572 1248
706 1164
1096 941
1071 494
1796 1753
972 39
189 469
288 879
1200 1745
683 882
569 1092
1087 1663
1404 760
1583 1535
1085 1905
1368 958
1421 1170
75 1042
24 239
842 592
470 651
1567 919
1632 4
1474 1945
824 66
444 82
111 390
857 1106
825 1583
199 1763
443 1019
639 1390
1617 198
1475 288
1183 129
1228 1287
823 1820
770 1443
856 1203
469 1490
538 1745
518 417
1785 809
1481 1106
974 1274
1113 307
560 1806
1390 1367
543 1150
736 750
804 367
1591 271
157 929
1791 315
1997 585
414 361
976 338
1832 1235
741 400
1134 558
742 1589
1187 1839
1577 1840
954 1953
790 313
1128 1271
1726 573
1520 1154
472 189
547 1758
349 524
1866 1585
1120 26
1385 719
398 76
1135 1376
152 806
616 1541
286 1963
1107 1311
1368 350
1384 397
164 868
741 677
1293 1695
382 1149
895 350
137 45
912 262
3 582
1038 1174
696 479
1769 1485
1729 1853
1964 895
664 115
958 1581
1077 1258
791 1393
1295 1370
1038 1758
1071 487
484 755
1650 1758
302 392
1148 473
524 317
459 23
1713 193
854 115
1882 756
1142 192
1431 202
470 1691
1693 545
514 641
463 67
1444 880
1755 1324
282 673
1146 346
812 933
521 1494
1378 194
1392 725
1098 1309
843 1494
1633 1468
1435 640
779 644
314 186
1376 363
1122 620
466 1692
1249 947
547 356
1729 535
1165 90
792 969
1984 459
1537 716
508 205
225 555
433 1387
917 255
448 51
119 615
475 1780
1353 725
994 1971
520 1787
905 1034
649 67
518 797
925 1198
620 742
589 1358
560 1143
1065 940
729 1189
1968 974
325 1063
778 1994
1281 989
799 1326
1263 148
1925 992
609 1620
1274 1465
1447 1169
1704 1321
511 1636
266 828
1990 729
318 120
1730 367
597 220
912 1725
622 511
482 571
1501 1159
1295 946
757 1663
508 34
1877 1633
132 1417
1463 1539
665 1909
474 1956
755 1350
1403 49
217 1057
1798 1666
654 533
1650 1218
1918 713
656 1623
479 1023
1931 521
1216 95
1144 978
394 596
676 970
1918 1492
404 537
372 579
1898 611
1035 931
1395 652
1134 451
1796 1257
902 839
639 1654
1282 1755
545 829
1035 1923
981 920
1578 1265
1533 998
1979 316
799 441
1312 598
1434 495
325 1114
1039 345
919 1191
922 1949
1111 989
826 13
1684 1583
1702 1006
575 564
429 499
1499 1658
1950 1127
455 1780
1009 1363
9 455
1836 190
1713 878
1004 1993
1111 981
1200 1827
993 1772
850 379
148 1521
1069 459
1578 209
622 1376
699 618
1673 658
111 1120
1504 1064
1777 472
263 878
121 1484
167 1141
421 689
1418 903
40 1429
1175 676
294 169
447 841
1020 1658
1087 1125
377 1247
1347 1935
1353 468
1453 566
193 973
92 297
25 1022
1389 1279
227 1383
776 1041
1375 1691
390 877
1564 572
1742 776
1687 1827
1669 33
1294 643
1388 477
1894 1337
1962 310
1944 67
1361 1908
1472 1173
457 1569
34 419
1956 1320
1687 1888
1304 1997
930 594
1032 1747
1758 403
1803 1917
522 65
788 267
1944 904
1076 1459
1939 1975
1580 347
674 705
1895 1598
1594 1849
1808 1659
1589 939
1025 76
752 375
1320 537
2000 99
1226 1213
699 1417
1530 927
1191 1989
21 1115
362 123
1585 393
1892 564
25 232
952 428
299 1513
1087 801
800 1062
1424 896
650 1471
182 1330
210 383
150 1146
1202 5
1420 500
1574 1875
16 1532
1301 450
941 270
1878 248
1577 272
627 1864
1024 1603
373 333
730 1095
1946 1054
127 541
713 978
1681 1900
598 1360
1096 1091
565 1933
764 1837
645 1407
32 212
1479 1542
1828 1556
1062 1567
61 1844
635 835
700 574
1736 1905
1202 887
779 357
913 501
78 1231
1406 1166
1003 611
340 1619
178 1551
1134 1537
131 672
400 849
421 308
603 1591
144 962
527 238
1055 1594
1339 1680
362 984
267 1451
1303 1651
78 1760
364 122
1777 171
1829 1300
1142 231
409 196
1022 649
600 1289
1407 69
660 1855
692 296
981 149
612 684
10 104
1087 796
804 1404
730 611
80 8
718 438
476 1229
1355 1085
101 1831
365 194
335 147
1555 1800
1836 108
759 85
1460 849
1889 254
421 1445
1830 698
167 1364
128 683
872 1094
1200 337
1691 1097
573 589
27 378
378 607
1261 1854
221 1948
1390 1452
33 833
1388 202
1710 1446
1531 1626
1846 368
1887 1965
836 1010
1440 851
566 262
1937 952
495 1885
1921 156
1108 759
869 1667
1136 215
1666 6
771 1011
919 944
1214 1596
1856 158
1938 464
205 333
1750 1470
368 890
243 442
1515 1208
648 1430
1210 84
820 440
175 1416
1495 1062
454 555
1082 43
28 1588
1778 1731
1352 631
996 1273
1044 1302
943 822
498 842
1292 1250
528 1593
1592 1700
1787 120
824 1156
648 1648
1886 609
866 149
37 1271
56 399
635 1381
1385 1971
1506 1713
76 1169
1625 1509
1434 1168
866 1408
432 799
356 6
1257 1587
1811 427
968 1818
1428 359
1854 1081
263 321
1808 1434
441 1984
1045 414
1052 914
167 883
454 1706
448 28
1597 935
1663 86
1452 1979
1529 1410
166 388
1347 63
567 1048
1456 1904
1422 1489
1320 821
412 1469
933 283
749 1876
795 1077
71 58
1684 490
66 357
1212 1694
1582 717
785 866
167 1376
1092 68
633 697
939 328
481 1008
1189 855
255 1594
1082 1817
1924 815
1111 314
1124 946
700 1029
962 17
1278 494
1940 1926
1536 1991
693 512
854 1443
876 1845
1400 337
633 31
997 758
1245 17
806 1948
1449 125
1542 262
698 1598
1607 1173
530 1054
488 1093
982 1608
467 1588
1811 916
1117 841
67 1447
1579 1738
606 466
1861 1695
1404 1098
986 1051
1611 374
342 819
79 1620
1731 1331
348 1600
268 1148
1137 566
1456 1293
1736 133
838 860
611 600
1213 105
1466 659
607 592
1609 32
750 455
1577 1796
1842 952
476 390
956 1941
1196 470
1618 1667
1665 1897
439 1463
1602 886
1246 607
1676 1199
1243 1650
778 462
117 1343
1919 1446
559 592
297 1996
1208 369
1200 1786
1197 1521
1043 788
1004 419
1126 660
1395 700
1663 1823
1948 1819
1500 1
12 618
1846 1426
404 1688
803 320
507 1589
1742 1968
499 1270
683 1263
75 126
202 1623
1799 1540
800 383
1866 1930
1818 1267
817 228
657 962
571 922
167 1455
1618 333
1635 1915
242 458
55 667
1535 33
741 639
112 334
826 1885
1588 408
1098 335
1132 827
36 1114
714 398
1037 940
1305 1610
821 378
219 668
278 1732
1136 52
1594 1887
1980 120
1616 1897
147 1987
74 1287
200 1300
1513 823
362 359
635 1052
1196 1663
1886 384
698 424
1752 1586
483 751
144 1257
1868 979
1912 318
1843 368
286 740
1318 1839
1429 1740
114 465
1449 456
1548 1747
1076 790
1688 715
483 850
1704 1151
1747 1667
1474 1471
887 187
1498 1989
312 1665
1822 240
773 1119
1740 11
1932 1777
1393 1684
769 1197
777 585
310 17
853 194
1783 1251
986 1015
404 1736
294 1566
1916 643
273 1274
1065 1301
1740 1931
1033 130
1961 933
245 737
1201 215
870 1799
1380 743
1806 339
716 833
899 553
110 428
1604 1715
1398 105
59 513
656 1137
1375 1284
1678 427
938 417
786 1017
1834 151
674 625
907 1373
993 819
502 159
114 730
839 896
1112 968
993 282
1573 1309
139 1723
1744 979
1981 814
447 1436
1919 1542
571 665
1837 229
699 1291
74 1229
1053 1657
1372 1408
1510 601
640 458
1815 758
1497 1644
753 755
1639 1116
1228 270
1058 783
424 500
1138 414
637 1429
463 279
0 1323
1884 920
1422 691
719 1894
445 1126
1450 1084
1327 1877
1129 1949
1526 1795
1140 1442
628 1127
1136 1497
295 1833
1536 1767
1012 381
289 387
1155 1624
189 1310
1626 1816
3 1260
1898 1339
790 23
899 1715
250 994
1934 27
1387 1057
1573 1899
1384 1819
575 1864
787 1451
109 1839
183 270
1241 978
1450 705
1922 981
621 754
1561 31
758 46
1201 1480
1153 282
739 1064
132 943
1838 1540
85 100
835 1357
1861 1745
438 1508
969 1077
173 1877
1213 1585
571 1586
260 1932
1735 273
1413 1836
1071 253
750 796
481 162
223 675
61 973
955 262
1600 391
1825 28
990 1671
502 1023
112 1259
524 141
944 653
1460 405
371 60
26 1163
318 1681
83 949
821 1482
1879 57
87 1697
1794 1840
1032 1750
1780 533
428 587
1626 1214
585 73
1988 1423
511 179
393 152
1935 281
608 361
89 212
844 342
1036 1949
977 737
590 557
1257 1359
0 1319
1418 1633
1380 1974
260 605
84 1149
337 550
1205 432
210 1312
682 416
1105 1449
1200 765
1557 1402
1147 494
1229 138
966 1121
1235 702
645 851
864 134
805 914
1862 1081
1355 666
421 898
590 1513
1466 1319
918 301
950 509
1113 1036
6 1711
824 1286
249 1226
1073 54
1454 1513
422 171
869 866
241 596
73 751
658 1220
952 222
540 516
1936 376
372 988
1114 38
1700 781
1566 1454
622 1166
1126 35
71 248
1982 820
1143 24
1187 152
50 569
476 1427
316 883
101 1337
1053 1348
744 229
1025 69
858 1306
1740 1098
57 979
172 571
1526 76
1994 1784
419 1417
245 1418
1094 376
1765 1919
1076 1035
928 595
1320 428
772 1315
347 85
1524 223
254 966
966 490
1937 1495
224 1132
142 343
712 232
1286 1536
1602 1288
407 405
286 98
518 23
58 272
1150 1627
240 1892
1467 118
1193 54
4 978
114 1742
1620 365
1331 1402
355 47
417 913
955 178
134 1117
1458 1016
419 1722
1299 449
940 1016
1059 1121
1902 1798
1047 1836
1100 859
235 503
864 289
1157 1247
783 1328
1039 484
798 780
22 480
5 241
1605 988
1760 1015
544 1964
476 690
139 1763
1552 717
799 1168
1851 402
701 579
929 963
1769 1365
1 989
889 1888
1262 357
753 1019
1283 448
610 1181
408 374
1896 24
1244 1290
58 1772
209 92
405 1606
418 687
1433 1497
936 1057
981 1276
1054 1742
1947 852
1057 1680
498 15
1092 1777
1026 1579
1088 882
43 1827
888 1260
780 801
454 539
67 67
177 1216
1591 1179
641 1506
1482 982
1542 1193
1029 1843
944 1576
1793 716
1724 29
485 1711
1885 646
726 878
1199 809
1018 1985
1170 1461
365 73
1408 1458
1843 1330
1530 1694
1584 481
829 1899
684 1736
970 1843
855 613
1736 959
1782 1337
1418 1724
1654 1540
984 1270
1084 284
492 340
218 1726
1558 1926
1359 425
1290 1584
958 1231
895 1090
219 183
1837 92
1423 1888
241 657
1081 1523
1877 128
629 1266
1309 75
1704 1931
671 1808
1143 464
1194 414
1288 1502
769 1645
1781 599
37 1375
203 908
661 435
1905 1988
1061 406
63 245
510 497
683 1532
1125 1296
516 668
528 873
1697 306
1287 937
164 1923
327 511
288 307
1499 888
1358 1970
1971 801
515 268
842 1599
1428 1288
565 884
412 1020
1089 755
1052 1461
1653 1840
811 1165
1259 753
1254 992
1044 796
1759 11
1823 1417
654 389
1186 396
81 677
698 55
1311 1944
1323 1792
1143 949
86 499
543 331
1858 1133
901 977
821 106
1124 1776
698 1687
881 166
784 161
148 1037
1298 273
1173 229
434 44
530 1337
1895 1121
250 1814
590 1092
538 1529
1808 1157
686 1319
611 936
1445 8
301 885
618 103
241 1105
515 390
414 1165
207 100
1577 169
537 1245
956 1741
1206 1144
1355 742
387 1146
845 1353
1128 747
1067 1883
466 1173
1543 1748
861 950
620 1262
1778 1216
536 1089
747 544
689 1137
1326 8
315 957
1638 1538
608 1213
1808 1466
1580 752
939 874
1456 285
805 1466
265 244
1348 1270
1507 1251
1935 1375
1095 1369
767 1189
1032 222
500 550
77 854
1656 592
1255 1893
223 1755
1910 1465
979 1792
1290 1376
1576 1008
736 652
587 1405
1032 933
1116 239
431 1979
1375 134
1278 780
552 1021
1138 607
799 1150
499 321
1514 1832
907 836
1196 1016
632 1785
1104 488
468 677
788 14
1309 131
1935 922
947 1751
841 1762
402 123
470 918
455 1565
527 681
1783 205
1107 818
1384 1080
1455 1692
1501 1646
606 1662
1459 1722
1910 1165
915 557
1549 1605
356 984
443 688
1765 1331
526 1096
877 481
1610 230
310 445
537 544
1372 1599
1326 350
1061 1329
566 1272
1704 1806
975 57
1294 1400
1584 686
918 1398
378 1362
1836 1102
1337 284
976 1350
1556 883
1266 280
865 1219
1290 938
999 103
202 1115
962 1245
1869 530
1908 1552
1175 1422
333 196
177 60
1202 703
402 0
1806 577
65 741
279 1671
1917 1195
671 451
391 1817
1888 1673
1016 1419
1276 582
249 612
1368 332
621 1554
500 1159
690 190
1238 573
1363 370
560 1947
1236 466
967 1056
868 650
53 1032
1234 214
1495 1343
280 1892
1563 1018
1531 1331
1054 141
1858 74
858 1684
917 373
29 1623
268 1727
1963 637
1946 67
594 1381
739 706
531 1580
1004 505
1007 1379
1807 822
1365 1056
491 194
434 1099
1075 1111
387 1752
1377 425
1818 602
510 1998
1290 43
405 662
634 776
543 1596
939 750
999 959
1728 873
539 1250
535 807
1232 1084
321 566
650 1429
1379 936
69 970
1974 1151
804 1536
173 984
1131 1718
1201 1197
1930 28
783 231
286 1151
1206 1651
1142 1333
229 1486
1849 1010
1630 1240
258 1007
670 111
1047 1297
1433 267
1056 1393
289 819
1761 822
1533 790
949 44
1342 1565
1948 1766
400 689
1664 729
1787 1774
497 749
1621 455
1602 1980
975 271
948 1621
480 353
1597 1165
598 1506
831 1289
0 891
1079 904
1820 1544
1094 364
1440 1866
1277 1129
997 681
1226 1572
172 247
133 731
1129 684
297 477
1252 244
1961 445
476 200
153 1865
162 1442
677 1756
482 1341
1126 1154
1200 553
13 701
259 1949
62 1418
1337 783
579 638
892 1844
1392 1402
1656 1997
1392 829
236 547
959 1795
1718 790
1034 331
1485 1483
1816 358
833 1708
1577 593
186 1593
1413 161
776 968
1201 115
503 504
1545 1860
226 1614
721 1640
1575 1089
1017 81
1213 951
191 1351
424 174
1584 883
659 1741
1513 1269
418 408
408 910
721 526
1369 1519
1394 811
1274 1155
821 136
1262 668
254 1619
1720 115
1709 370
1094 763
701 1269
787 475
320 76
193 597
1779 624
1939 1950
1243 1161
105 1005
1513 484
1651 1185
1565 1265
193 722
122 1019
936 356
1632 1183
12 0
1555 230
733 511
555 269
1240 1567
1770 1655
1841 548
1525 641
1203 595
1190 150
658 132
1810 1676
866 1349
216 288
370 727
1231 1797
515 1402
727 1886
825 160
1806 37
1141 1610
1543 895
1313 942
605 1458
1567 730
182 620
1547 1741
1052 1144
1610 53
1442 1836
1821 1206
654 612
630 766
1403 1446
978 36
1734 511
260 1133
1683 35
355 1387
435 570
807 911
1202 1690
722 1315
1934 1569
1901 748
950 66
521 1884
680 1963
266 1406
1720 491
199 646
80 1290
191 353
276 851
1021 1601
1537 1323
247 977
756 753
1103 260
999 536
229 952
419 1823
1730 116
398 368
548 174
496 1892
1679 1661
1530 660
674 249
905 1197
1282 1778
1985 583
59 903
1186 852
761 1661
1979 751
765 246
141 452
477 1542
318 1741
514 1605
274 1941
356 1168
1410 1073
1477 1737
461 1060
995 820
743 410
5 110
1255 1316
479 566
207 238
1315 559
727 948
13 38
798 1893
341 1895
520 1750
793 1779
521 1556
1861 1108
849 1708
1046 822
947 1789
961 505
1288 1111
763 1449
1599 1051
760 730
818 1927
796 1863
1749 779
1875 1848
175 1123
192 364
631 1148
1685 1591
1791 185
1463 44
1012 1129
1209 1124
1005 163
1507 367
139 950
725 647
759 1488
1431 63
201 1284
217 7
1572 1904
576 1643
1191 758
1970 496
1756 855
1050 1863
177 1645
1167 1550
971 1318
571 295
1492 1931
310 1043
1068 247
1642 401
1192 1010
808 497
1121 9
243 1920
740 757
1762 1705
1471 1634
1522 838
750 656
775 13
1850 1318
1630 1224
1240 1675
1253 285
1233 1722
1350 963
555 1486
1762 1779
343 878
604 1276
1135 1655
838 1005
458 1814
131 124
1477 366
141 734
375 1688
338 775
752 731
260 365
1570 779
1387 1796
1730 1095
1572 1815
1029 778
71 955
1578 155
995 1484
479 1473
904 994
819 1418
1473 114
907 725
1785 1015
493 596
103 627
250 416
422 98
192 1047
1644 1769
541 549
1602 1047
452 272
1381 1051
520 1414
87 1266
277 1336
1853 1945
657 209
1768 634
64 290
1677 1190
471 1005
1334 1868
1924 1313
7 1056
305 370
1503 70
96 763
1394 456
565 1899
844 757
586 1504
784 1311
649 1730
602 49
807 196
1686 629
1301 674
1130 987
261 1446
1568 216
1825 1263
367 670
897 528
1480 1301
1551 1162
626 563
362 883
463 1795
1949 1272
1819 899
1242 1268
1880 1774
449 226
1100 1668
1079 195
1968 1204
1268 1594
48 980
316 1419
1452 1021
1481 51
999 141
774 296
126 425
44 387
589 830
1838 1172
47 1973
1865 880
1653 478
1183 1347
509 1696
954 1925
338 1930
1734 1770
1552 195
630 313
298 912
1371 1741
1566 500
1989 1019
1915 98
1490 1827
664 39
1734 1122
467 1455
673 1284
931 1546
1427 220
1849 1268
1253 297
501 1841
1733 1858
954 737
1929 854
289 0
1538 713
1269 1064
823 1741
1408 633
1993 1205
102 1452
42 184
570 1997
970 1947
282 1290
1334 1748
1721 561
783 266
1756 1882
1133 1677
356 271
1124 478
1270 895
1171 1492
1082 8
232 1529
797 1691
253 639
510 1024
718 555
1318 1766
1548 187
426 1060
1278 1844
1866 1327
876 400
866 1516
1157 1960
1558 626
1163 600
1365 1268
555 66
1474 669
105 1188
339 1042
208 1450
1608 820
1217 856
1760 653
529 1762
800 595
609 1357
161 1711
1379 126
28 1188
415 1164
1589 771
586 263
405 59
840 638
448 1408
795 1811
1662 1803
192 977
965 190
1509 1035
375 17
574 1859
629 1240
152 413
931 264
554 1149
413 433
1868 1740
1795 2000
1429 1460
1747 1438
1246 178
1603 1488
359 573
1443 1216
1670 1614
1188 437
1077 719
1475 749
1582 651
1529 896
208 1568
1731 21
737 18
1612 1764
1128 1342
894 39
582 1127
143 92
303 629
1337 976
1420 736
667 1027
1939 698
431 528
894 1638
1252 715
1104 552
864 1200
1298 728
43 71
1551 951
1201 994
1864 848
1801 637
1520 962
1336 1352
1501 830
868 96
1109 1132
397 1157
263 1695
1008 241
595 525
156 707
501 1294
1113 1186
266 526
656 303
798 1419
1882 121
396 1645
632 1644
1735 94
950 1742
1718 57
1453 277
53 1698
284 67
1709 1070
707 1276
94 13
354 1871
1626 957
764 151
1855 230
24 1552
10 674
369 1377
1497 852
721 765
1267 289
1894 1518
810 291
150 983
1699 652
354 37
485 147
1020 682
1749 661
527 1534
1641 1690
1559 1152
1199 1205
123 323
1791 763
1286 1058
1264 333
845 697
304 667
187 177
613 749
1706 580
100 174
751 221
163 1419
1930 1124
1657 492
1748 573
1148 1929
1063 208
961 1464
638 1232
1115 735
1081 1162
952 351
22 1788
79 1618
693 637
1987 1161
819 917
1704 313
1848 1242
925 713
519 1925
1472 1219
1973 387
756 171
1074 364
1654 1720
378 1585
1506 722
275 1549
1798 772
785 530
1419 465
1238 943
1573 946
138 1136
63 27
1320 1665
784 1783
966 1545
1641 462
1217 1011
668 1988
1107 987
1077 1608
1745 1388
353 1803
1203 1286
883 1722
174 1350
670 1239
1853 1970
1502 873
1112 1896
172 1266
466 1454
1190 1855
1024 1907
435 745
853 591
616 112
174 1521
1350 1048
1742 1118
202 187
1021 1967
632 68
1358 1304
1568 542
1411 832
1355 1455
1956 518
759 1584
51 433
982 1726
111 1061
594 384
1250 634
304 970
1341 1438
483 522
1009 917
1783 434
658 195
284 1838
1912 749
875 1959
340 132
1959 324
1841 44
1456 1609
1934 1010
1139 242
2 1447
1285 1903
1502 1640
986 1495
309 1990
313 1816
1044 1498
1127 534
1864 1409
57 1519
1100 1390
219 1678
1571 976
1795 1796
1263 1177
1855 352
793 1910
1032 363
25 112
551 1471
1593 295
1010 1792
1039 473
1957 1101
1697 1627
1251 1664
880 579
1431 293
17 1394
909 1297
1025 775
1270 141
1973 1080
1239 1270
1624 1447
1334 1551
1557 800
713 880
670 1379
820 895
75 67
185 792
727 498
1969 1743
24 1918
1351 451
841 226
1834 565
352 144
490 1523
1624 243
599 795
1156 585
832 1277
742 1938
552 122
96 234
1109 1502
1732 567
1997 1663
1527 1206
783 601
1026 1922
805 341
1941 463
1371 1499
469 1531
718 1439
1890 117
431 712
1405 1710
851 401
1979 1808
1727 1518
1952 1331
1429 1405
854 1563
113 1154
1741 977
234 129
849 213
1232 197
282 1762
979 386
423 1294
1451 1165
590 266
748 726
929 1911
843 1689
1696 556
451 1182
464 37
417 759
1437 672
1413 1328
658 811
423 933
292 165
1228 1855
540 1775
1950 911
1035 1948
1741 1583
1710 326
1448 1180
1720 1872
1653 957
944 1369
60 1611
363 7
727 257
1671 1595
520 1269
1518 1001
815 1901
1882 352
337 1803
1065 1196
1467 1644
1993 1858
668 971
90 1108
1241 113
149 33
88 1050
1939 1207
1761 1851
1755 547
1187 1509
645 290
1096 888
331 324
1657 506
1404 1730
1028 896
1192 1538
1272 909
207 1541
1432 659
1349 1558
1612 621
1161 1012
1513 1886
1706 1757
692 103
681 682
1047 1507
555 1606
1129 1715
1508 875
959 678
391 488
1049 890
1658 270
216 1391
1171 1060
766 1138
352 1806
1768 175
420 442
735 472
1944 390
945 858
1958 1144
1211 467
1692 811
406 1727
1557 717
1974 1669
390 1732
176 256
169 1787
1473 1555
23 1538
1338 612
1762 291
1808 1093
21 262
671 858
379 889
1950 1296
1803 679
1483 955
345 503
704 1411
111 1211
1804 211
1437 1370
1007 698
10 614
121 311
771 943
137 685
1737 770
1259 1782
405 107
1131 654
1463 115
968 392
733 1506
1689 12
711 1748
270 664
1060 650
1132 538
405 267
1581 1452
1278 1422
1311 1246
330 1190
1637 41
1587 1058
227 1856
1216 1813
1463 363
718 92
1534 1328
1933 1453
709 483
1022 1700
900 1365
1031 1825
1828 1088
572 1352
1848 93
1022 1230
1260 642
1083 6
1732 563
477 1431
685 359
818 738
1270 1180
1019 966
22 1290
541 135
65 1387
288 1419
491 1770
425 839
175 1812
985 453
631 1464
1949 1048
1656 853
372 977
1922 170
1799 681
878 1754
1163 308
1749 1444
1763 838
990 979
240 1
1418 1564
1609 1827
242 1278
1069 373
759 1273
1609 1445
29 59
634 1408
816 540
1905 1339
878 641
283 1709
1537 1178
1258 1237
511 540
669 1446
116 1766
1797 1859
83 470
1862 466
351 1950
811 440
491 244
43 1044
1462 45
1739 791
1805 1106
112 1416
1993 1127
813 1018
1189 732
497 1816
424 448
950 305
1975 1960
1084 1764
11 564
1694 658
202 1156
1020 1678
1284 173
1149 621
1877 588
1922 1451
203 1541
1817 1005
787 623
1750 1160
232 1436
975 1296
1328 866
1087 1562
1375 283
882 1742
596 943
232 1454
272 1825
1664 700
1167 340
1472 1059
597 916
1430 1010
89 1561
955 1767
1947 1437
1544 1144
1028 1502
292 1365
805 1720
975 1351
565 1320
1622 1709
1828 62
1168 30
1307 379
461 1137
430 248
1478 1102
482 100
84 1368
758 883
1199 418
1578 456
965 248
1951 112
604 1208
1573 200
1980 1080
1510 957
924 1397
513 1300
589 1831
821 140
297 777
134 198
1741 687
830 1390
1976 1678
442 1688
1529 473
59 726
443 457
1343 1655
983 80
1322 160
1870 355
1776 1391
520 1767
204 1668
934 1262
1648 1085
646 1496
1068 1940
1076 843
1313 1314
1030 1646
1395 908
28 1280
1199 1596
935 1340
158 1106
971 1446
1764 665
1707 504
1051 1412
1386 1104
538 1864
51 1697
1342 1715
728 834
1670 1499
1622 1812
459 1532
885 1577
792 459
1278 886
1584 496
148 601
327 30
1576 1968
1834 765
1634 1663
632 1043
416 1008
328 1289
464 141
456 1370
1536 649
1611 932
967 853
168 1813
998 449
624 73
622 1540
571 1156
1994 1455
758 1724
1842 716
262 368
1861 1796
1893 1261
1301 1276
1763 548
1201 744
425 1759
1849 965
864 1191
922 949
1163 1212
740 133
1614 540
965 1890
603 176
1823 1459
1299 647
1622 1526
1499 1165
716 1941
1558 620
232 1191
397 1469
1944 564
1698 1367
291 1134
768 1755
1068 1912
499 413
1466 1127
755 775
1896 453
1774 1628
1274 1333
673 641
1548 95
435 953
163 597
1901 380
1727 91
1909 1273
1831 1958
1148 833
1203 384
271 1455
832 1549
715 1759
385 617
1137 451
1988 1466
1840 1491
1002 1902
992 1398
1748 1865
240 1927
1109 1269
832 874
1455 500
1100 1394
1509 1215
1216 604
951 721
309 1182
752 986
1667 842
1622 1196
550 879
133 1042
127 834
1060 407
981 1092
1335 415
191 1980
1097 8
1064 1238
416 743
1189 1440
232 663
1931 1862
1633 1336
1040 959
1381 1863
70 630
840 353
1999 589
24 1491
59 986
771 1071
1173 1900
541 203
1782 1804
148 1088
325 1714
1713 875
862 1407
1574 784
1099 243
929 505
1016 888
647 1338
342 1497
314 102
1673 1836
715 1502
299 749
256 1764
1528 1482
111 624
1624 905
1359 1173
1306 1946
794 935
376 105
810 1028
1369 1015
1949 280
1752 1131
1744 914
221 1227
1450 1025
1661 4
1858 570
1154 1640
468 547
1857 243
1488 1339
1825 1698
85 1699
923 1147
880 230
824 1293
926 1622
615 1756
1821 1058
743 1954
1756 1011
1408 1625
703 1097
1456 982
479 443
1558 939
446 1695
98 1396
832 202
1073 1662
1473 1832
1323 1416
936 1675
288 316
1087 1468
125 526
828 604
1317 1940
792 1294
1257 531
921 146
1906 1107
133 1006
1078 1315
812 1894
560 1486
822 1689
584 576
920 1758
305 1391
1310 243
1123 211
501 1325
634 484
382 1141
227 824
836 1589
1118 416
1744 565
549 1062
1353 1877
1375 1203
287 1604
1587 1061
1098 1652
1234 1111
1508 1873
1169 1798
1131 135
940 80
720 923
844 1508
318 1247
607 1711
719 1739
1248 1250
1791 783
1227 323
460 1784
1381 159
694 723
1865 1566
499 521
897 255
171 27
836 562
144 1356
908 282
426 1486
1430 460
1404 1946
700 359
700 323
1259 1595
1775 1828
566 64
1661 727
713 636
1236 833
607 1286
799 948
761 1200
483 861
846 743
846 581
128 495
1743 411
1595 1675
559 16
1611 1964
848 21
320 1727
1603 1524
864 88
965 412
1402 1312
709 1573
1934 62
1877 1112
1791 876
1408 1677
772 1210
1872 1090
1664 1242
323 1435
1635 1882
349 1070
932 1176
719 1419
671 574
830 915
1838 1492
1415 555
791 702
203 1052
1386 1949
1015 866
1795 1762
965 134
1998 1264
141 1519
482 158
119 1289
703 1704
401 633
608 617
253 214
1425 297
664 44
1073 1503
136 1353
191 576
135 1130
1163 762
802 541
1461 326
1366 108
1500 295
1885 1616
1776 762
1033 1424
1101 614
1507 1667
1399 1099
1628 306
141 842
1469 706
1379 612
1781 724
957 186
785 512
1602 419
1572 1551
1147 1729
462 1887
734 810
979 1013
562 1943
650 1297
1109 19
1205 841
198 300
306 719
1240 639
969 2000
64 872
632 1741
159 467
246 114
1250 438
205 1723
1843 1841
1150 800
1915 1204
695 668
858 94
302 895
441 1092
210 377
801 1835
888 1377
1100 13
1530 397
1979 1793
13 2000
753 793
1468 835
441 1601
1009 504
1842 790
741 763
400 1528
1937 1966
1982 657
1803 1122
1898 1178
1491 991
828 1435
1611 872
606 1919
802 381
878 1726
517 92
1053 1566
1541 357
894 1455
969 1589
374 474
1910 1860
1116 551
278 897
1511 1140
30 1220
244 1906
942 964
14 1865
1769 298
1589 1256
851 341
138 1256
756 79
1562 433
194 1689
1612 388
1007 1020
225 985
27 755
1714 1136
517 889
512 257
1661 818
688 1023
1089 1018
1124 598
8 181
606 87
1401 651
298 400
1681 112
1114 948
1541 1267
1149 384
389 654
258 1929
1045 1642
354 1505
1381 396
694 1723
400 5
1665 1389
1213 1960
1008 1358
1486 1442
501 534
1488 778
861 1927
222 392
1536 492
1636 1054
473 1429
1937 1148
174 1899
289 147
1747 652
1264 892
262 24
110 1711
1559 1769
1487 1399
1238 1028
1585 199
795 907
1957 1548
296 761
328 71
1001 762
578 308
1019 977
1687 3
1622 903
1537 90
175 1630
474 1365
1944 1891
1063 1324
846 1508
701 310
1364 276
982 1
510 1629
233 1243
885 887
837 904
1197 709
919 979
1781 1064
768 786
550 1219
1160 597
179 673
254 1100
76 1557
671 1882
1723 455
1125 1379
1271 1939
383 1465
1376 1432
1217 1237
1922 824
1108 1036
1428 1498
1249 902
1374 54
186 1677
241 756
734 1842
667 440
1651 892
1691 120
4 1082
206 855
1135 1223
1689 208
139 1988
1967 992
112 1372
1261 870
1857 1996
654 198
1795 208
362 1207
1987 1024
1796 718
189 1434
1238 1049
299 1283
156 1365
303 1107
780 21
805 203
1825 158
699 439
321 1654
1713 1863
1113 1795
1094 291
32 1165
1825 470
1952 1423
281 1554
849 253
1489 1407
1770 1453
1480 170
847 1304
318 1630
753 566
1744 1029
1238 1301
1632 1920
1776 1214
277 1267
1175 1660
110 1434
438 836
1697 318
1779 1159
400 1681
1663 434
146 1274
151 260
1469 490
576 1704
1822 883
449 1247
187 1510
1837 178
1538 810
1392 888
1832 980
1850 1903
413 1403
1211 69
881 1416
1850 1382
1516 1932
1111 1277
849 670
478 362
904 1934
1405 1221
1190 134
1617 1824
1552 1886
1727 1604
589 604
1257 1842
1588 1525
1747 1448
1984 1301
1117 1255
1009 570
1680 513
1632 787
170 1216
823 544
192 1508
1601 1971
1723 941
1647 1134
1276 1159
1930 1624
1090 801
822 101
1943 532
717 167
78 1452
238 1598
42 1941
601 337
1247 1063
1538 12
901 1240
612 1061
1234 1140
1464 128
1476 34
1728 1647
208 1258
669 1217
1808 612
1671 1345
129 382
782 1660
1511 1732
263 1569
1188 1626
1199 1530
1227 1670
50 1091
1331 1782
922 223
210 1455
619 844
1576 1429
1835 176
857 792
34 61
657 700
1803 1336
1723 1839
76 1616
725 1209
892 12
997 453
821 268
1257 1104
595 471
1390 384
259 1976
274 978
1029 18
1127 389
910 295
1611 235
1574 1782
1667 256
169 701
1703 1661
1961 807
1475 1952
242 1185
887 1209
1050 1062
843 301
463 1578
518 1518
1557 69
92 383
484 858
526 507
1381 180
52 580
1275 1779
1284 1716
522 1502
1832 430
1083 180
382 1470
830 850
1386 258
1438 1626
790 1818
949 1795
1627 1621
737 1133
941 1556
310 1141
427 1218
48 1473
1538 275
1394 1176
294 1190
922 580
240 155
701 1264
1149 374
1373 34
1040 1377
506 1464
741 1391
33 1102
1174 1618
1879 1151
747 219
278 1327
1744 326
1707 1484
1142 758
1161 380
322 1959
303 289
1611 218
972 1093
1221 1171
612 334
711 1135
966 1127
1132 1126
1564 1705
1051 1352
171 400
419 429
1107 1073
571 1394
836 654
579 1373
855 1521
1983 1716
1898 1076
1454 810
44 493
240 1604
1625 1334
910 131
1025 1650
1895 293
1569 862
1029 1134
1189 243
997 161
1704 1439
1125 368
730 645
547 559
1308 1898
554 1293
1001 1510
1905 84
1022 665
102 1409
332 700
36 1225
1332 1310
365 145
1348 747
1448 264
1399 652
843 358
769 967
874 858
1777 937
1137 1531
1512 660
1151 440
621 1111
877 1997
1882 1687
390 391
386 969
1613 590
592 873
319 1588
1061 508
280 426
1212 1583
159 1761
1329 805
1306 1792
431 1679
1291 1175
248 1696
176 1274
783 1915
542 1429
851 1922
1953 518
1679 996
1200 867
1640 1073
1140 621
1458 709
1855 1567
383 944
395 347
432 705
310 196
263 1757
1989 467
1013 632
900 258
898 1369
27 583
1838 1573
1713 1141
16 906
414 1234
349 1569
401 1591
591 1602
1796 1792
521 713
1922 812
1649 427
518 1258
1294 360
1881 704
1428 808
914 1150
553 758
1444 66
1961 1658
788 564
1412 1903
1968 1637
966 220
442 1528
786 999
715 813
1170 1042
2 1767
1149 322
1721 894
174 1046
1236 95
853 545
1710 683
537 660
1259 1671
1209 1774
110 605
674 1261
862 1931
1683 1851
516 1716
1740 1381
1546 304
1504 1124
1637 951
1622 972
1906 621
729 1498
1942 881
1954 811
250 657
817 1390
836 1287
300 1213
454 406
1440 47
215 1178
29 1819
371 554
1400 1152
811 485
123 1077
1910 211
355 1631
1580 1152
1204 958
413 131
165 417
1014 1876
211 1863
1729 1954
730 1212
1897 275
464 1938
1387 1418
87 1518
477 1408
1307 1526
138 710
530 1296
939 62
1717 978
1449 1972
936 339
368 680
27 690
1 1888
8 1191
1537 155
1717 969
375 1993
866 1437
1614 575
1790 180
286 880
599 901
444 1990
783 1436
10 1397
255 770
899 818
689 1749
544 1207
261 1234
1925 1374
1436 1794
1842 882
1238 936
1975 1923
165 748
835 168
931 1799
1706 919
1586 173
450 510
1199 1341
1427 1136
1194 124
1291 1587
1931 743
1965 150
486 841
922 311
18 159
116 289
368 683
796 1548
1284 1649
1054 1774
123 1102
1175 1113
1081 1503
1717 934
1444 1927
865 1331
1244 1685
1530 33
257 1110
1083 197
360 1036
1727 193
1663 1493
1524 1156
117 566
527 1144
120 1779
1239 1133
7 1098
1447 1370
1688 706
302 1745
1298 1805
9 1237
1293 60
1675 562
309 1052
1967 968
150 1596
786 250
1393 1400
1250 663
1712 258
1811 1864
1424 1495
161 1141
996 357
1285 1193
1551 1568
698 1837
516 1506
343 326
561 913
708 1150
1131 133
1176 156
1700 1574
510 1338
1276 1184
1506 656
1814 868
565 903
1438 1597
1689 1472
2000 1175
1751 483
1821 587
1170 1546
149 0
1643 188
1250 160
437 661
1175 1279
522 897
1979 1750
1396 1450
1440 1578
1743 1481
1637 1472
65 648
1345 1815
212 377
649 223
1950 523
817 1288
45 1934
1850 1448
1284 1978
258 816
1503 542
176 714
943 1070
1530 1944
659 1970
748 110
1264 935
1724 470
940 1875
1605 1386
455 1930
1881 1230
1572 204
50 506
517 1173
527 999
1968 1338
688 743
1509 163
1776 523
1540 1727
500 873
761 1872
1726 197
1574 1026
582 796
280 1108
865 332
1417 1309
1541 282
1180 1028
500 1855
434 609
1486 330
1553 376
486 1789
852 1523
73 1960
1490 1711
1643 9
536 543
1675 457
1023 1066
230 1378
1020 892
809 362
501 1759
970 1446
192 998
288 562
15 811
638 1094
1303 266
1385 694
1345 1755
497 725
210 835
336 1154
1082 1713
1072 558
33 1805
1788 753
465 573
1216 1726
1986 242
930 504
1504 878
1139 1815
1909 693
450 1122
101 1893
1627 1807
1314 1844
1361 75
276 636
245 661
201 1813
334 1132
1019 1955
443 26
1778 572
1940 1447
1157 417
696 620
1194 116
1570 33
1621 1081
950 363
940 1896
536 1754
1282 1407
1680 664
151 914
79 585
1489 357
169 60
1985 1129
2 1120
622 847
1112 204
598 1404
531 730
1662 201
18 28
1058 874
788 1456
801 1267
1373 1245
1012 851
1978 743
172 1203
1652 1922
222 969
263 78
1300 971
290 64
1094 1684
1435 747
1388 430
198 1871
1571 843
960 244
1465 1186
1069 0
454 62
69 263
1002 620
431 1760
1508 1870
968 206
445 1473
1543 1635
1039 513
205 1768
779 1870
835 211
653 1343
1923 905
160 1363
1406 1694
841 1761
1501 6
1952 1233
231 1615
1878 1495
1814 560
366 532
1940 1602
983 844
1899 130
1313 357
1327 1697
1615 360
679 578
656 1674
54 316
1937 733
1619 1966
930 700
1031 760
227 1665
906 742
771 523
1458 151
1627 1170
725 832
378 629
1096 458
1772 202
1163 941
252 466
923 1911
1793 478
151 1658
1535 1200
1528 1642
181 1284
1215 1274
0 1746
1110 913
374 1647
578 1040
971 1628
1228 1743
1836 621
807 476
1923 1708
57 1330
134 416
203 830
1257 1054
118 1828
145 673
85 1260
380 745
1324 1556
1782 892
1168 1970
1124 835
380 501
906 1105
213 739
1156 1143
1722 470
101 436
1653 1305
271 1159
566 816
106 1660
798 854
1465 48
5 414
114 309
1875 160
156 1024
637 1104
260 1549
1438 1651
1208 889
54 1570
312 844
989 1764
654 1853
37 1305
1573 211
19 251
1589 1610
1221 1601
1608 1643
48 1488
1176 340
813 940
844 1917
1329 1189
79 346
611 1036
987 1374
1597 1098
1149 184
1276 1738
1514 999
1210 378
1706 1790
1594 1963
856 484
296 833
161 203
1218 1519
1015 1485
1659 1714
437 1142
1451 1405
813 1362
1796 292
857 1470
1616 1221
1485 634
317 1284
1113 570
979 515
1914 607
888 392
1010 501
1023 355
1859 1651
1001 946
843 508
1381 1493
1178 467
143 431
1968 552
581 441
1658 1624
1779 329
425 852
1878 1561
1017 670
154 1878
1369 1569
50 1604
864 163
1250 876
1665 1174
1456 1621
832 670
1551 1023
1538 1653
296 291
834 1483
1127 300
1105 943
1691 1796
370 428
1147 1911
920 1187
1357 879
1692 1957
947 1937
476 1414
574 1799
970 90
1572 777
1410 1921
1474 117
309 1777
1571 1841
1660 1210
851 1180
1529 1529
1483 1242
421 424
262 569
304 1242
1834 1044
1166 273
1626 1722
1792 721
1848 1282
1578 1464
1676 808
1978 55
1054 645
1731 88
34 1861
471 1245
80 1184
52 871
1626 425
1671 841
1444 1934
1838 731
1865 416
1393 843
67 445
116 870
1015 363
13 366
1308 443
1900 128
278 251
76 1869
1663 526
104 506
135 694
1489 1108
1982 438
711 836
1903 985
333 1769
1660 233
1196 735
349 1367
374 301
1765 890
250 1665
218 1525
647 375
729 1641
1589 1538
251 1374
1253 381
237 1009
1440 799
1627 1837
679 53
79 1795
1329 1429
1103 462
654 1468
1105 1211
13 477
261 1044
329 1190
726 1307
268 681
1695 1477
792 1836
612 1282
1066 1060
1036 1392
761 1177
1921 163
544 559
231 1956
1265 212
1331 1077
1125 1295
1499 1396
559 561
1850 1880
966 1691
1085 1331
1407 1878
494 1331
560 1394
1728 824
567 1757
369 1028
1433 1893
887 1973
738 444
1574 1712
1549 1069
1906 1728
812 1837
746 1114
634 930
1176 1136
577 835
930 505
1397 494
297 1001
1954 632
570 657
793 1698
318 1945
395 260
833 829
1083 649
1542 1419
1621 408
1463 301
806 1608
1195 1175
1906 440
770 1359
53 816
67 751
777 614
224 145
724 1635
313 1459
1114 1135
1360 1489
300 535
1269 1673
1374 1914
154 1714
1345 132
1360 470
604 836
1790 955
1365 70
176 27
617 159
516 1355
1852 1232
525 1712
1040 1342
200 1899
1690 886
421 1644
945 1461
290 234
1807 1784
1042 637
574 925
1327 768
767 397
1962 881
1538 1146
601 1456
75 386
1378 1665
1373 1295
1031 108
356 326
1986 131
902 406
715 1565
12 825
1333 1411
671 115
825 821
1596 1841
444 1559
1627 754
100 168
633 597
1385 102
1843 723
1288 271
1635 1466
1917 1422
785 760
469 1410
916 438
1992 31
1465 440
661 1695
1924 679
1129 670
6 437
1022 246
636 1333
1603 1749
929 1942
507 44
530 1707
1594 708
624 1665
573 671
1103 1534
1413 783
1847 1240
1731 351
1345 175
941 178
319 541
174 756
1200 1287
549 116
1826 1992
704 1561
1416 197
1369 1318
1603 1092
782 948
1225 507
869 930
1305 1030
198 324
1627 1230
1652 916
1623 381
299 25
185 347
1472 1486
1037 1786
1211 1163
1271 1464
822 1144
1915 1586
759 690
1828 1660
1326 974
985 1838
1501 1734
1994 1408
721 1578
804 1984
1980 240
699 1138
1294 16
791 110
663 1365
1976 391
346 1361
111 1326
1061 1738
212 191
1352 1838
742 1712
1778 1931
1345 1435
623 1815
216 1006
755 1180
179 372
322 359
1012 243
300 830
229 1870
840 840
584 269
1299 1006
968 479
1095 313
587 660
1255 3
1502 145
1080 775
59 1794
849 141
1926 554
1319 1825
1005 770
312 1474
1746 843
1386 1527
886 1039
1919 1684
1394 562
291 1692
319 1007
1676 615
853 853
1365 1237
1383 1095
749 236
1381 853
1016 378
50 685
1915 1863
1650 688
1484 713
1973 1213
1751 1721
1150 814
1201 269
715 1881
1894 1722
1780 1850
285 1006
1678 1256
354 157
1350 1934
362 1698
1464 376
263 1310
930 1497
1073 712
79 53
1357 276
467 941
1714 1102
502 1605
1684 1814
463 1814
985 1131
1664 470
154 278
628 580
835 322
1365 1551
451 1743
80 1692
1614 1299
28 1440
786 173
1781 821
1680 540
773 826
710 1342
1890 899
1081 588
551 1619
15 355
151 1629
1579 731
1236 467
1341 422
1869 797
386 1283
408 1607
1376 1879
1594 1026
451 937
96 213
1401 1331
841 865
1023 111
1350 1492
1217 530
1755 159
851 283
1982 17
771 1097
1029 269
760 430
1482 1548
407 1290
480 1484
408 1470
861 1756
1601 1164
314 1335
1948 530
509 1248
230 654
509 22
107 1144
1394 1428
1278 804
1794 429
1423 1074
384 1285
309 865
1940 586
237 727
1935 1257
1111 1173
655 811
835 1669
808 1984
1110 806
85 674
1344 1793
1916 1172
823 853
1931 854
1587 1788
1091 817
1254 1612
120 706
1283 103
1678 345
617 1478
1540 508
286 41
659 751
1449 1511
777 894
348 1397
1912 1121
1403 1026
719 538
1168 1696
1399 181
750 635
972 612
492 181
689 512
1173 1066
1559 543
1000 733
1036 1134
1205 551
1187 1869
380 1058
517 1957
527 1946
678 1490
1343 1121
122 718
1466 625
736 11
1808 1991
107 384
1845 505
385 415
110 1326
18 1878
1933 671
303 1207
1602 878
555 1183
1474 1491
17 1013
128 280
743 652
1694 1477
1332 47
1604 1464
1527 1184
704 1817
1567 901
691 1695
1294 56
1508 1306
9 1945
344 939
882 1292
351 857
606 888
136 1649
1200 601
1655 1237
1201 1250
1456 1722
1031 1505
686 1473
381 722
1765 657
1257 1080
1162 1234
1410 1961
1025 1268
1251 170
1793 1619
49 1009
1220 31
1798 75
1330 125
84 1767
308 319
578 1764
1859 192
313 24
1207 1386
1992 35
1230 948
1934 1366
1391 572
1787 850
1766 1958
684 1623
1222 505
912 1136
1637 450
1150 441
1248 1937
279 424
147 727
1361 886
1953 1055
972 906
489 1575
1282 1065
650 405
1761 1680
1547 1778
1154 1472
277 691
689 1461
1090 708
1154 145
721 949
292 1469
855 378
920 197
272 1363
1618 891
1758 195
1453 479
1241 30
104 584
1133 770
1104 99
782 1204
1658 1610
1635 1360
668 1719
1756 1423
204 1820
1491 55
1480 1811
665 1074
1459 257
1681 1201
1408 973
835 684
1053 1249
730 14
806 1692
1819 33
1047 1280
800 1123
558 1778
358 1832
1649 1077
669 319
149 591
706 894
590 1723
1266 431
245 1923
208 444
299 1686
63 1664
2000 1945
1288 453
1057 321
428 35
1434 1643
1846 1510
1969 685
260 619
1769 1767
777 1892
125 1106
406 102
1330 103
1923 1567
718 444
1741 648
721 1474
1736 1285
1780 1528
975 824
1868 806
44 1173
1506 1262
757 615
485 1610
806 1237
1195 912
1307 1980
171 145
1638 38
114 1522
376 170
1342 353
513 691
1088 932
1004 205
737 374
180 1208
1344 643
1704 736
1317 200
1613 1255
1513 1339
632 1980
275 35
1933 178
1121 1287
713 1718
653 821
443 510
722 1769
266 1590
966 2
85 1375
1261 1367
917 586
543 1594
1261 625
403 802
208 941
1411 1996
1170 930
12 784
574 1750
688 778
1776 388
597 574
347 309
247 457
1405 1002
1225 924
4 1616
1218 678
711 1753
1154 1035
1429 1963
493 1482
105 410
1131 1900
862 1279
222 1387
1645 1246
683 933
44 1160
27 226
1971 306
1015 614
794 1801
205 1761
1467 465
265 747
756 1349
1344 554
1465 1817
1021 1503
874 793
1824 11
763 1722
772 1729
528 1602
833 500
1622 705
1936 1046
1210 570
1885 1198
1554 885
787 865
1875 335
1188 134
1065 1850
444 1640
1743 1630
240 1000
1312 1486
200 1651
840 1506
188 1010
109 768
1337 1626
408 773
432 907
481 112
216 353
1975 1153
1618 444
1472 868
1280 1246
377 796
899 1269
1924 1553
1833 1523
1832 305
1555 198
1679 1615
1598 55
1035 537
908 1032
550 862
1812 547
339 1202
1984 92
1795 860
1758 887
1101 238
1745 1806
1263 883
135 1495
120 1785
919 364
861 1767
625 760
1977 1108
759 1583
1590 108
186 1911
1593 1243
182 1205
972 898
1451 1028
1405 1183
539 111
1114 177
360 821
819 249
1483 1654
46 1455
1910 1958
1089 403
1158 1336
650 610
1820 191
559 924
1774 1255
1564 370
252 598
1074 1166
148 1168
340 747
1571 1369
522 46
890 1801
1075 413
843 871
978 576
58 239
705 623
838 579
1189 1768
1300 1890
1090 1921
1038 1309
1332 1781
442 1240
1885 1397
142 1256
428 1897
1800 1831
268 1975
1330 1875
1755 238
887 1361
1084 650
609 101
463 1251
265 209
812 703
896 293
971 1401
1246 490
1538 1798
1404 806
63 457
189 886
918 1781
1696 358
1021 184
241 1821
1966 355
1127 1669
1298 1411
1677 1016
1748 1815
432 1614
683 1825
1342 621
1255 672
23 1257
1157 1752
1706 1452
457 559
122 83
1489 1122
1672 850
1432 631
898 956
1333 54
1302 888
913 49
1344 420
1124 1396
1828 243
531 581
885 878
1690 513
1698 121
74 1232
1067 933
1833 1174
1528 1464
1150 515
1018 308
1870 1726
1328 417
1522 1458
1503 1248
952 1517
597 1398
1345 548
1575 633
1749 1440
1254 413
1183 539
1238 758
659 1507
806 1904
358 372
11 948
41 36
500 1424
155 461
1060 923
832 942
639 780
86 616
117 992
16 1121
859 1707
443 1442
1241 1666
789 535
1752 1100
350 493
197 22
972 1527
1169 871
436 1396
210 1979
1392 1772
881 1438
389 2
1408 1213
61 1978
1496 572
491 1472
701 1625
1597 1880
860 525
1919 287
1626 1882
387 1230
1379 956
513 1677
863 1139
671 1604
1049 669
412 1510
1273 1645
485 500
1653 462
1296 353
248 999
1253 1212
629 1750
1243 1511
1238 1588
393 1455
1259 1288
1469 1876
1252 306
217 1654
573 1053
1395 653
1663 1432
1684 660
988 1139
475 694
232 1238
1697 1904
104 1089
738 1207
1496 783
48 541
1193 1589
1550 549
1398 96
194 577
475 345
620 1206
815 434
553 677
304 946
146 814
607 1547
1709 332
1773 490
1718 1816
361 1873
436 107
716 962
1794 1601
663 1321
1231 858
1159 1109
97 1918
1157 348
156 1428
770 1967
905 1209
950 1201
759 59
77 730
1135 1970
721 1968
1139 1867
436 913
1494 1796
1181 1103
1945 873
1580 17
900 1232
1037 455
1270 98
428 1741
1158 1397
1230 844
1790 477
1727 716
33 1283
1766 1790
630 621
888 1548
188 1729
1665 354
1316 955
1650 3
363 541
902 335
1017 1396
1994 100
1455 376
590 1471
1082 800
687 1884
66 619
1933 401
249 853
1662 347
1751 770
1288 706
1054 1192
1169 1654
1438 1056
274 861
961 1243
216 1824
468 1670
1539 1320
856 1042
1701 1069
996 296
515 883
1418 403
1280 778
163 1452
1445 1503
369 830
1056 1152
1842 1950
413 1808
245 890
1182 1529
1495 1798
446 472
786 1105
629 1301
1972 1904
485 678
934 416
798 641
156 1371
1877 217
1898 1186
1074 755
259 66
1981 1734
1847 1674
1146 1746
967 35
45 1025
524 1423
1409 1473
1332 980
1919 232
1805 293
832 1103
1008 773
201 486
1054 364
1128 683
320 859
1650 363
524 1629
620 1315
1924 1163
1055 1623
1701 584
1434 1553
1413 1911
587 194
1032 719
1556 1696
841 136
1456 255
1989 1197
1533 1294
1603 216
491 151
358 318
1580 1951
1582 1270
1769 1617
102 911
1727 1724
1725 1148
1051 250
1544 142
242 888
1501 525
1924 67
1545 1515
1909 1879
504 1625
1416 1465
784 1564
132 768
1359 851
1283 1393
103 869
1778 1044
1547 281
1663 1273
453 403
0 1219
291 524
747 1193
356 1574
1996 486
1261 1816
1077 1945
1953 1235
128 1875
1809 1913
685 1786
1524 916
907 1464
1620 553
674 889
1588 64
1971 1894
200 718
1535 1094
1251 1899
339 942
529 1202
1541 1965
20 423
572 1154
1289 1795
494 502
443 687
1635 1394
1405 36
1935 7
1249 1545
1556 231
538 859
14 901
1722 246
1015 1170
1940 268
807 1749
1045 1185
1409 1904
399 719
59 241
889 1244
1135 458
1591 1078
375 879
1213 286
835 569
478 1696
746 1441
1350 421
1202 344
1026 196
421 931
1876 10
1974 251
804 264
2 1554
1201 727
465 702
1073 98
1445 1527
706 160
1064 607
1998 158
1748 308
549 468
84 179
972 501
1003 914
1210 66
810 1874
1363 741
194 777
3 1981
1247 1491
1993 875
1351 447
722 1112
54 602
207 1584
1996 829
1651 1338
1841 99
1616 1927
1119 1752
1930 1811
1128 67
1322 1572
76 863
798 414
292 192
42 650
433 597
1626 256
623 56
1911 1873
1353 1274
231 1773
1888 753
1563 990
814 993
1344 846
731 1343
1168 1264
1194 1418
1147 1146
1862 862
293 1087
469 522
1919 1050
1096 1350
979 633
254 287
1830 1631
1522 151
1341 1259
815 1221
1218 843
1292 441
1242 349
1000 441
1320 1741
738 599
178 1250
122 704
224 412
1325 934
858 1800
1764 1045
841 1230
1917 1088
1113 1817
664 513
1745 407
708 1732
1975 490
68 321
964 242
1967 396
590 1448
1133 1440
1190 1369
503 1097
893 1195
850 1874
424 1376
1457 1228
1101 530
1561 1085
1748 1253
1378 1064
1833 1869
961 545
992 706
1537 382
1845 1719
1173 659
1770 1551
748 1934
829 1153
1965 1763
1004 1843
1732 102
647 249
314 1031
786 1907
1954 1981
326 634
743 263
489 912
1477 1167
641 1640
1487 1931
1900 1809
1673 1798
257 685
557 1128
1449 1804
219 1176
1537 332
1487 1473
227 552
1755 749
721 188
578 728
367 295
697 488
1082 1426
974 151
462 296
1368 1446
1542 1785
1344 607
142 1715
1940 1491
1779 1156
1570 1051
1906 1077
1084 1506
1790 735
1591 1221
1666 1164
851 1302
1212 1696
1795 1143
234 298
924 24
919 339
867 602
1982 1327
1109 706
1550 341
1803 628
674 317
956 889
175 1852
1506 1233
819 589
153 1728
1432 875
895 535
1525 927
1774 1754
1662 35
190 1852
1412 993
1670 1624
1361 1234
1833 1564
367 1793
1998 1650
678 1767
1746 884
1250 548
400 1389
1125 845
719 1786
1325 435
1623 1002
1893 1301
988 553
446 1014
1687 205
89 329
995 951
1301 1564
1270 1802
63 1990
1354 1926
763 1702
629 246
450 1706
830 1342
1627 1010
1889 944
196 193
639 1212
1835 107
1451 1396
271 1520
69 35
1063 310
1068 1789
483 1373
1438 614
378 1415
116 1620
1909 1559
1617 896
112 1209
650 998
574 1383
1495 967
778 728
15 260
1429 1637
1885 1247
936 178
655 184
1647 398
982 1631
1508 73
1959 37
1009 1078
738 1767
1570 1826
850 1133
1504 838
1490 1130
1711 1341
1942 1417
1461 889
1767 589
1533 573
1757 799
320 477
970 340
791 1122
1377 375
1274 1788
1483 967
664 54
1030 620
1700 895
635 261
282 1843
143 1592
907 1692
1783 1434
1160 1133
1146 194
101 76
1746 275
240 20
30 81
1693 584
1977 1589
45 893
1324 1163
909 755
1217 1953
1544 712
1100 1646
1308 1144
45 1985
1488 457
459 1050
948 1765
458 1740
498 1759
871 834
1116 1001
756 1359
88 1284
274 1025
471 317
334 922
42 1690
309 1433
1049 712
1437 52
1488 700
1471 1272
388 126
972 1102
307 84
1938 483
331 170
1175 945
209 1888
633 547
1700 300
1970 732
700 1090
478 1603
1378 1765
658 1306
1717 1327
997 1476
901 122
95 140
533 1845
90 1905
1388 806
1304 322
1905 907
1973 1722
571 1389
1352 301
371 652
1470 1353
1772 1694
457 1198
737 293
791 1603
474 1840
1829 1069
1865 1156
1623 613
1636 252
101 1060
90 1631
1656 566
1730 991
999 707
1916 501
1408 1425
667 829
715 148
721 1955
68 418
998 801
607 1243
726 1924
1247 238
738 507
1600 1139
871 728
295 1341
1364 114
90 166
1874 1163
120 1973
1392 186
1256 1899
621 454
772 1036
1049 322
1004 815
940 1999
1733 1577
255 1031
522 219
446 173
328 891
61 1839
1659 433
367 688
1884 294
953 1665
709 90
1384 1841
1695 1459
831 325
311 1264
1539 1713
1144 508
1768 1228
109 1102
1503 899
820 899
1070 452
1120 328
965 573
1432 511
153 497
1495 1563
1499 424
48 1119
1577 262
195 1086
410 1421
1090 470
766 279
1617 449
994 1263
1605 1761
1565 1560
974 1698
1689 796
1509 1046
614 252
497 1096
521 96
56 407
1093 1468
968 1476
1713 795
1959 225
1113 1542
1787 1958
1159 315
1291 1921
690 868
1255 45
1199 1609
87 260
414 1941
1490 1369
1846 1277
418 1804
53 59
1185 1411
1657 892
376 1776
356 1025
1057 764
1045 122
1739 1791
1626 826
403 275
1956 884
1796 741
1141 463
1231 883
1464 53
1872 975
794 1702
1709 1391
1215 779
832 1536
1317 1943
1316 466
779 1393
1180 306
952 1180
237 400
1824 1498
1580 939
328 1216
535 1224
891 627
319 344
403 27
1111 1451
1085 552
1245 1996
637 83
939 12
1913 334
668 1508
1333 1797
1498 1437
1875 522
1441 1746
1520 288
393 1221
1921 1010
622 1058
835 1708
1393 1987
17 1573
594 1942
1009 215
719 1916
790 583
182 1815
68 1718
1243 1779
1141 1068
238 1585
42 1861
930 465
119 1153
250 502
1295 1510
217 1104
501 145
769 1206
531 242
140 59
618 971
590 798
1016 956
1806 852
1009 1714
1101 97
1848 919
1363 346
1820 1512
710 1031
774 577
342 1118
27 153
224 360
1866 55
1187 235
281 693
1299 480
1449 1002
1032 652
1458 1419
271 11
981 1190
1080 920
67 617
105 1939
423 805
457 1554
439 1131
596 925
937 221
462 882
1060 1156
32 1433
912 1549
420 743
1456 1015
740 334
386 1392
267 1995
543 415
654 1221
1288 1450
596 246
713 32
509 1257
243 1605
1334 32
1908 369
246 249
1138 328
1798 695
390 1801
805 599
1799 1228
1525 1234
1073 528
879 214
1855 468
171 459
1799 1375
868 188
1865 679
812 231
1787 936
1545 1560
437 1485
1362 724
1470 56
159 877
81 169
1962 1164
1959 400
312 1611
154 318
597 1185
1408 699
1315 1985
314 470
1827 69
681 91
80 754
754 668
1199 1015
353 595
1294 309
1812 347
1986 935
235 53
990 361
1737 1452
807 771
1242 522
1830 1577
1335 1113
696 9
1608 1782
494 1743
101 1989
1626 362
1242 1377
1883 553
1427 754
597 1150
377 778
982 270
1063 962
528 747
1784 364
1567 907
277 928
1893 1730
501 475
747 1234
1906 478
1433 67
1175 557
1343 1028
1386 582
427 1282
774 966
1129 1887
1947 1427
1573 1869
294 1828
1380 699
1892 1054
1644 1320
873 803
1225 733
694 241
723 918
817 101
1590 1492
526 44
389 1368
1220 1087
1739 987
898 264
263 1488
1975 960
346 1573
1190 1076
911 796
487 316
1889 1469
1098 1798
229 1325
1725 1801
2 714
549 1281
545 1678
1628 910
1981 848
1063 438
89 1468
38 1073
1372 846
219 1399
1973 362
731 1393
38 1725
462 915
1494 208
1554 307
1286 1100
1603 457
1393 269
1781 568
1582 1032
1186 639
1476 1668
1120 1864
1560 556
1858 269
1512 489
1562 512
1154 1505
1921 1248
1916 1847
412 760
1928 275
340 1145
1166 1759
1559 888
1146 1005
922 1361
1380 215
1322 792
765 1424
321 1233
1683 774
875 883
1694 253
1730 971
1585 96
196 130
487 1565
1335 942
1996 1390
1783 1998
1108 1415
656 940
1531 764
704 1569
771 1893
970 254
424 858
1064 1705
824 1976
1205 939
178 1764
1432 308
1782 1049
388 130
1862 1170
1504 899
732 1228
145 453
614 1227
1192 377
1180 296
1747 103
936 974
1845 1469
819 426
1844 797
869 1912
567 182
1766 448
113 351
1268 1551
1635 1382
1188 1228
1693 1775
1160 1610
1456 1716
1757 1223
1494 657
1191 537
1785 1028
1059 1106
963 1359
1525 1563
571 67
959 1129
655 802
1300 1265
1540 1195
654 866
1809 572
949 1147
439 1550
58 576
1849 1608
274 704
1277 208
921 149
824 1769
309 720
525 1319
878 1543
1416 1032
145 1498
1901 703
41 1713
1467 1695
1414 215
772 626
678 695
378 1525
321 1875
645 753
1347 1585
1409 170
1070 1866
1120 1125
1178 1435
1377 1130
1334 1769
98 213
532 1403
1372 1199
496 23
1474 1720
18 378
1164 1866
1361 1449
13 1261
1599 1404
1180 1307
1579 1429
1131 810
1190 1443
911 1832
957 1164
1669 971
672 1040
192 1325
1706 188
71 383
304 1778
368 304
1754 242
1685 932
96 731
474 1293
676 467
1363 1102
622 404
625 56
107 1453
961 1793
1183 47
1310 1575
647 863
512 646
1849 782
856 880
1154 1861
1674 353
587 740
1724 808
1496 456
1217 1860
449 916
893 1268
1040 976
571 715
1214 935
112 1340
126 374
1740 269
238 391
96 582
549 1355
1515 1477
810 1121
1690 1853
528 353
161 596
692 253
744 1105
1983 383
658 1625
1649 1172
1913 885
273 392
1212 1397
1069 1955
732 213
98 1214
548 705
1962 499
87 778
1034 1690
25 1578
1857 1093
1059 1524
1223 1830
1628 320
544 1254
1852 1934
1330 1822
814 1499
392 1584
814 721
974 1872
91 1124
667 1060
1362 1950
97 1777
105 1177
1426 804
258 1270
1780 1388
371 1579
174 205
216 1406
570 347
225 296
471 1683
761 5
715 527
1909 484
1778 104
1644 1951
401 831
1 1240
451 1338
1616 1371
1331 56
214 820
1043 226
364 1709
403 1592
1829 611
1702 1581
1990 1244
1162 1605
1904 1696
1614 849
99 1493
1758 1378
1989 1269
691 1340
1927 962
1774 1529
1889 665
1803 1996
839 122
780 1258
1590 313
598 1457
1298 440
1105 543
185 594
800 1997
950 1456
1661 1730
988 541
957 302
1711 347
1056 1844
1382 252
553 1564
1917 379
159 1755
1315 1908
1029 604
796 902
1526 1018
379 690
1709 967
8 1806
1804 526
63 1351
386 181
1176 556
1875 690
1404 1949
79 509
1348 1441
1234 1855
629 377
836 899
379 413
1138 305
1250 154
254 286
370 501
447 67
293 817
107 1386
458 632
66 1604
18 982
1684 843
1440 1596
725 1166
682 448
1278 340
1768 343
485 1586
1893 373
106 1292
1356 905
1028 77
819 844
352 1420
1972 1742
1208 1874
570 839
1587 1264
1916 1770
1128 1162
466 1882
105 1763
866 1739
941 183
616 1709
28 1702
561 657
1247 886
1864 299
1370 1859
328 1490
1678 472
790 312
283 353
1021 696
345 154
1477 879
1685 1469
1497 458
1906 1683
1566 1263
810 277
537 1279
907 556
999 752
619 132
1431 497
1583 1876
1324 1554
653 42
1544 36
861 598
1815 1139
1435 186
1142 674
1133 1615
210 574
782 1411
967 1434
676 1928
1727 1605
1222 996
450 1889
725 1097
1555 460
629 1132
703 1223
1128 1932
709 1393
436 150
1768 1488
864 44
910 1577
36 908
1381 1648
886 1981
227 72
1669 1769
473 496
691 1356
1564 510
267 939
604 1964
441 1482
613 134
445 974
573 743
1387 1598
1474 1187
1539 1961
879 843
235 1674
1486 1661
700 469
494 402
190 1305
1194 794
1476 1922
1891 174
1706 1019
784 1625
1291 1039
500 1497
1612 1637
342 1712
2 417
1645 408
1173 1795
178 1338
953 1648
117 1741
130 1917
1226 1871
668 800
1527 1762
1112 397
1793 1763
1065 1539
1341 377
1162 974
1024 1811
1608 1657
157 1893
501 368
1478 77
262 1521
1640 980
1134 1064
1994 301
434 1485
1245 1259
1521 1432
1820 153
1126 820
1730 1759
784 1941
579 1471
46 1745
150 727
26 475
695 1985
702 497
345 1967
1721 669
621 825
1396 118
822 910
567 1802
782 1423
355 115
429 536
1496 1810
537 719
1603 1829
509 446
1415 1115
761 1687
1439 1214
1478 63
241 1552
1542 93
1368 893
1517 1866
232 7
1802 464
765 1626
233 1785
103 1539
759 1609
679 1815
1362 1494
1267 976
1809 488
602 674
1399 157
1938 1139
594 1437
1952 227
1417 201
955 895
863 1556
1760 1305
1616 1629
1490 296
396 1140
489 1316
692 1113
1708 674
833 997
231 1594
175 151
9 35
283 1659
1074 1050
1267 791
426 1780
297 441
251 1215
524 382
1800 5
1865 555
248 469
1544 226
341 575
920 754
1603 1014
1835 361
1483 380
1957 1804
1289 982
1146 760
985 1328
1995 334
328 577
698 16
178 62
1823 237
279 1725
881 1371
1033 612
1330 1242
341 927
1668 1532
874 1606
1478 1933
1544 1266
201 1323
1087 766
1422 1024
351 1405
1944 233
327 909
1008 108
818 597
1187 1357
1485 310
423 163
1764 133
493 769
978 209
131 1818
347 1186
1504 328
1531 123
1928 1195
1024 1112
454 1557
1907 1080
1150 646
527 1538
1700 293
1831 774
1021 1927
742 457
307 1420
426 822
616 690
1134 642
638 474
310 1088
29 470
605 1378
1941 855
14 1803
802 897
654 985
619 796
1164 143
1310 1304
1455 251
752 787
617 694
1970 851
1508 627
290 647
220 769
850 1649
1170 1272
849 218
1245 1560
398 308
1928 134
538 1790
9 1094
788 461
187 1915
1885 1581
306 1746
1598 1312
844 1766
277 1109
695 1081
1860 1204
1582 336
253 1782
1062 1042
197 1112
964 37
15 122
122 309
1713 1382
1475 673
1941 1220
1671 1112
1529 1737
1678 552
1509 546
1451 25
319 339
1723 1189
796 942
119 119
1128 936
790 20
328 1028
61 329
991 1193
1855 1033
1804 1508
1166 1756
491 948
1148 985
101 1384
1715 550
1084 1367
1594 1304
221 1010
237 1396
1852 720
519 550
1991 1556
1630 317
205 1857
1635 1280
108 134
465 1673
1091 1315
1930 1251
1672 1995
1335 1356
1108 1134
1965 518
1997 1594
96 1585
1220 1560
758 44
451 241
1573 519
1694 1482
1392 1117
1094 1270
409 1134
1603 679
1615 1348
299 895
936 686
1094 893
1767 138
1895 828
471 1031
250 812
1394 1786
488 105
885 1173
538 336
1620 333
1197 378
1984 713
423 1003
374 1910
1429 1983
624 1661
1999 1533
698 1001
402 1899
1008 1533
1928 866
99 49
1576 512
702 849
1272 1398
436 1914
1195 909
1105 1798
331 1537
30 900
1189 1272
1073 1530
556 1343
1286 454
1930 1830
494 1208
1818 423
1732 1081
1268 1525
1868 701
1822 1646
1519 1553
345 959
1803 1398
1955 1068
531 232
621 476
192 1531
150 1341
105 1489
1785 1614
1402 1633
1116 210
137 1635
727 1938
27 410
674 296
1674 878
653 648
1982 1217
1658 1958
658 1259
916 1397
1999 1459
573 1091
472 575
1678 1266
608 1825
987 503
105 1589
1339 1472
863 445
690 731
54 722
716 1890
887 1371
133 902
671 213
426 1656
877 1091
1058 1996
178 134
1930 529
421 63
1621 1524
1305 965
1533 77
1990 270
467 1976
1395 757
1890 1029
1916 1907
917 1157
1979 1119
1733 311
55 237
827 822
566 1551
741 1617
1479 1285
1742 61
1016 1453
1042 554
204 241
389 58
1271 1255
1994 1226
131 307
791 1192
1332 1185
1082 186
660 592
699 627
198 608
1677 699
1149 1193
1486 1399
1786 1619
42 961
928 767
878 363
759 1558
1555 526
1128 698
855 794
635 1713
1499 1280
694 1670
1474 963
1553 1430
882 1087
1319 217
1291 1242
137 1975
1840 1229
622 1178
1897 1143
940 1289
1576 1116
1720 487
1014 160
1387 1069
740 1687
1445 524
1079 1966
1195 1141
17 1866
1147 1455
289 25
353 611
498 93
520 1491
1657 140
1438 764
136 537
645 1077
1327 251
782 442
1586 1165
1453 953
1106 240
1789 1033
30 1416
1048 1570
648 302
124 1283
742 229
224 307
403 856
237 1891
1738 1969
1320 149
156 934
1915 1984
910 1218
1101 1322
1587 1689
638 132
1017 233
173 1948
1154 1233
1535 729
213 512
1944 1336
1870 962
1736 1096
134 1427
171 1631
829 1529
912 117
96 548
298 1366
895 361
586 707
284 583
1240 362
1152 1485
1139 702
1145 436
1 1574
1772 268
152 18
1372 682
1219 107
1089 1233
463 1372
1716 457
1201 790
442 140
1477 1773
227 602
102 45
1809 591
765 748
1848 128
546 1054
1069 757
184 1207
1013 794
1626 1199
272 939
1487 1745
1892 457
136 1153
1455 1222
801 911
1812 467
1337 405
1793 167
1570 1854
119 619
888 1837
1633 543
150 592
537 948
1364 307
1825 967
747 1398
1853 1505
252 1808
1105 85
1644 1563
1884 176
62 1973
1906 1669
1704 1191
1215 95
1819 629
1723 645
1117 1387
1216 1193
1679 1193
1331 1514
36 640
1321 349
984 1920
397 1671
614 1279
1257 1106
1424 837
267 1583
776 311
1851 279
1204 1346
21 1234
1573 1702
442 640
1788 831
522 931
1270 1574
1202 1075
1069 185
1671 1816
309 780
1776 488
927 928
1241 1875
1603 1125
1059 805
361 1688
500 1904
1137 1527
20 1175
1339 1156
570 924
1172 883
403 854
1035 458
672 1730
599 654
675 970
1678 1893
857 1872
1872 559
38 1086
784 1871
1174 1908
1373 210
1809 1049
176 1836
681 1782
928 1188
1203 1459
1785 20
101 658
441 1267
176 245
1789 491
289 1351
729 922
1516 1095
980 961
558 1279
1796 1561
1949 1972
1568 276
988 859
10 1186
137 1865
956 1543
713 528
211 1917
1291 1879
1676 1554
592 758
641 1404
64 652
1510 187
1564 849
1677 722
1460 594
1475 431
1115 883
1607 847
214 603
794 532
1363 1049
1250 1630
1053 46
607 1821
1226 507
1149 1533
1218 687
944 145
112 942
722 747
946 300
950 1780
1630 1449
791 1563
1988 1408
390 1771
155 1134
702 51
619 327
979 63
473 1831
968 368
199 61
1019 1052
198 1474
871 1991
1690 1830
615 1957
1141 477
1779 629
479 168
616 876
1390 1772
338 1364
30 973
594 1306
27 266
746 1251
1376 774
1373 318
1192 1849
753 829
1890 126
441 423
1135 1289
1502 153
672 1321
76 747
1555 868
289 937
1959 1390
1960 1046
1631 1089
1279 428
925 1829
795 345
1144 1261
1887 1814
1668 1702
1810 510
372 140
1484 1619
558 62
1957 298
1414 1426
637 1572
1288 1603
1658 1177
154 1435
1536 256
653 103
1993 1046
1425 48
515 1440
1951 645
459 105
625 1731
1220 693
366 1883
1406 1955
781 1544
326 695
101 736
1667 1723
1724 1217
1579 1107
455 690
1780 253
1986 1645
1297 961
628 1947
1166 1001
1653 1722
328 1215
406 461
1575 225
1846 1643
1867 976
519 1605
1811 1321
907 1354
39 1246
1894 671
116 625
1015 425
999 408
1380 887
48 393
1081 919
870 187
269 650
91 1871
1776 516
192 1351
496 611
1874 508
1813 343
397 1639
1104 1291
252 1541
1196 1426
1779 826
1916 884
1422 1728
1262 1415
612 1582
1556 942
407 1093
1763 275
994 376
340 1296
438 1658
1056 523
4 1687
40 1204
880 277
1811 1305
107 1330
573 1153
914 1277
750 1861
1927 38
1013 637
1687 1186
555 739
5 1987
1402 1667
646 1761
731 1650
206 215
415 1849
1759 654
47 1627
184 1076
783 1001
566 529
399 1652
344 1660
450 1359
1265 1266
1800 633
397 576
1413 1309
99 1633
835 879
1687 771
393 479
1853 1460
1109 1963
147 1084
1369 1875
1736 1243
1725 1886
1989 1459
679 1442
914 813
602 666
1940 693
960 1363
410 1028
1525 861
617 795
1627 188
85 910
832 527
1595 39
1961 1363
1578 1815
1777 1273
700 1613
165 177
1377 1709
123 834
210 554
537 578
672 1835
1256 310
1759 1719
1539 921
1192 305
116 1177
1816 34
739 1248
789 1500
592 699
546 1421
1580 1624
298 1391
611 396
52 62
1845 415
1315 1289
846 299
186 311
1297 1819
455 1536
870 563
1288 652
1558 598
903 1030
1842 134
1625 958
675 129
712 445
727 1458
1731 1506
1509 23
500 497
1032 1892
1693 1199
636 1485
1507 1060
1468 1351
545 957
327 1815
932 343
53 1118
1760 644
1717 923
17 818
460 1715
434 734
271 20
492 704
1193 1867
1875 1642
1580 1981
1720 642
1204 1262
658 1615
754 700
1697 784
368 1602
1948 1037
1036 1306
1079 59
1727 1573
430 327
316 192
114 1076
1562 88
1276 1865
1665 828
1152 1744
1859 1562
1864 616
1954 853
1190 54
1144 661
1727 1818
173 643
431 497
1913 862
1036 1971
1630 314
1650 1479
420 1729
1458 1675
1608 1674
1434 806
1973 1486
1637 1745
1231 1128
1304 860
1082 113
31 1786
1715 75
76 715
489 1443
181 865
569 1223
1053 123
1503 1412
1193 8
1648 1103
1904 738
1214 512
1759 1297
1945 1635
1676 1408
129 171
1651 520
75 101
1858 740
695 678
984 1976
1174 1127
944 1094
210 1706
806 1372
1634 305
1090 523
1720 651
1186 1857
1080 1508
1261 1495
1172 444
401 740
150 1800
22 1737
380 429
224 108
871 1806
190 1859
293 238
761 993
1915 200
160 1961
1405 1445
1646 1904
1588 1134
897 244
708 1652
1474 1817
1708 181
68 1487
1505 1616
1324 1046
1280 1420
1341 1181
1615 70
980 576
537 1764
1124 1415
106 419
629 1220
316 1913
1821 1317
17 70
1456 1085
523 1923
656 1978
990 543
1184 895
1923 1803
1105 1190
1951 1058
1748 1794
854 449
1455 1245
1487 1042
1070 274
810 413
365 299
971 1595
1766 21
192 553
988 1407
919 190
38 1419
265 1817
793 172
1048 1195
643 1933
1559 1349
1407 859
402 1604
895 454
989 740
1724 537
1216 768
1117 1070
1446 1334
546 677
1717 1251
1422 1179
913 971
228 693
1865 1524
956 1802
342 28
629 1431
836 786
483 1792
154 1453
1151 1415
871 1507
1052 767
1744 776
540 1100
1488 1733
962 1832
5 1637
1841 1639
1186 782
1797 622
1798 630
1194 856
928 1262
587 97
1347 1607
1178 1260
1186 1716
1756 404
1609 646
843 1300
371 17
1932 1034
899 1239
564 759
1141 600
1311 1591
1442 1441
478 1192
104 540
1079 1372
816 1240
906 1765
824 1405
1977 1201
1100 320
706 1617
687 855
920 1844
1454 913
1904 340
1540 1469
1722 1454
500 1646
505 1523
1228 579
465 886
1552 612
1254 476
316 1017
97 1678
1350 332
1838 511
796 398
628 1313
1059 44
1431 112
1727 29
320 1110
144 1456
1529 1137
1733 734
1209 559
390 1459
682 1379
1908 5
365 1906
412 1345
1742 291
1146 1078
801 480
1744 1724
981 1407
359 1282
1797 449
1408 1514
154 663
1323 522
619 1778
1951 726
1096 1773
187 1688
1157 1045
50 1907
418 1931
192 86
516 1590
1351 1806
717 296
1771 1099
515 1190
735 749
888 763
1272 96
1052 1188
1361 1807
757 1171
490 415
49 45
1717 20
1385 1131
1510 1988
1610 1465
1351 1021
1129 1524
567 430
342 1503
635 1871
1004 1881
76 1895
193 1762
408 13
539 1206
7 790
1364 934
1902 454
0 1140
1639 736
1620 1669
1475 1763
402 1735
1834 1258
1271 1788
693 1246
1244 759
1 321
1176 1030
145 120
192 1321
1188 731
1349 1352
1597 1206
18 1104
545 495
1710 1153
573 717
1243 910
1419 21
364 172
1243 418
467 1450
333 127
804 905
157 426
1585 1971
1922 1316
64 50
1804 1437
1585 1348
1573 896
1713 177
1880 1784
445 1339
617 1000
923 1179
1263 424
1176 889
1970 1212
1245 1790
129 1127
1826 1605
643 1055
1868 1168
315 1503
641 1687
698 1491
832 79
1527 1352
461 1426
85 1894
863 684
1781 1711
1007 623
297 1765
395 958
122 1285
81 1518
801 1034
361 890
1476 897
1981 509
185 947
1569 20
854 1262
924 1235
559 1862
1622 634
35 51
908 1705
4 645
1885 1816
535 326
608 1100
1650 683
62 547
453 1590
1144 1721
910 1751
958 824
1940 1044
751 793
505 1369
1116 1128
625 27
1198 1991
1229 1883
873 573
1362 545
1090 453
1961 602
1377 486
1387 1659
1167 983
768 542
349 1802
1293 281
612 1024
1415 1099
76 1428
1149 1238
642 1664
101 1117
1841 680
1595 669
1112 1709
17 1528
1927 368
1219 922
389 1329
719 391
642 445
1721 1859
170 1977
647 1342
354 1195
442 1343
1769 284
26 517
1196 1989
1110 740
700 425
1071 2000
1450 1700
623 1721
548 170
338 1834
1126 755
483 647
64 1484
1889 802
1070 1737
1446 670
1665 1481
443 1477
11 874
1184 802
1333 945
1158 583
1264 844
1100 773
1837 722
1502 1815
1880 805
1325 1474
426 528
578 152
382 829
1120 1714
369 1456
780 660
1776 1143
1543 99
1243 676
2 128
366 1642
195 800
318 1449
1654 230
1614 866
283 1687
1018 1808
1353 1948
1855 984
487 170
12 832
887 1868
1640 140
1187 153
1381 622
1494 1140
393 1687
455 897
757 333
46 1960
551 403
1224 1517
1461 1080
348 0
1667 1830
1325 1601
530 1833
667 1218
630 722
1184 1171
663 474
653 1899
1815 1280
310 285
607 1308
366 1703
1225 440
850 978
600 367
952 411
440 801
154 342
782 467
95 1136
1314 844
1540 1933
915 499
1570 1739
630 350
1816 1257
823 1349
1255 31
1769 1667
1494 1173
1870 1935
593 1231
1798 987
1410 381
525 285
1951 1502
1114 1769
338 256
216 1676
749 1010
1605 832
693 879
15 236
1461 1276
1121 1361
89 270
1177 713
773 1294
1456 1361
1849 1714
1439 1622
1013 1988
1601 1404
130 1574
740 1046
1944 525
1165 427
1229 1044
803 1896
1436 57
446 1847
701 659
1553 1883
1350 1468
515 42
1339 941
819 1951
1384 146
1521 368
68 1431
1583 1492
1258 794
195 251
752 1698
217 1971
813 289
1737 223
1410 1262
1726 456
1513 1965
1173 1079
723 371
1440 482
1077 1177
1537 1990
654 941
1204 982
827 1554
693 1122
1554 1366
1484 269
168 1446
326 1492
1413 1406
1663 492
1782 1768
480 1101
815 1539
1350 1866
1978 1128
229 1478
1374 320
1349 559
548 985
1072 672
740 1391
1499 1287
1532 1891
94 318
282 297
117 1836
515 1943
955 148
1863 1816
1901 409
95 460
1748 68
618 1659
1974 1937
1991 1682
1256 1159
1626 843
1518 914
1319 1950
1272 1869
652 1095
1009 1631
1365 1563
1386 1319
1944 1759
1102 1153
26 287
281 722
1949 986
968 643
199 1414
14 876
171 1983
314 1039
551 1578
1020 1962
1704 45
1322 383
849 1628
1989 966
1025 886
1731 532
1680 444
1868 325
249 1083
1756 59
513 419
1393 1
527 1038
1366 1300
661 89
1621 250
1622 778
591 1728
1146 1906
185 383
1510 259
726 318
857 1241
948 1589
425 1262
1669 1391
132 961
1654 1403
1977 212
164 672
574 1210
994 482
1771 1295
734 192
311 966
468 642
658 1242
266 1650
1538 1202
518 1478
1941 1667
1892 888
55 291
1113 1672
1783 1025
82 1518
1566 813
73 1699
215 1251
1943 1053
1157 1001
1712 1159
1719 150
815 741
341 609
448 1000
854 1122
419 1425
875 1433
1335 387
3 564
877 410
1378 1180
1803 1349
758 813
39 1522
992 834
1064 1835
1489 273
689 1254
734 1701
1931 667
1346 907
406 1440
1325 1296
1446 84
993 1022
436 801
141 1483
977 1181
1499 1949
174 866
197 1570
806 1239
1793 1776
184 1022
906 1473
1842 505
1108 373
1097 255
1043 189
558 572
797 1059
424 1737
1905 468
1427 151
874 1952
1258 824
880 1601
871 815
377 612
615 198
1348 313
1836 729
201 1871
1103 989
1620 1835
445 1161
1264 1528
591 874
846 320
803 1767
1853 1974
1738 1278
1653 1466
1638 1151
622 1708
855 616
209 1559
1557 1517
134 83
495 1541
153 1363
1885 110
1380 1945
1941 869
336 333
460 1895
1306 1067
421 247
1660 1469
440 1683
1119 177
1954 348
99 364
1277 1406
1941 1799
134 1457
1451 1225
81 1874
1822 1846
387 575
1160 124
52 2
252 1049
642 509
782 390
927 1631
1469 1750
1766 1393
378 1794
1334 990
1913 1701
194 1181
1623 192
1359 867
1480 690
827 1534
801 488
1429 738
1668 15
752 422
50 160
1006 1207
305 1403
349 1595
360 755
1308 1879
864 1209
1355 1692
1344 1464
772 52
1126 867
430 509
707 489
1488 1506
898 1780
1882 589
1360 1503
584 652
1976 1082
720 933
1354 593
1297 83
