1000
10 29 138
20 47 87
45 51 269
61 97 197
75 110 294
101 118 221
108 120 25
111 122 181
141 148 26
170 220 205
182 219 133
183 191 263
186 219 185
187 208 141
214 244 176
242 277 219
246 264 142
266 281 101
269 297 58
293 327 148
299 332 211
326 368 64
337 362 202
355 380 249
368 412 280
374 407 63
386 421 98
402 420 52
413 442 83
414 444 67
436 446 38
453 489 150
456 468 257
459 502 147
469 493 17
491 493 220
512 535 92
515 556 258
539 553 298
542 574 78
560 564 263
588 593 248
592 605 99
600 617 120
625 643 273
642 651 132
649 699 30
673 680 185
690 713 105
692 724 49
707 740 63
735 739 257
760 803 70
768 784 196
768 801 130
785 818 72
808 842 143
808 817 93
813 829 199
841 869 105
850 890 88
875 918 160
904 947 187
926 959 1
956 995 152
963 1011 175
981 986 189
989 991 207
1012 1030 7
1022 1038 159
1030 1056 244
1032 1047 194
1056 1084 214
1085 1119 143
1091 1092 102
1113 1122 252
1137 1184 261
1141 1162 9
1142 1171 195
1159 1176 136
1163 1213 34
1165 1215 7
1172 1177 184
1191 1229 210
1208 1227 42
1231 1273 10
1231 1254 207
1261 1265 238
1284 1323 8
1314 1324 273
1343 1361 122
1352 1362 156
1381 1423 88
1411 1440 284
1426 1440 34
1455 1463 17
1457 1485 91
1462 1471 89
1475 1511 207
1501 1521 185
1523 1532 170
1533 1576 210
1558 1596 265
1587 1600 74
1589 1634 137
1602 1628 53
1610 1630 3
1622 1658 257
1632 1666 184
1648 1671 74
1662 1690 202
1667 1689 273
1674 1680 97
1687 1720 52
1693 1716 32
1704 1738 5
1704 1716 197
1720 1759 153
1726 1736 181
1752 1795 286
1777 1785 172
1787 1798 133
1790 1801 256
1816 1858 181
1838 1880 206
1852 1886 16
1856 1865 8
1864 1882 83
1871 1910 196
1897 1941 150
1924 1946 114
1925 1940 79
1949 1975 22
1976 2024 62
1977 2018 198
2002 2025 168
2003 2011 6
2011 2027 157
2033 2041 18
2051 2094 125
2065 2106 69
2079 2115 243
2096 2108 89
2108 2151 158
2109 2134 103
2118 2149 204
2139 2145 272
2145 2173 117
2159 2190 29
2172 2175 262
2187 2195 236
2209 2228 211
2239 2283 81
2246 2284 300
2257 2285 56
2261 2285 222
2283 2325 262
2309 2315 259
2316 2360 173
2322 2368 208
2333 2345 249
2351 2353 146
2378 2381 50
2405 2436 124
2435 2445 203
2459 2484 175
2465 2506 43
2486 2491 243
2490 2493 15
2518 2523 152
2523 2557 298
2546 2556 1
2548 2560 170
2568 2602 193
2596 2610 83
2607 2618 18
2636 2654 89
2656 2685 221
2656 2693 251
2669 2671 68
2687 2710 43
2708 2753 186
2712 2720 290
2720 2769 291
2729 2734 113
2759 2803 41
2780 2824 57
2790 2796 127
2820 2832 275
2844 2889 75
2866 2900 64
2895 2905 167
2923 2964 157
2949 2988 65
2968 2979 213
2990 3021 22
3019 3050 35
3037 3063 18
3061 3083 79
3064 3105 75
3084 3133 143
3099 3139 13
3104 3116 243
3130 3175 92
3149 3168 21
3156 3164 216
3159 3197 3
3164 3171 61
3170 3175 18
3189 3193 253
3189 3203 271
3208 3256 55
3215 3252 157
3216 3244 73
3244 3263 175
3264 3280 173
3276 3282 265
3280 3285 299
3298 3330 184
3326 3337 171
3331 3376 259
3347 3352 127
3351 3383 209
3369 3391 48
3395 3439 254
3401 3424 120
3419 3469 165
3425 3442 236
3445 3451 219
3458 3466 222
3470 3479 225
3494 3526 48
3500 3532 268
3526 3528 187
3550 3567 273
3554 3571 101
3571 3616 47
3597 3644 254
3618 3651 276
3636 3673 142
3664 3688 86
3671 3672 296
3697 3704 202
3702 3745 295
3712 3729 258
3727 3765 59
3732 3775 189
3741 3767 13
3745 3787 287
3747 3757 40
3762 3794 164
3780 3821 11
3784 3798 19
3785 3794 289
3798 3826 190
3800 3827 288
3817 3825 20
3845 3870 169
3846 3852 125
3867 3917 217
3872 3906 46
3900 3944 78
3906 3920 160
3909 3912 56
3930 3966 187
3943 3952 152
3960 3967 72
3967 3990 149
3970 4009 60
3991 3999 95
3997 4008 227
3998 4026 54
4005 4019 194
4022 4060 156
4024 4035 223
4032 4073 51
4045 4052 77
4067 4108 116
4094 4113 206
4121 4133 261
4142 4181 273
4158 4198 240
4184 4230 181
4211 4255 180
4237 4283 133
4247 4282 267
4260 4296 58
4270 4309 117
4284 4324 87
4295 4301 275
4303 4309 64
4316 4330 138
4330 4376 102
4348 4362 199
4357 4375 129
4361 4373 102
4380 4403 93
4398 4422 54
4417 4436 30
4417 4436 73
4431 4432 208
4454 4470 211
4456 4483 152
4461 4493 296
4484 4528 293
4502 4532 255
4518 4543 225
4529 4535 174
4544 4550 36
4552 4554 41
4576 4581 202
4582 4624 155
4598 4646 134
4624 4635 150
4635 4647 27
4658 4679 299
4659 4669 260
4659 4679 45
4664 4675 172
4686 4705 119
4709 4752 280
4716 4730 195
4729 4771 192
4739 4741 96
4761 4810 75
4785 4802 210
4791 4840 154
4797 4810 29
4807 4835 29
4832 4863 161
4862 4887 122
4872 4905 261
4878 4917 213
4881 4929 136
4881 4900 19
4899 4918 216
4918 4946 26
4948 4976 62
4977 5018 298
4977 5020 184
4982 5012 294
4999 5008 260
5016 5017 90
5031 5034 78
5046 5087 129
5057 5085 267
5068 5108 112
5079 5082 231
5091 5100 68
5109 5120 13
5128 5156 237
5147 5170 175
5147 5187 188
5160 5165 132
5177 5194 297
5198 5242 209
5222 5241 183
5250 5291 33
5269 5299 277
5297 5331 234
5307 5312 145
5321 5365 295
5325 5362 34
5348 5376 291
5378 5396 84
5389 5392 23
5389 5400 191
5389 5406 300
5394 5428 192
5406 5426 151
5430 5463 147
5460 5510 89
5460 5476 50
5484 5493 180
5505 5509 272
5507 5509 237
5519 5564 216
5547 5588 136
5562 5597 154
5586 5617 105
5592 5623 40
5613 5637 295
5642 5654 129
5656 5659 128
5681 5705 226
5697 5710 183
5704 5734 27
5704 5715 238
5723 5732 158
5745 5755 81
5749 5797 91
5765 5808 73
5780 5802 18
5782 5784 43
5782 5798 281
5800 5815 189
5821 5864 269
5840 5870 118
5845 5848 246
5874 5888 172
5884 5918 123
5894 5913 55
5896 5904 235
5897 5935 118
5901 5913 212
5921 5938 5
5922 5970 18
5933 5950 275
5939 5951 239
5963 5990 40
5981 5990 25
6006 6008 268
6030 6061 55
6056 6066 288
6065 6090 114
6085 6116 39
6106 6155 252
6130 6137 6
6142 6164 234
6150 6188 11
6152 6188 127
6175 6210 211
6194 6228 114
6215 6253 67
6222 6262 147
6235 6247 3
6261 6287 65
6265 6296 80
6287 6294 86
6297 6323 87
6321 6322 182
6325 6371 225
6332 6333 174
6357 6394 121
6367 6398 34
6367 6393 40
6369 6388 104
6371 6382 6
6374 6415 100
6382 6411 171
6399 6431 270
6410 6438 15
6412 6445 292
6423 6466 100
6435 6446 74
6457 6501 238
6464 6471 291
6473 6523 166
6486 6529 114
6504 6515 210
6517 6538 247
6534 6550 196
6539 6563 25
6551 6556 158
6573 6622 109
6588 6634 91
6600 6641 49
6613 6625 29
6638 6669 271
6646 6648 73
6668 6711 191
6689 6739 137
6716 6765 207
6728 6742 95
6729 6764 275
6747 6764 60
6764 6779 201
6773 6781 137
6798 6831 56
6819 6846 111
6842 6880 117
6842 6851 291
6848 6896 209
6878 6911 72
6884 6891 275
6888 6910 239
6904 6950 188
6905 6930 120
6925 6940 97
6929 6953 220
6937 6945 149
6951 6962 24
6978 6981 30
6980 6994 194
6982 7023 84
6997 7005 94
7001 7006 278
7025 7034 248
7054 7093 284
7068 7072 147
7089 7091 280
7101 7111 196
7102 7149 155
7125 7138 240
7135 7151 207
7152 7173 93
7166 7214 75
7174 7200 129
7178 7211 266
7191 7229 158
7212 7254 117
7212 7241 38
7242 7250 12
7259 7284 94
7284 7328 185
7296 7314 14
7296 7320 115
7303 7343 99
7318 7331 59
7336 7372 196
7340 7375 56
7347 7353 281
7359 7402 86
7380 7408 21
7391 7396 238
7392 7393 93
7419 7446 295
7420 7462 259
7424 7450 70
7434 7476 51
7451 7490 100
7453 7478 51
7457 7499 77
7460 7492 81
7470 7502 98
7488 7534 151
7496 7514 294
7513 7520 190
7518 7567 181
7534 7562 296
7559 7569 258
7587 7624 111
7595 7615 133
7599 7624 253
7626 7668 166
7640 7688 69
7658 7684 103
7668 7702 62
7684 7705 233
7703 7751 131
7720 7761 234
7748 7797 256
7763 7794 25
7781 7815 127
7805 7829 124
7822 7854 34
7829 7865 174
7859 7896 93
7861 7892 107
7861 7871 262
7872 7899 264
7886 7899 154
7891 7892 29
7920 7947 235
7931 7957 197
7951 7977 35
7977 8000 244
7985 8019 235
7990 8018 209
8009 8053 87
8019 8063 34
8039 8052 298
8069 8110 121
8088 8111 71
8097 8113 241
8110 8153 123
8121 8131 282
8130 8172 298
8160 8205 15
8182 8201 164
8186 8196 192
8209 8221 87
8220 8237 236
8246 8282 181
8249 8266 133
8270 8304 182
8297 8345 278
8322 8330 54
8337 8366 178
8354 8372 24
8370 8411 2
8371 8393 241
8390 8418 187
8407 8447 58
8432 8433 9
8452 8462 109
8478 8517 253
8485 8500 55
8497 8508 194
8504 8540 16
8521 8548 224
8531 8556 159
8542 8552 13
8571 8620 67
8577 8620 155
8583 8618 28
8607 8609 82
8634 8635 113
8660 8706 236
8672 8720 78
8672 8677 177
8695 8724 26
8713 8719 174
8729 8775 168
8754 8775 192
8772 8799 194
8780 8781 174
8802 8844 254
8813 8840 121
8813 8842 64
8841 8867 50
8868 8904 193
8879 8917 142
8892 8917 297
8914 8946 172
8934 8977 266
8955 9005 243
8963 8984 213
8973 9006 194
8983 8988 96
9013 9053 180
9034 9038 251
9047 9065 262
9051 9095 105
9080 9126 259
9090 9094 263
9103 9150 211
9122 9160 28
9122 9164 85
9139 9153 50
9169 9203 208
9172 9182 10
9188 9213 244
9210 9249 177
9227 9266 224
9233 9243 110
9263 9310 34
9286 9333 173
9316 9348 8
9340 9371 80
9357 9388 93
9387 9420 245
9413 9426 142
9416 9420 109
9436 9455 108
9459 9462 10
9462 9466 226
9468 9495 201
9489 9525 87
9499 9504 152
9499 9536 176
9526 9556 198
9554 9596 154
9564 9598 246
9590 9627 180
9599 9639 118
9620 9664 280
9622 9623 295
9632 9645 181
9651 9676 231
9678 9722 10
9690 9721 162
9711 9741 17
9715 9759 238
9724 9758 8
9730 9758 13
9754 9759 73
9756 9771 182
9756 9786 240
9764 9769 113
9792 9794 49
9819 9857 11
9845 9883 25
9869 9875 132
9875 9905 281
9877 9898 28
9894 9931 104
9906 9914 97
9932 9966 275
9937 9978 147
9941 9986 155
9953 9978 171
9962 9998 290
9989 9999 9
9997 10038 92
10012 10058 151
10012 10061 160
10019 10048 162
10036 10054 256
10038 10081 21
10064 10096 165
10071 10108 15
10093 10135 5
10122 10145 135
10139 10157 35
10143 10166 197
10164 10176 128
10165 10204 99
10189 10229 250
10199 10239 166
10210 10246 169
10240 10272 250
10243 10290 107
10270 10318 143
10297 10318 159
10306 10353 240
10314 10319 44
10329 10331 156
10356 10377 241
10370 10420 49
10387 10410 244
10396 10415 106
10400 10443 263
10427 10473 124
10429 10435 118
10436 10464 147
10454 10498 263
10464 10498 281
10475 10494 62
10505 10511 129
10522 10528 165
10523 10545 68
10530 10559 220
10554 10560 166
10571 10576 13
10600 10611 6
10614 10627 211
10632 10657 105
10647 10689 117
10651 10671 151
10663 10686 253
10667 10691 294
10684 10686 239
10684 10701 128
10712 10716 279
10714 10747 213
10725 10750 80
10736 10769 91
10763 10765 86
10771 10812 34
10796 10808 162
10802 10836 204
10811 10815 42
10814 10818 217
10835 10840 42
10835 10879 148
10849 10884 278
10865 10870 12
10878 10887 7
10898 10942 139
10906 10942 205
10923 10933 148
10945 10952 167
10969 10981 120
10995 11011 182
11013 11040 175
11025 11026 78
11045 11060 216
11063 11101 18
11081 11093 161
11097 11113 139
11112 11149 97
11137 11175 191
11157 11194 261
11157 11169 251
11158 11208 80
11178 11195 256
11196 11201 168
11214 11261 42
11217 11236 252
11230 11275 183
11247 11277 123
11266 11313 282
11295 11337 98
11305 11339 50
11328 11369 130
11356 11358 196
11372 11382 240
11384 11396 184
11391 11395 231
11395 11411 92
11419 11452 294
11447 11476 255
11476 11504 5
11503 11520 190
11507 11557 34
11530 11563 116
11556 11562 281
11581 11597 83
11608 11638 104
11620 11624 32
11639 11688 60
11643 11645 126
11666 11686 239
11695 11740 10
11703 11737 155
11723 11773 161
11732 11777 159
11753 11800 150
11760 11762 291
11760 11808 264
11785 11795 45
11805 11824 185
11831 11855 269
11857 11868 199
11883 11920 226
11907 11934 114
11929 11975 145
11949 11990 272
11963 11971 169
11969 11991 96
11981 11997 261
11983 12028 248
11999 12021 91
12021 12050 250
12027 12040 278
12052 12076 109
12054 12059 79
12084 12125 83
12095 12097 278
12124 12174 252
12145 12151 168
12150 12194 211
12151 12197 274
12181 12192 27
12207 12244 92
12237 12244 91
12243 12263 234
12268 12278 136
12298 12299 262
12319 12332 19
12325 12334 13
12332 12352 98
12333 12369 50
12343 12375 213
12366 12414 13
12388 12419 203
12412 12439 263
12427 12441 128
12444 12472 187
12450 12472 38
12466 12495 200
12471 12479 185
12488 12513 164
12510 12527 291
12524 12545 271
12545 12587 70
12545 12557 81
12565 12604 264
12590 12598 58
12590 12591 147
12612 12654 64
12632 12650 268
12662 12709 239
12663 12666 13
12663 12707 112
12668 12702 230
12688 12733 56
12702 12747 98
12728 12740 106
12728 12750 215
12743 12782 157
12744 12747 212
12745 12766 12
12771 12772 196
12801 12829 66
12806 12842 98
12829 12843 17
12836 12867 6
12862 12896 274
12887 12916 191
12892 12936 102
12916 12927 106
12937 12976 188
12964 12984 179
12972 12998 187
12987 12994 162
13008 13057 144
13015 13042 238
13019 13037 205
13045 13052 239
13047 13065 87
13050 13052 165
13063 13110 151
13074 13118 188
13088 13097 69
13111 13160 239
13129 13140 206
13157 13179 270
13180 13221 15
13193 13204 256
13211 13256 124
13212 13258 204
13236 13266 44
13263 13312 138
13265 13310 210
13278 13315 283
13281 13313 153
13303 13338 17
13324 13359 1
13330 13371 99
13332 13338 242
13361 13382 205
13364 13387 221
13371 13373 172
13382 13415 239
13383 13400 263
13403 13428 266
13404 13413 14
13433 13441 130
13447 13468 224
13475 13524 97
13491 13531 245
13521 13552 247
13540 13586 15
13567 13568 137
13583 13614 180
13585 13591 228
13602 13612 135
13632 13633 217
13634 13639 167
13662 13666 278
13669 13673 274
13676 13679 137
13683 13724 156
13688 13732 148
13711 13722 189
13717 13748 237
13724 13772 235
13730 13762 285
13731 13744 25
13741 13779 202
13766 13787 215
13776 13777 139
13786 13812 31
13814 13841 260
13825 13863 193
13831 13868 87
13843 13855 282
13872 13891 242
13881 13904 109
13882 13914 251
13896 13902 2
13919 13958 37
13925 13930 33
13927 13944 170
13934 13968 250
13944 13983 136
13962 13971 88
13991 14012 102
13994 13997 30
14010 14055 235
14029 14041 102
14059 14075 240
14084 14095 69
14102 14139 108
14104 14143 126
14128 14144 77
14158 14177 3
14188 14202 176
14218 14250 36
14240 14260 274
14265 14300 172
14267 14279 76
14275 14312 256
14297 14310 76
14299 14325 26
14320 14339 55
14329 14342 73
14342 14361 95
14360 14374 87
14374 14420 182
14392 14408 82
14418 14444 50
14423 14429 97
14436 14460 266
14448 14467 144
14460 14506 3
14482 14530 294
14490 14526 2
14513 14545 161
14520 14536 292
14543 14558 90
14552 14589 28
14571 14621 49
14591 14620 189
14618 14659 192
14630 14655 202
14651 14662 5
14670 14703 13
14679 14723 48
14706 14708 168
14734 14751 249
14751 14795 272
14767 14781 115
14796 14811 77
14797 14832 166
14800 14821 3
14822 14858 196
14841 14859 272
