1000
18 37 281
35 72 204
65 90 44
90 120 206
101 129 222
105 140 221
126 132 158
132 156 112
134 145 180
142 165 117
159 176 69
188 198 176
188 194 62
190 199 290
213 243 208
235 266 201
252 298 94
277 313 216
298 332 299
317 357 37
346 371 116
365 397 119
380 422 270
384 428 161
384 392 251
385 395 299
389 435 296
417 448 95
445 489 125
473 494 235
488 522 142
504 509 43
530 566 152
553 567 57
560 598 239
588 592 263
608 640 254
624 640 59
640 650 8
643 690 78
672 695 153
675 721 236
689 695 65
699 720 107
722 746 252
747 779 272
748 786 163
768 803 124
772 815 131
792 832 73
819 863 90
836 860 68
837 853 37
856 867 238
858 899 50
875 914 195
877 908 138
886 925 108
912 922 261
928 974 208
941 948 156
946 967 173
954 983 21
977 993 172
996 1028 4
1017 1023 224
1030 1035 58
1057 1064 66
1083 1113 221
1088 1132 12
1102 1105 196
1106 1128 62
1111 1120 2
1128 1144 83
1158 1184 238
1167 1170 254
1183 1189 142
1195 1239 24
1204 1235 212
1232 1274 126
1257 1301 132
1269 1288 294
1281 1311 299
1304 1345 252
1311 1312 44
1322 1324 249
1345 1390 9
1362 1407 20
1381 1426 246
1399 1403 114
1402 1451 164
1404 1419 84
1429 1441 33
1443 1459 1
1463 1510 28
1490 1511 174
1506 1511 92
1522 1570 143
1552 1575 232
1556 1568 166
1571 1587 60
1601 1611 215
1628 1666 219
1644 1654 24
1664 1708 30
1675 1724 208
1694 1735 14
1709 1734 72
1711 1740 250
1736 1749 23
1740 1743 95
1770 1773 270
1786 1810 209
1798 1822 158
1825 1861 246
1855 1894 194
1867 1876 153
1885 1910 299
1907 1956 126
1911 1951 271
1926 1943 105
1947 1973 245
1947 1963 31
1968 1979 171
1988 2031 93
2011 2051 111
2026 2034 271
2041 2055 8
2053 2095 208
2060 2107 30
2060 2079 78
2075 2116 181
2076 2103 120
2078 2122 83
2085 2104 129
2085 2129 142
2087 2121 150
2100 2127 196
2115 2125 213
2128 2148 128
2133 2147 216
2137 2154 173
2159 2173 211
2178 2207 119
2180 2223 165
2204 2228 84
2219 2220 101
2246 2281 231
2276 2293 155
2284 2312 206
2307 2348 242
2323 2326 210
2345 2390 300
2375 2402 17
2384 2424 60
2402 2428 120
2425 2458 201
2453 2469 191
2480 2512 173
2488 2510 10
2490 2493 217
2498 2503 24
2501 2514 240
2524 2535 194
2527 2544 246
2552 2572 260
2559 2599 262
2583 2591 212
2607 2611 196
2622 2668 95
2650 2655 105
2668 2684 247
2687 2713 67
2702 2716 67
2703 2724 274
2721 2746 54
2726 2765 256
2732 2738 281
2743 2785 294
2760 2786 234
2766 2795 241
2796 2840 170
2826 2870 221
2840 2882 195
2870 2911 245
2894 2898 140
2914 2947 128
2917 2962 244
2938 2942 221
2940 2968 13
2965 2980 184
2986 3011 282
3001 3045 149
3012 3039 5
3022 3058 110
3029 3052 32
3030 3066 197
3040 3070 70
3042 3046 138
3047 3066 2
3057 3068 143
3061 3087 55
3063 3099 55
3082 3097 139
3098 3109 17
3113 3150 212
3117 3140 119
3121 3131 265
3130 3165 295
3158 3188 159
3187 3220 272
3210 3221 80
3221 3237 78
3224 3247 140
3243 3293 49
3247 3296 99
3251 3280 93
3274 3306 45
3278 3301 64
3307 3315 88
3337 3344 241
3345 3387 190
3370 3383 183
3372 3420 207
3377 3382 45
3385 3420 105
3410 3442 157
3414 3452 124
3438 3444 102
3452 3478 11
3452 3457 274
3459 3490 263
3468 3513 106
3472 3489 299
3485 3517 245
3492 3529 278
3522 3523 132
3547 3549 49
3552 3587 255
3577 3611 294
3590 3591 230
3616 3633 281
3625 3665 145
3645 3657 29
3672 3697 297
3696 3725 268
3717 3767 216
3721 3771 67
3724 3745 5
3729 3769 42
3755 3779 179
3768 3787 112
3790 3817 128
3812 3815 200
3842 3855 278
3844 3856 114
3848 3891 206
3877 3904 39
3891 3911 148
3893 3920 279
3920 3928 97
3923 3928 152
3952 3963 165
3961 3992 182
3977 4021 48
3998 4023 109
4004 4043 281
4005 4033 102
4027 4028 261
4031 4043 144
4034 4044 41
4063 4081 72
4063 4080 166
4077 4098 104
4084 4102 254
4088 4104 36
4099 4145 33
4126 4136 134
4130 4166 189
4160 4206 10
4176 4209 215
4190 4231 89
4208 4256 132
4218 4255 61
4243 4255 291
4255 4284 144
4277 4291 282
4282 4310 94
4298 4334 6
4300 4344 80
4300 4302 176
4309 4337 104
4334 4384 225
4363 4388 292
4390 4440 286
4393 4420 185
4402 4404 202
4426 4439 90
4454 4501 178
4483 4512 101
4509 4513 165
4522 4551 19
4538 4544 58
4564 4597 155
4570 4602 203
4575 4613 141
4587 4616 241
4589 4606 188
4593 4611 57
4603 4626 191
4632 4668 80
4645 4670 207
4665 4692 159
4678 4695 30
4692 4731 203
4707 4742 260
4707 4733 16
4731 4732 294
4748 4793 69
4765 4794 180
4774 4794 119
4777 4782 196
4791 4810 118
4814 4818 35
4815 4852 267
4826 4828 104
4837 4860 4
4845 4880 32
4871 4876 241
4884 4920 191
4910 4911 213
4924 4965 73
4924 4959 136
4927 4943 67
4930 4939 106
4959 4995 233
4987 4994 199
5011 5028 217
5014 5054 123
5023 5072 121
5028 5029 76
5050 5085 65
5069 5077 64
5073 5079 92
5081 5131 75
5089 5114 274
5112 5118 34
5128 5166 17
5153 5154 135
5177 5206 101
5200 5235 233
5225 5232 186
5228 5267 43
5246 5294 236
5259 5274 184
5262 5298 191
5262 5277 270
5292 5330 160
5303 5304 221
5311 5359 281
5313 5315 254
5335 5362 202
5343 5380 51
5354 5386 184
5361 5370 93
5362 5384 201
5365 5377 140
5366 5409 259
5392 5409 3
5409 5418 94
5425 5472 105
5453 5460 166
5464 5511 230
5481 5522 280
5494 5532 169
5522 5547 63
5524 5551 146
5539 5560 18
5558 5569 69
5565 5588 163
5587 5605 117
5591 5629 13
5600 5639 120
5613 5634 78
5637 5671 231
5646 5678 250
5672 5703 103
5696 5708 33
5718 5752 2
5747 5796 11
5768 5780 212
5786 5801 32
5791 5836 5
5794 5802 251
5809 5841 88
5825 5861 247
5855 5879 140
5861 5895 284
5882 5928 16
5898 5938 211
5910 5917 12
5929 5964 31
5934 5947 128
5963 5968 258
5989 6028 136
6016 6045 295
6031 6050 198
6034 6078 43
6047 6075 12
6055 6069 119
6079 6115 79
6084 6130 132
6102 6152 230
6109 6141 84
6118 6125 51
6123 6154 48
6148 6185 218
6173 6180 211
6193 6230 162
6199 6245 8
6225 6273 7
6225 6238 45
6232 6279 13
6259 6287 160
6263 6307 162
6287 6313 18
6299 6318 73
6313 6337 34
6332 6376 112
6349 6384 179
6353 6386 258
6371 6375 258
6376 6399 129
6387 6411 167
6399 6426 189
6425 6439 4
6431 6453 93
6450 6471 134
6473 6503 232
6491 6533 241
6515 6525 155
6518 6539 8
6525 6558 28
6530 6565 24
6533 6543 142
6550 6557 215
6574 6623 162
6597 6614 183
6627 6642 265
6645 6663 43
6646 6656 64
6650 6682 54
6657 6670 181
6659 6676 129
6688 6703 145
6706 6714 75
6707 6708 15
6728 6746 186
6731 6734 81
6736 6763 9
6747 6773 64
6770 6794 249
6785 6831 2
6809 6821 154
6810 6852 183
6817 6824 56
6817 6866 241
6828 6844 17
6843 6865 237
6861 6909 176
6861 6869 266
6877 6885 280
6899 6926 126
6907 6952 188
6931 6978 240
6959 6979 220
6967 6983 195
6979 7010 153
6983 7021 229
7004 7051 33
7029 7058 153
7031 7033 40
7031 7044 60
7055 7068 100
7062 7097 99
7067 7115 118
7068 7109 169
7083 7133 109
7103 7151 184
7122 7155 179
7129 7142 120
7130 7156 60
7130 7158 280
7139 7157 213
7143 7180 229
7146 7157 203
7171 7195 260
7177 7194 171
7207 7230 46
7221 7270 103
7242 7245 127
7244 7281 110
7254 7299 36
7272 7291 247
7302 7306 205
7318 7339 138
7338 7349 86
7341 7350 110
7341 7389 288
7352 7390 190
7362 7394 40
7386 7413 198
7388 7410 247
7411 7439 30
7411 7448 241
7441 7444 221
7453 7468 82
7458 7480 117
7481 7487 259
7498 7506 167
7514 7525 35
7535 7541 50
7545 7584 126
7574 7611 229
7603 7649 55
7625 7633 162
7647 7649 155
7647 7681 53
7666 7705 153
7670 7688 181
7677 7680 52
7706 7729 50
7731 7781 33
7739 7783 55
7758 7782 51
7763 7772 288
7788 7808 110
7818 7835 155
7844 7865 216
7853 7876 215
7857 7889 2
7867 7888 114
7886 7933 288
7915 7960 256
7943 7990 264
7960 8001 46
7968 7980 65
7998 8021 168
8011 8018 132
8028 8041 17
8041 8083 188
8043 8082 220
8047 8051 131
8056 8083 284
8059 8083 261
8064 8071 230
8068 8081 205
8098 8146 61
8124 8155 295
8138 8151 205
8147 8178 4
8171 8205 95
8172 8189 11
8188 8211 15
8188 8209 175
8209 8247 6
8220 8260 126
8242 8274 153
8250 8252 101
8251 8274 214
8279 8294 145
8296 8308 199
8325 8349 276
8348 8383 19
8348 8366 52
8366 8392 231
8393 8406 129
8408 8439 263
8421 8445 55
8447 8471 28
8454 8461 201
8467 8482 130
8492 8513 10
8503 8523 100
8503 8506 255
8525 8558 240
8536 8563 140
8536 8559 220
8558 8595 142
8576 8585 116
8604 8645 296
8614 8633 111
8632 8654 34
8655 8667 180
8669 8700 263
8672 8704 82
8688 8690 42
8703 8718 139
8730 8758 149
8734 8780 243
8745 8770 135
8767 8772 156
8785 8807 127
8794 8829 228
8801 8833 293
8810 8812 2
8819 8831 118
8838 8859 205
8860 8902 49
8890 8924 2
8893 8933 124
8921 8951 261
8934 8961 51
8964 9006 252
8972 8973 103
9002 9027 141
9030 9056 9
9040 9079 292
9045 9083 233
9046 9061 255
9055 9103 115
9058 9103 121
9088 9108 258
9110 9131 95
9128 9132 255
9152 9183 299
9178 9203 29
9204 9247 5
9219 9229 167
9219 9233 87
9222 9225 201
9244 9277 99
9260 9273 20
9266 9287 85
9272 9308 52
9300 9302 185
9300 9313 213
9322 9337 149
9331 9332 68
9344 9351 253
9353 9362 162
9363 9382 20
9379 9419 284
9386 9393 52
9401 9430 23
9430 9455 186
9459 9463 262
9471 9494 47
9491 9494 239
9506 9520 297
9522 9545 248
9542 9557 160
9549 9554 205
9578 9604 23
9583 9604 178
9590 9603 236
9597 9634 271
9609 9617 129
9615 9633 252
9632 9652 293
9637 9642 59
9647 9668 17
9649 9678 90
9655 9698 268
9681 9701 24
9693 9696 41
9723 9761 77
9736 9753 294
9753 9765 16
9764 9781 97
9767 9782 93
9793 9810 208
9799 9805 295
9817 9824 214
9847 9871 256
9857 9900 103
9885 9920 262
9891 9940 59
9902 9929 136
9913 9915 35
9915 9931 159
9933 9966 81
9956 10002 107
9962 9999 231
9986 10009 39
10003 10049 71
10005 10037 223
10034 10047 179
10045 10056 6
10073 10095 121
10101 10136 248
10110 10123 256
10135 10139 272
10152 10202 272
10177 10195 43
10194 10225 105
10214 10238 188
10240 10256 123
10248 10250 143
10278 10316 79
10307 10355 294
10311 10341 86
10314 10340 196
10335 10336 64
10363 10406 24
10366 10383 123
10371 10409 86
10372 10416 134
10375 10414 148
10382 10431 295
10402 10443 299
10424 10434 171
10442 10449 227
10444 10473 238
10468 10502 195
10485 10486 242
10507 10508 4
10527 10556 177
10541 10558 78
10555 10565 254
10561 10591 127
10562 10595 259
10572 10620 119
10573 10580 4
10602 10610 270
10610 10612 1
10636 10655 224
10657 10684 220
10665 10667 285
10679 10694 25
10699 10730 31
10727 10738 232
10738 10786 145
10754 10755 189
10764 10767 177
10780 10817 19
10789 10827 111
10790 10830 274
10810 10841 72
10811 10830 150
10838 10854 178
10859 10876 39
10870 10893 124
10888 10921 69
10909 10954 69
10927 10968 18
10933 10972 240
10962 10978 180
10970 10988 283
10979 11008 213
10981 10983 241
10990 11003 205
11002 11007 187
11022 11026 250
11034 11074 91
11062 11077 61
11066 11084 143
11094 11100 201
11110 11156 244
11127 11156 103
11144 11193 56
11166 11179 208
11176 11203 216
11195 11205 4
11223 11264 170
11231 11270 66
11258 11304 60
11264 11308 60
11271 11291 144
11296 11303 171
11315 11359 46
11316 11358 156
11346 11376 192
11354 11381 233
11363 11386 293
11375 11393 219
11397 11428 198
11427 11465 27
11433 11473 213
11460 11482 38
11474 11485 244
11487 11514 209
11509 11554 26
11531 11574 225
11560 11573 180
11571 11585 118
11577 11606 156
11589 11596 204
11607 11636 283
11615 11639 40
11632 11639 111
11644 11652 189
11661 11688 67
11674 11715 12
11686 11731 135
11700 11749 198
11720 11735 140
11745 11787 164
11774 11783 109
11799 11804 267
11828 11868 91
11830 11844 184
11845 11883 94
11873 11913 168
11896 11906 179
11913 11934 247
11931 11975 260
11931 11970 54
11931 11975 73
11952 11960 286
11959 11968 90
11989 12005 241
12017 12038 205
12028 12047 209
12052 12069 263
12076 12120 132
12093 12122 171
12100 12130 76
12115 12122 215
12141 12147 95
12150 12163 135
12153 12162 189
12167 12171 39
12185 12228 99
12200 12240 53
12215 12258 3
12215 12253 210
12227 12247 79
12242 12285 190
12261 12264 218
12275 12300 286
12301 12336 253
12316 12361 96
12323 12328 194
12328 12357 71
12337 12345 87
12364 12368 247
12379 12419 65
12402 12447 200
12410 12437 123
12422 12465 84
12447 12481 283
12474 12515 96
12482 12504 272
12500 12504 67
12503 12541 205
12520 12529 162
12525 12537 243
12536 12552 40
12549 12580 99
12575 12590 51
12596 12639 43
12607 12643 269
12620 12637 175
12627 12671 39
12635 12672 45
12650 12687 25
12661 12686 164
12671 12672 42
12694 12729 153
12709 12710 57
12717 12759 96
12744 12746 122
12761 12789 161
12770 12798 108
12770 12808 127
12786 12804 19
12792 12809 276
12809 12859 61
12809 12812 72
12812 12839 257
12823 12853 33
12826 12858 266
12851 12862 149
12876 12923 125
12878 12905 31
12890 12922 57
12897 12901 287
12901 12926 128
12926 12972 288
12952 12999 105
12954 12980 231
12968 13014 167
12992 12999 156
13002 13035 287
13004 13028 74
13025 13028 78
13041 13068 217
13068 13074 125
13083 13109 144
13098 13135 51
13114 13151 181
13133 13160 241
13136 13165 182
13147 13151 125
13157 13164 209
13168 13172 255
13171 13204 190
13184 13202 49
13210 13215 270
13215 13263 231
13215 13234 275
13243 13279 142
13263 13273 98
13276 13291 290
13302 13345 150
13311 13313 260
13320 13330 6
13332 13354 21
13356 13395 178
13364 13390 275
13389 13403 125
13405 13438 67
13434 13460 177
13456 13479 257
13482 13514 77
13502 13523 148
13503 13545 48
13527 13566 275
13531 13580 102
13559 13566 155
13567 13569 145
13592 13622 270
13594 13614 93
13607 13632 61
13613 13648 128
13639 13640 240
13644 13682 202
13645 13679 50
13649 13661 150
13662 13682 61
13682 13726 277
13699 13722 213
13724 13742 221
13736 13770 187
13748 13789 73
13765 13771 73
13789 13814 136
13808 13847 287
13822 13845 223
13826 13858 94
13855 13868 167
13857 13898 247
13884 13899 115
13900 13918 37
13920 13926 110
13935 13951 114
13944 13982 7
13948 13983 300
13958 13991 15
13974 13975 66
13999 14049 248
14016 14044 262
14045 14090 27
14057 14065 37
14057 14066 52
14061 14096 175
14066 14069 110
14080 14083 236
14106 14155 29
14119 14143 241
14129 14133 9
14158 14160 136
14168 14216 271
14197 14202 259
14218 14232 173
14245 14261 77
14266 14298 180
14292 14296 54
14295 14332 104
14322 14344 85
14344 14349 10
14347 14380 91
14370 14409 170
14376 14412 138
14386 14392 236
14413 14418 244
14441 14463 236
14458 14459 149
14465 14484 113
14494 14511 64
14500 14526 267
14520 14539 102
14522 14567 151
14550 14588 293
14580 14592 152
14586 14588 30
14603 14631 99
14607 14651 191
14630 14639 274
14638 14664 196
14656 14703 154
14668 14687 43
14679 14692 170
14680 14692 261
14686 14730 135
14686 14695 16
14705 14713 87
14733 14777 11
14759 14797 290
