1000
29 45 224
43 62 251
46 57 274
52 58 81
59 94 297
82 123 74
101 105 229
108 124 284
108 135 227
137 152 265
148 150 266
153 168 203
159 184 236
161 178 129
177 185 23
192 240 137
220 228 125
233 263 210
233 269 197
243 261 251
263 304 67
263 284 240
266 296 261
272 291 235
272 318 110
292 340 88
293 334 205
319 345 60
330 336 194
360 389 90
367 393 27
368 391 27
384 426 233
408 416 184
418 465 225
431 475 245
454 463 197
471 479 173
501 535 27
530 571 169
535 584 257
543 573 85
544 549 75
559 591 105
572 585 263
572 622 132
578 590 166
587 611 242
606 642 41
615 650 124
615 663 23
624 637 42
630 646 164
659 669 236
684 708 3
704 711 53
719 748 140
721 739 112
738 780 276
754 772 300
761 811 264
791 835 123
818 841 153
821 833 270
829 865 281
841 872 208
860 903 237
863 905 163
883 904 259
890 911 245
900 949 99
902 952 299
914 924 145
923 960 22
936 983 252
964 1010 230
965 974 248
984 1006 131
989 991 32
1016 1032 190
1028 1052 5
1057 1089 204
1081 1108 8
1102 1124 137
1131 1168 145
1139 1184 129
1144 1149 132
1147 1158 120
1149 1152 97
1179 1201 82
1194 1204 152
1195 1230 47
1196 1211 231
1214 1232 160
1230 1260 169
1244 1254 52
1244 1277 230
1268 1299 254
1273 1290 115
1281 1291 55
1289 1299 197
1303 1323 36
1327 1360 79
1354 1374 16
1371 1373 38
1388 1422 45
1414 1431 228
1438 1479 235
1447 1497 17
1463 1464 252
1483 1508 257
1493 1497 168
1509 1510 17
1528 1541 168
1542 1590 194
1549 1559 74
1554 1599 77
1565 1606 170
1576 1609 48
1602 1618 204
1629 1640 158
1659 1691 5
1674 1722 252
1686 1698 3
1710 1746 181
1713 1756 224
1742 1752 251
1754 1799 73
1773 1779 128
1800 1804 137
1808 1833 230
1832 1849 10
1847 1850 21
1862 1876 100
1879 1895 83
1902 1918 19
1916 1918 15
1916 1960 128
1923 1951 49
1941 1954 67
1942 1958 155
1970 1983 222
1986 1993 9
2006 2023 261
2026 2055 1
2053 2088 70
2081 2120 19
2083 2099 221
2083 2112 219
2107 2153 21
2131 2148 167
2148 2171 213
2178 2223 121
2208 2257 147
2218 2246 112
2235 2242 268
2249 2266 300
2272 2281 259
2292 2308 255
2309 2356 265
2315 2324 202
2329 2334 294
2334 2383 280
2345 2377 191
2366 2385 74
2370 2402 75
2374 2376 282
2394 2439 276
2420 2427 248
2450 2465 90
2464 2478 55
2472 2510 18
2474 2505 187
2475 2512 65
2493 2509 139
2503 2534 220
2522 2532 193
2523 2558 125
2535 2577 101
2555 2599 171
2568 2580 193
2598 2611 177
2621 2637 184
2621 2659 176
2634 2683 244
2639 2671 13
2666 2714 159
2668 2689 170
2687 2730 44
2697 2716 48
2710 2734 268
2711 2724 157
2718 2750 222
2736 2758 108
2736 2778 96
2737 2748 229
2756 2764 162
2762 2765 178
2769 2807 49
2775 2809 116
2781 2784 89
2808 2819 116
2822 2839 243
2848 2891 19
2848 2892 198
2878 2887 127
2907 2934 201
2920 2968 124
2938 2987 14
2968 2969 285
2972 3011 5
2986 2997 90
3003 3025 121
3026 3071 111
3048 3076 116
3072 3099 88
3097 3118 175
3101 3143 3
3116 3145 7
3146 3151 33
3169 3210 63
3171 3201 18
3194 3226 59
3202 3247 266
3206 3208 209
3212 3220 93
3230 3239 84
3251 3274 274
3252 3254 207
3260 3287 65
3284 3317 74
3284 3311 287
3307 3329 300
3324 3337 108
3343 3369 143
3370 3376 55
3393 3440 90
3418 3421 275
3420 3459 174
3431 3471 64
3460 3483 237
3461 3470 293
3471 3519 273
3494 3512 34
3507 3532 124
3532 3553 203
3537 3577 134
3545 3590 62
3573 3611 24
3603 3607 4
3625 3649 172
3650 3687 238
3653 3654 55
3666 3679 91
3690 3724 157
3717 3745 269
3738 3778 259
3739 3746 137
3758 3769 147
3777 3792 13
3801 3826 208
3821 3839 153
3827 3836 2
3847 3853 202
3854 3881 100
3870 3903 104
3899 3902 145
3913 3935 272
3942 3978 278
3954 3968 195
3966 4002 49
3989 4000 227
3997 4005 228
4004 4005 11
4023 4062 21
4044 4070 53
4071 4121 120
4085 4118 159
4100 4108 227
4102 4143 31
4112 4115 289
4122 4154 18
4149 4152 295
4160 4167 84
4186 4195 158
4206 4210 27
4218 4260 124
4222 4225 91
4242 4285 298
4271 4317 222
4287 4302 212
4308 4349 204
4330 4372 3
4345 4350 280
4351 4358 74
4361 4383 200
4378 4420 155
4407 4414 231
4433 4438 281
4434 4437 132
4435 4446 116
4453 4475 127
4470 4481 250
4482 4524 116
4505 4555 88
4524 4526 142
4547 4597 138
4557 4591 95
4569 4613 67
4599 4639 246
4599 4636 109
4600 4650 222
4616 4657 199
4646 4676 197
4653 4701 241
4659 4684 1
4676 4721 97
4680 4704 299
4695 4717 292
4697 4707 65
4714 4718 99
4734 4743 139
4748 4788 238
4777 4785 118
4780 4800 102
4809 4830 89
4817 4832 3
4843 4879 99
4870 4875 298
4870 4904 196
4873 4887 282
4883 4895 145
4903 4929 223
4916 4949 80
4932 4933 49
4938 4946 22
4941 4986 19
4971 5019 210
4998 5015 157
5016 5057 60
5020 5067 116
5040 5077 38
5047 5059 69
5071 5077 41
5094 5137 74
5100 5107 198
5117 5132 138
5121 5142 73
5140 5151 55
5150 5198 176
5173 5182 261
5183 5218 88
5189 5200 172
5217 5259 1
5232 5269 32
5251 5252 291
5261 5290 46
5288 5307 269
5293 5302 233
5323 5342 127
5352 5389 54
5372 5409 285
5400 5419 285
5418 5448 43
5445 5463 250
5462 5501 50
5491 5507 108
5506 5517 136
5524 5545 215
5535 5578 60
5552 5558 76
5563 5584 133
5568 5609 14
5598 5611 35
5606 5627 92
5630 5655 205
5648 5676 269
5648 5661 218
5675 5717 242
5683 5715 225
5699 5725 264
5718 5749 24
5743 5766 165
5767 5808 93
5797 5817 141
5804 5819 245
5829 5833 267
5843 5867 40
5849 5895 259
5869 5918 242
5875 5890 25
5899 5947 233
5924 5926 264
5944 5965 270
5947 5994 8
5948 5998 131
5955 6001 204
5970 5989 72
5985 6031 81
6011 6020 12
6019 6054 271
6032 6072 134
6051 6091 124
6073 6096 18
6079 6092 189
6098 6142 86
6099 6111 221
6099 6147 251
6118 6128 285
6140 6188 234
6159 6167 56
6170 6198 63
6187 6222 183
6212 6215 106
6213 6215 224
6216 6260 117
6236 6254 124
6263 6290 89
6271 6311 23
6272 6300 162
6277 6278 231
6301 6333 184
6326 6355 97
6335 6341 271
6341 6370 203
6357 6376 175
6368 6376 160
6394 6403 142
6407 6451 131
6409 6436 297
6424 6428 249
6432 6454 211
6440 6474 290
6455 6479 23
6485 6527 251
6494 6543 116
6504 6513 41
6523 6564 264
6553 6559 73
6558 6602 210
6583 6600 211
6585 6605 120
6615 6664 268
6631 6663 256
6641 6644 24
6649 6661 119
6665 6667 112
6693 6709 205
6720 6746 137
6732 6760 279
6759 6794 138
6761 6779 224
6772 6775 291
6799 6808 193
6802 6841 236
6821 6850 140
6834 6854 110
6858 6907 7
6870 6910 198
6893 6939 120
6906 6942 34
6917 6958 104
6920 6950 144
6921 6961 256
6921 6929 287
6944 6988 17
6964 6973 53
6978 6994 185
6988 7005 142
6993 7011 12
6995 7018 222
7004 7053 167
7029 7075 190
7052 7092 42
7069 7089 119
7089 7110 145
7101 7133 184
7119 7122 164
7125 7127 92
7142 7155 105
7157 7180 217
7182 7216 86
7191 7210 273
7216 7265 36
7231 7246 147
7237 7283 68
7262 7289 164
7290 7328 155
7315 7339 9
7332 7343 174
7357 7401 288
7385 7427 24
7414 7417 248
7431 7448 214
7461 7484 12
7481 7487 105
7510 7555 217
7537 7561 135
7557 7600 89
7572 7579 60
7597 7599 249
7627 7642 300
7636 7685 102
7647 7697 80
7670 7712 10
7686 7717 13
7698 7717 167
7702 7748 263
7712 7752 54
7735 7778 133
7763 7797 88
7779 7828 129
7800 7806 71
7810 7860 113
7830 7849 57
7844 7851 277
7859 7889 22
7866 7908 17
7874 7908 121
7881 7882 34
7895 7925 235
7896 7909 156
7920 7924 27
7924 7946 24
7927 7977 163
7934 7979 103
7959 7961 138
7989 7998 111
8009 8057 6
8018 8028 280
8018 8046 86
8048 8064 94
8059 8098 203
8077 8125 68
8083 8124 207
8090 8118 143
8105 8126 183
8121 8130 241
8143 8180 102
8154 8163 253
8166 8214 120
8186 8196 14
8212 8230 107
8238 8270 253
8249 8270 233
8273 8322 138
8301 8303 186
8325 8372 84
8355 8389 145
8381 8403 176
8392 8401 12
8411 8438 231
8416 8433 196
8416 8421 246
8421 8460 245
8436 8446 294
8457 8506 204
8482 8527 107
8506 8554 193
8507 8544 32
8524 8572 156
8544 8592 251
8568 8597 148
8594 8641 131
8620 8629 158
8650 8654 76
8654 8704 47
8679 8725 75
8706 8717 101
8707 8729 48
8719 8764 196
8731 8768 129
8732 8762 168
8740 8779 259
8752 8774 225
8769 8809 64
8773 8777 197
8786 8832 53
8787 8800 125
8797 8840 27
8815 8845 200
8844 8863 220
8869 8909 47
8884 8892 249
8903 8943 193
8930 8977 192
8933 8953 185
8938 8945 41
8958 8995 65
8969 8986 38
8982 8998 282
8986 8996 250
9000 9022 45
9000 9015 11
9023 9051 41
9031 9073 241
9036 9041 266
9045 9064 96
9059 9092 27
9084 9121 197
9108 9139 81
9113 9152 35
9137 9173 282
9142 9147 86
9162 9172 56
9170 9171 79
9184 9231 106
9205 9253 238
9209 9215 122
9239 9245 201
9256 9293 174
9275 9287 281
9280 9287 181
9301 9315 217
9303 9319 272
9306 9333 70
9327 9331 201
9341 9357 92
9357 9363 176
9380 9427 94
9401 9421 84
9418 9439 69
9442 9443 220
9470 9476 157
9500 9550 266
9505 9519 156
9509 9552 282
9523 9538 43
9549 9568 89
9560 9571 107
9577 9619 184
9591 9598 173
9595 9622 136
9601 9630 130
9607 9627 295
9623 9648 272
9650 9659 225
9662 9678 219
9669 9710 118
9699 9733 22
9709 9753 73
9723 9770 20
9733 9765 277
9740 9777 106
9770 9781 115
9793 9831 285
9823 9873 275
9826 9849 50
9830 9866 261
9840 9867 222
9866 9912 297
9876 9877 223
9905 9916 295
9906 9943 24
9907 9930 26
9913 9921 3
9929 9931 226
9949 9996 290
9979 9980 134
10001 10021 143
10031 10076 243
10045 10062 256
10045 10068 244
10070 10072 259
10080 10100 89
10082 10091 125
10087 10100 14
10104 10117 89
10131 10145 75
10139 10187 136
10159 10182 61
10168 10195 37
10181 10223 232
10202 10241 189
10208 10227 18
10235 10264 237
10248 10272 101
10273 10299 296
10299 10329 80
10329 10364 226
10346 10389 247
10367 10417 109
10391 10400 206
10401 10450 205
10407 10438 195
10428 10476 266
10444 10453 68
10469 10490 213
10499 10546 37
10524 10561 7
10526 10570 203
10551 10562 54
10562 10588 129
10583 10603 134
10587 10590 149
10607 10621 75
10637 10645 166
10638 10683 219
10649 10688 163
10660 10709 48
10669 10687 18
10687 10690 171
10712 10717 95
10742 10790 193
10757 10796 38
10766 10796 246
10779 10782 97
10784 10799 59
10794 10820 77
10794 10835 294
10823 10836 104
10842 10863 224
10854 10863 16
10854 10869 53
10881 10892 104
10897 10944 34
10897 10929 119
10925 10968 115
10934 10956 178
10944 10948 185
10948 10991 69
10975 10998 172
10979 11028 163
11006 11029 181
11007 11028 83
11015 11062 112
11028 11074 51
11031 11056 145
11052 11102 13
11063 11097 61
11084 11125 131
11085 11114 100
11111 11140 184
11118 11133 12
11139 11179 211
11147 11174 99
11151 11177 142
11153 11154 266
11173 11221 210
11178 11227 44
11204 11230 243
11214 11253 270
11237 11275 3
11248 11256 218
11255 11287 150
11279 11308 95
11296 11301 196
11309 11342 2
11313 11343 254
11332 11354 178
11346 11379 119
11352 11366 271
11371 11416 216
11386 11431 30
11396 11431 243
11403 11405 230
11430 11437 193
11433 11436 172
11445 11449 116
11470 11518 254
11480 11484 242
11494 11539 219
11516 11536 104
11519 11548 231
11544 11572 243
11549 11566 287
11578 11601 297
11580 11616 56
11586 11605 11
11597 11619 208
11626 11647 237
11628 11636 252
11653 11697 121
11679 11688 42
11705 11755 255
11715 11762 56
11722 11730 264
11739 11771 151
11765 11777 178
11795 11804 104
11822 11853 257
11834 11844 146
11838 11855 140
11853 11899 183
11874 11918 132
11884 11930 173
11912 11934 160
11936 11982 200
11940 11944 172
11957 11996 133
11971 11982 197
11985 12006 48
11990 11999 212
12012 12048 28
12042 12092 127
12064 12093 111
12084 12095 169
12105 12149 294
12127 12161 211
12140 12168 217
12156 12193 244
12183 12221 100
12208 12218 232
12219 12226 157
12223 12235 150
12248 12262 143
12270 12298 40
12287 12318 152
12289 12334 101
12297 12304 173
12310 12330 211
12331 12373 234
12353 12365 86
12374 12398 74
12381 12422 58
12384 12425 18
12413 12420 46
12418 12436 122
12433 12473 101
12456 12486 116
12456 12483 176
12481 12523 218
12508 12551 58
12517 12551 47
12529 12542 134
12530 12531 120
12543 12582 297
12543 12592 223
12561 12589 207
12585 12635 100
12589 12605 124
12601 12622 90
12623 12648 279
12627 12673 226
12645 12662 113
12674 12707 133
12679 12717 253
12695 12730 196
12722 12753 94
12722 12741 72
12725 12775 85
12737 12743 140
12759 12789 145
12765 12772 119
12778 12789 140
12789 12797 266
12813 12819 137
12842 12859 252
12867 12890 127
12881 12902 69
12909 12923 116
12935 12947 141
12963 13007 205
12980 13007 123
12995 13032 174
12997 13042 14
13025 13070 244
13039 13079 295
13042 13043 85
13053 13078 104
13072 13087 153
13091 13103 56
13108 13134 252
13130 13133 18
13150 13155 116
13172 13193 300
13187 13188 76
13188 13211 259
13188 13200 6
13210 13224 281
13231 13265 258
13254 13280 274
13258 13292 184
13268 13309 176
13286 13297 8
13315 13339 33
13329 13362 27
13338 13365 261
13342 13383 148
13348 13351 151
13352 13364 193
13367 13387 134
13386 13396 5
13411 13442 103
13423 13461 274
13430 13438 237
13443 13463 235
13462 13495 217
13480 13509 45
13491 13531 83
13496 13506 87
13524 13567 111
13549 13589 197
13567 13616 255
13575 13597 204
13602 13619 248
13629 13670 196
13639 13671 197
13640 13668 29
13656 13667 26
13665 13670 274
13689 13722 211
13719 13750 227
13730 13745 68
13739 13772 230
13769 13801 176
13775 13793 117
13778 13800 216
13780 13781 38
13785 13817 208
13790 13812 189
13794 13814 279
13818 13835 235
13835 13863 195
13849 13870 211
13854 13903 31
13882 13890 32
13910 13938 59
13937 13943 201
13937 13948 123
13942 13968 238
13966 13978 229
13996 14018 101
14018 14039 121
14040 14059 162
14059 14090 197
14065 14075 123
14092 14100 247
14095 14108 77
14105 14130 273
14134 14149 4
14147 14160 191
14165 14193 157
14166 14195 92
14174 14208 135
14177 14198 177
14185 14228 76
14213 14241 202
14235 14264 92
14259 14271 81
14261 14298 29
14283 14303 57
14307 14343 20
14321 14369 120
14325 14334 105
14332 14349 169
14337 14343 84
14350 14378 32
14374 14380 107
14386 14390 51
14415 14417 286
14436 14444 39
14449 14475 164
14464 14477 71
14485 14525 110
14487 14529 90
14516 14555 279
14532 14552 178
14555 14568 116
14576 14603 91
14576 14626 219
14594 14607 179
14605 14631 72
14627 14653 214
14652 14665 48
14653 14684 254
14666 14691 253
14674 14700 46
14683 14717 7
14685 14717 45
14706 14707 57
14721 14757 94
14736 14753 149
14754 14778 197
14778 14803 127
14806 14856 87
14812 14839 22
14828 14870 87
14851 14896 160
14857 14862 137
14865 14915 293
14882 14894 237
14883 14907 218
14883 14916 20
14893 14899 26
14894 14938 172
14917 14957 16
14930 14969 144
14946 14983 213
14964 14983 240
14973 14982 225
14977 15012 70
14991 15016 251
15015 15057 236
15035 15072 113
15047 15090 294
15058 15065 101
15060 15110 244
15068 15075 135
15079 15105 35
