1000
7 38 171
10 47 134
21 61 111
40 63 73
70 94 71
81 88 182
83 120 4
86 112 199
110 148 29
133 164 208
136 176 259
142 174 79
172 175 229
200 211 200
212 222 219
220 223 85
220 241 222
228 253 225
252 295 221
264 306 204
294 304 66
304 331 1
317 345 61
329 369 168
333 334 5
356 384 112
362 410 265
366 402 169
369 407 89
369 375 239
398 406 1
403 436 155
413 460 154
434 440 87
448 478 162
453 454 288
468 495 38
486 536 239
492 514 278
494 505 46
508 510 250
528 554 93
554 555 164
569 615 291
592 626 60
616 643 240
630 670 210
630 661 95
643 652 276
656 700 64
665 712 160
680 707 184
696 721 151
701 735 223
709 713 75
730 773 241
734 754 39
745 750 76
763 800 163
791 808 48
801 845 40
825 836 118
825 835 114
848 859 262
859 879 243
874 909 297
893 910 228
923 928 80
926 968 274
946 949 78
950 971 222
951 974 189
952 983 254
981 992 255
985 1032 153
995 1008 207
1003 1029 93
1014 1046 72
1044 1051 288
1046 1066 161
1072 1109 258
1078 1084 11
1100 1133 169
1117 1152 249
1145 1194 65
1173 1197 175
1175 1195 117
1191 1216 258
1200 1233 60
1226 1269 125
1247 1285 84
1254 1287 209
1284 1288 32
1288 1291 183
1291 1315 129
1296 1339 33
1306 1343 299
1312 1334 147
1320 1355 162
1350 1358 145
1358 1390 112
1371 1398 232
1379 1411 209
1399 1427 246
1424 1441 167
1441 1477 293
1449 1465 19
1476 1503 32
1484 1524 86
1495 1516 106
1509 1548 136
1535 1581 125
1559 1588 240
1560 1609 218
1577 1602 108
1586 1588 199
1607 1612 143
1632 1654 142
1641 1665 273
1647 1667 82
1661 1704 92
1663 1704 246
1665 1684 273
1677 1714 159
1704 1743 160
1715 1726 119
1727 1761 203
1733 1749 45
1740 1790 92
1756 1782 218
1763 1765 145
1780 1793 190
1780 1824 163
1806 1834 157
1823 1826 116
1840 1869 197
1845 1853 248
1854 1857 23
1879 1890 285
1884 1913 226
1894 1903 258
1922 1966 74
1950 1987 201
1955 2001 198
1979 1986 47
1981 2026 154
1994 2019 129
2009 2027 17
2012 2038 174
2039 2062 223
2059 2087 185
2088 2098 288
2095 2132 148
2097 2142 4
2122 2144 80
2124 2128 154
2132 2176 248
2139 2157 24
2156 2162 269
2164 2173 49
2169 2186 180
2175 2207 3
2182 2212 33
2202 2239 166
2216 2266 37
2224 2240 159
2230 2246 232
2244 2255 201
2251 2273 207
2274 2278 57
2291 2317 54
2307 2311 276
2328 2347 14
2345 2348 80
2366 2402 97
2376 2420 256
2402 2412 128
2413 2455 194
2432 2435 17
2442 2492 163
2467 2474 245
2481 2525 256
2490 2537 162
2513 2532 171
2537 2571 185
2537 2544 189
2565 2570 24
2569 2572 203
2582 2630 225
2589 2598 4
2602 2632 206
2614 2616 226
2625 2661 269
2631 2642 237
2653 2665 31
2655 2675 6
2673 2687 91
2681 2730 71
2699 2703 25
2723 2729 204
2753 2788 219
2763 2770 135
2781 2828 29
2794 2815 68
2805 2829 20
2823 2839 126
2841 2873 255
2861 2874 191
2889 2916 5
2910 2939 9
2914 2953 120
2920 2950 273
2944 2994 173
2958 3008 179
2970 2997 268
2984 3007 247
2998 3045 172
3024 3046 170
3039 3045 291
3056 3104 56
3072 3082 277
3082 3132 47
3102 3140 86
3130 3148 125
3141 3177 34
3147 3158 154
3167 3196 200
3193 3205 230
3207 3251 267
3227 3230 258
3251 3294 55
3252 3254 264
3267 3307 288
3275 3295 182
3297 3331 272
3320 3344 239
3348 3352 90
3366 3388 250
3381 3392 12
3402 3415 13
3412 3432 230
3434 3467 203
3460 3464 87
3472 3509 135
3500 3502 90
3512 3519 195
3540 3581 75
3548 3558 13
3559 3591 162
3561 3578 233
3583 3586 255
3584 3609 135
3611 3657 128
3621 3631 289
3624 3640 26
3628 3667 290
3638 3662 294
3651 3672 300
3666 3705 114
3683 3726 230
3708 3742 282
3732 3736 192
3736 3763 52
3764 3781 198
3787 3813 123
3792 3823 17
3817 3854 128
3829 3877 141
3848 3886 255
3862 3887 169
3890 3928 259
3917 3948 116
3917 3963 175
3947 3996 189
3962 3997 101
3992 4041 47
4010 4018 243
4021 4060 112
4045 4061 18
4069 4090 79
4095 4104 131
4105 4124 55
4113 4153 188
4115 4141 151
4138 4149 268
4160 4171 93
4184 4225 141
4189 4195 153
4212 4227 46
4214 4260 250
4215 4216 101
4226 4238 4
4239 4281 160
4244 4273 170
4256 4287 296
4275 4293 61
4288 4330 155
4312 4316 255
4331 4335 29
4343 4384 274
4373 4413 136
4375 4418 263
4402 4444 25
4428 4433 105
4440 4459 74
4455 4493 277
4478 4521 64
4502 4520 232
4532 4538 44
4554 4584 169
4578 4609 138
4578 4607 56
4585 4624 57
4614 4664 166
4618 4628 155
4630 4649 258
4638 4664 143
4654 4680 24
4669 4694 155
4693 4742 146
4718 4743 125
4726 4745 264
4747 4785 209
4774 4783 43
4788 4835 205
4807 4822 161
4814 4832 156
4843 4874 73
4859 4908 249
4877 4896 181
4887 4899 293
4905 4946 190
4924 4956 102
4932 4939 106
4942 4982 48
4971 4973 68
4971 4972 181
4994 5023 290
5003 5038 223
5032 5038 218
5052 5064 22
5082 5126 47
5086 5124 224
5106 5122 33
5135 5164 12
5151 5182 30
5179 5204 128
5194 5242 232
5213 5236 231
5228 5269 269
5240 5289 84
5242 5267 34
5265 5273 226
5283 5322 161
5294 5313 231
5309 5342 236
5335 5368 27
5354 5399 184
5366 5384 167
5366 5404 9
5382 5413 230
5405 5433 275
5430 5467 92
5448 5468 164
5478 5528 156
5490 5530 31
5509 5529 227
5536 5538 234
5555 5569 56
5572 5583 172
5580 5581 168
5592 5597 154
5617 5634 202
5621 5655 225
5636 5654 276
5654 5660 7
5682 5722 92
5709 5733 141
5733 5748 238
5743 5766 242
5770 5774 279
5786 5825 123
5801 5812 203
5824 5848 261
5834 5873 293
5853 5896 19
5853 5854 29
5856 5893 256
5877 5906 244
5885 5899 148
5901 5937 49
5909 5927 218
5926 5932 90
5929 5938 248
5942 5957 187
5943 5955 198
5943 5969 217
5963 5984 44
5974 5987 225
5980 5987 215
5999 6023 215
6002 6044 64
6004 6053 6
6025 6066 27
6044 6075 18
6046 6091 199
6050 6094 5
6063 6075 227
6082 6124 19
6090 6106 30
6103 6131 111
6117 6124 52
6135 6141 8
6156 6170 103
6160 6206 181
6173 6174 102
6203 6218 266
6221 6231 275
6226 6242 206
6238 6266 111
6258 6271 111
6277 6286 43
6291 6336 69
6310 6340 162
6339 6357 198
6344 6348 68
6374 6396 91
6375 6397 168
6388 6398 68
6391 6392 181
6408 6438 72
6408 6427 288
6421 6442 242
6449 6473 99
6468 6492 188
6477 6523 40
6502 6539 233
6503 6512 29
6519 6522 78
6539 6545 41
6565 6598 97
6572 6621 102
6572 6574 91
6592 6632 295
6617 6654 28
6639 6677 244
6664 6702 20
6692 6714 167
6720 6745 195
6745 6792 132
6771 6792 99
6789 6822 1
6808 6841 149
6833 6879 293
6844 6882 28
6855 6871 109
6874 6913 183
6894 6904 211
6896 6933 40
6911 6924 169
6933 6948 57
6949 6988 178
6970 6981 187
6986 7023 239
7010 7036 186
7032 7040 57
7048 7068 23
7057 7075 203
7087 7124 86
7111 7115 96
7128 7144 72
7143 7170 85
7156 7195 130
7179 7193 161
7191 7225 198
7196 7205 296
7212 7247 299
7228 7240 158
7254 7274 137
7280 7281 18
7290 7300 156
7307 7355 56
7315 7329 226
7338 7377 267
7354 7387 93
7383 7397 23
7406 7409 35
7424 7451 267
7439 7484 151
7453 7501 105
7474 7515 147
7497 7502 51
7513 7540 115
7518 7540 149
7535 7542 243
7549 7554 107
7577 7609 40
7595 7603 123
7608 7625 114
7624 7629 191
7639 7659 97
7641 7665 168
7649 7696 293
7671 7697 168
7693 7732 293
7721 7740 73
7723 7724 226
7751 7789 288
7768 7787 167
7783 7818 230
7798 7833 59
7810 7849 121
7812 7829 212
7821 7831 42
7822 7840 151
7822 7832 143
7843 7845 115
7860 7896 38
7882 7922 6
7890 7891 159
7908 7943 267
7911 7937 114
7931 7949 82
7952 7966 77
7967 7996 28
7976 8026 145
8005 8023 27
8012 8052 224
8028 8040 47
8041 8044 69
8063 8112 130
8087 8116 107
8098 8123 106
8104 8147 217
8120 8168 119
8120 8125 250
8144 8189 201
8172 8205 10
8184 8191 166
8188 8210 231
8213 8222 193
8238 8248 52
8255 8277 279
8268 8300 25
8297 8328 57
8314 8325 183
8340 8366 115
8356 8388 84
8362 8367 280
8371 8374 102
8385 8423 23
8395 8397 224
8401 8407 37
8425 8445 289
8454 8461 238
8455 8484 76
8468 8517 239
8489 8515 79
8514 8516 136
8523 8551 102
8533 8580 74
8559 8566 145
8567 8570 9
8587 8621 83
8595 8598 162
8598 8620 127
8619 8657 111
8638 8650 119
8660 8701 169
8661 8664 103
8663 8681 96
8668 8672 65
8686 8712 114
8712 8757 95
8714 8736 2
8723 8734 273
8751 8799 31
8762 8779 3
8775 8803 289
8805 8839 115
8811 8855 257
8821 8831 206
8839 8886 95
8864 8886 95
8892 8895 287
8904 8949 196
8917 8919 243
8928 8964 167
8953 8966 117
8965 8976 228
8973 8982 73
8975 9006 207
8983 8984 238
9001 9016 115
9029 9042 29
9048 9067 228
9051 9066 51
9069 9073 89
9096 9102 266
9125 9132 238
9154 9164 185
9158 9166 224
9158 9190 177
9184 9198 84
9194 9228 118
9195 9207 127
9210 9225 109
9235 9267 69
9262 9286 190
9287 9310 144
9295 9342 125
9296 9309 195
9303 9304 115
9303 9349 68
9318 9351 189
9343 9374 60
9365 9381 138
9370 9420 289
9397 9420 234
9427 9443 166
9453 9491 8
9462 9467 151
9470 9507 229
9497 9532 88
9508 9546 135
9536 9566 222
9537 9580 69
9565 9610 103
9582 9599 203
9588 9596 15
9594 9609 292
9604 9633 282
9619 9623 236
9625 9674 28
9634 9677 63
9660 9670 107
9686 9688 199
9690 9720 134
9705 9725 84
9716 9756 131
9737 9743 256
9746 9794 291
9756 9773 236
9757 9802 78
9775 9812 86
9801 9837 162
9812 9825 47
9842 9864 143
9872 9874 7
9877 9915 24
9901 9914 281
9924 9962 143
9936 9963 217
9955 9999 297
9983 9991 288
9999 10026 46
10019 10055 189
10020 10028 117
10022 10037 155
10038 10058 12
10046 10070 232
10060 10062 8
10068 10109 95
10084 10096 162
10100 10125 100
10115 10120 154
10124 10133 292
10135 10152 167
10158 10175 2
10170 10193 239
10183 10197 84
10206 10241 181
10207 10227 50
10215 10255 223
10233 10280 228
10261 10301 55
10261 10271 71
10262 10294 298
10269 10271 186
10290 10329 247
10317 10349 210
10327 10369 285
10327 10338 131
10342 10344 161
10365 10411 121
10391 10395 247
10406 10448 275
10435 10475 68
10455 10489 193
10468 10476 55
10491 10535 47
10498 10506 134
10506 10519 193
10528 10567 122
10550 10595 84
10573 10586 241
10581 10605 274
10586 10616 34
10589 10621 174
10612 10632 3
10621 10647 114
10635 10663 12
10661 10710 266
10669 10701 1
10680 10726 166
10691 10700 262
10691 10714 202
10692 10717 290
10709 10751 142
10736 10743 244
10760 10793 24
10771 10811 269
10782 10792 88
10805 10837 283
10820 10865 88
10842 10871 213
10872 10877 137
10902 10946 15
10917 10960 7
10926 10975 289
10952 10969 163
10957 10971 171
10970 10988 278
10978 11001 199
10986 11019 13
10987 11028 17
11017 11058 256
11034 11063 155
11044 11057 157
11057 11096 203
11080 11130 282
11098 11129 141
11124 11138 75
11127 11160 222
11130 11138 299
11159 11192 162
11185 11229 223
11207 11236 228
11233 11271 224
11237 11238 246
11245 11294 87
11270 11297 145
11285 11290 248
11309 11311 286
11329 11339 62
11331 11345 47
11336 11385 13
11365 11367 32
11375 11418 45
11393 11437 151
11417 11460 244
11427 11435 4
11455 11489 172
11463 11498 71
11464 11511 123
11484 11532 37
11484 11485 277
11495 11506 63
11499 11535 94
11516 11529 234
11544 11564 290
11558 11573 249
11568 11577 275
11590 11633 216
11619 11666 204
11634 11665 23
11642 11676 87
11646 11690 113
11674 11698 195
11685 11691 127
11709 11737 45
11736 11766 90
11738 11758 299
11740 11782 143
11744 11785 221
11753 11762 36
11761 11803 218
11781 11793 193
11789 11797 69
11793 11833 26
11810 11851 276
11838 11883 130
11862 11893 108
11863 11886 214
11864 11871 20
11887 11913 105
11908 11910 33
11922 11947 187
11929 11956 90
11954 12003 281
11957 12000 104
11987 12005 131
11995 12029 16
12000 12011 288
12027 12070 39
12032 12047 94
12042 12067 251
12065 12105 48
12090 12130 80
12100 12136 131
12109 12148 170
12121 12146 157
12151 12171 178
12161 12172 215
12168 12209 21
12172 12220 57
12180 12209 197
12194 12230 206
12203 12227 85
12225 12228 223
12244 12270 160
12247 12293 1
12264 12273 54
12275 12287 134
12277 12291 256
12307 12336 9
12311 12360 176
12322 12358 294
12324 12365 174
12330 12351 149
12334 12369 293
12358 12381 264
12363 12407 92
12376 12419 36
12395 12426 195
12413 12459 117
12430 12468 202
12432 12457 80
12462 12467 77
12486 12507 13
12514 12559 256
12521 12540 196
12530 12542 86
12538 12576 58
12564 12601 226
12566 12599 7
12592 12601 39
12609 12653 147
12630 12665 163
12655 12704 51
12659 12681 154
12671 12683 6
12686 12690 247
12709 12726 259
12738 12773 47
12763 12774 191
12787 12822 164
12802 12816 43
12819 12855 297
12840 12861 296
12870 12914 185
12885 12891 54
12899 12949 17
12901 12916 299
12904 12926 277
12905 12916 162
12920 12960 68
12929 12935 79
12953 12956 287
12962 12984 168
12976 13025 112
12994 13008 6
13003 13040 241
13016 13045 270
13031 13064 99
13042 13048 48
13049 13069 80
13065 13068 160
13080 13119 149
13084 13101 60
13089 13123 114
13113 13145 188
13119 13124 63
13135 13171 84
13146 13173 134
13159 13189 207
13172 13212 124
13181 13210 283
13194 13235 55
13199 13212 44
13223 13232 171
13233 13261 139
13247 13279 80
13275 13300 163
13286 13302 2
13307 13313 102
13336 13372 281
13350 13394 34
13373 13391 135
13381 13409 179
13395 13438 264
13413 13421 160
13418 13436 179
13443 13462 124
13460 13478 57
13483 13527 107
13492 13498 261
13497 13517 276
13518 13524 211
13525 13527 64
13551 13557 241
13556 13557 156
13567 13585 36
13579 13591 217
13590 13640 105
13599 13621 252
13614 13655 166
13640 13689 93
13662 13678 44
13665 13708 160
13692 13738 94
13702 13723 65
13716 13738 158
13739 13741 244
13739 13762 285
13761 13774 131
13773 13787 182
13803 13820 218
13821 13855 197
13845 13863 129
13862 13910 117
13890 13904 3
13917 13931 202
13931 13976 118
13948 13962 234
13974 14019 237
13977 14006 186
13998 14021 74
14000 14019 18
14000 14032 169
14002 14036 267
14015 14017 74
14017 14043 117
14035 14053 123
14052 14072 137
14055 14072 195
14067 14070 192
14081 14084 30
14099 14138 12
14115 14120 264
14141 14159 103
14155 14191 297
14166 14210 29
14188 14223 216
14206 14216 34
14207 14251 55
14233 14249 54
14245 14263 278
14260 14294 29
14263 14301 298
14290 14332 69
14317 14361 300
14320 14328 143
14346 14348 147
14348 14369 199
14371 14412 208
14379 14383 45
14400 14416 29
14425 14450 160
14437 14471 68
14437 14481 102
14439 14458 169
14441 14448 90
14443 14492 159
14468 14510 76
14473 14522 128
14488 14497 38
14500 14533 298
14519 14562 123
14530 14544 183
14555 14593 203
14557 14566 60
14580 14621 193
14583 14597 12
14592 14640 204
14607 14618 34
14617 14648 7
14629 14664 247
14640 14689 298
14662 14707 233
14675 14722 264
14685 14699 215
14688 14696 189
14716 14728 168
14721 14734 90
14750 14783 61
14757 14764 139
14786 14794 162
14805 14831 120
14812 14817 211
14823 14852 204
14840 14879 108
14853 14874 178
14870 14881 265
14898 14909 238
14919 14956 273
14922 14964 296
14933 14978 137
14959 14977 51
14971 14988 136
