1000
9 51 103
21 69 262
51 72 68
73 107 210
102 128 219
115 123 94
144 161 51
161 202 80
175 185 252
186 188 129
189 209 226
196 232 73
223 242 247
248 249 280
270 290 149
289 328 7
299 349 8
315 345 97
343 372 73
367 397 85
371 373 182
386 395 232
407 421 249
417 457 95
434 473 81
440 479 273
440 444 241
455 465 137
461 497 226
461 471 221
487 522 105
507 556 131
521 531 42
529 566 256
538 585 27
564 595 274
583 613 268
609 653 71
625 654 55
625 661 280
627 663 71
652 680 73
662 686 127
680 724 123
696 705 64
696 710 118
709 736 19
726 745 17
733 741 40
750 784 253
752 768 25
755 802 100
776 794 70
777 792 273
790 831 247
792 798 48
804 820 181
813 854 211
828 849 282
828 868 47
846 892 174
873 899 21
879 886 265
879 928 178
897 928 286
918 925 139
939 945 275
954 966 156
964 984 113
968 971 291
971 1020 52
999 1042 33
1001 1032 286
1026 1065 285
1039 1079 120
1045 1071 258
1058 1101 291
1081 1128 264
1100 1138 184
1129 1152 129
1148 1186 6
1167 1200 28
1173 1201 13
1189 1230 266
1219 1222 32
1235 1246 54
1241 1287 292
1250 1280 106
1280 1300 247
1295 1303 227
1320 1346 237
1330 1379 225
1358 1368 133
1361 1370 24
1390 1419 292
1407 1457 7
1416 1465 63
1417 1463 265
1436 1453 114
1444 1491 288
1473 1520 275
1487 1537 120
1515 1522 186
1534 1541 95
1549 1584 291
1572 1603 38
1585 1627 265
1598 1609 175
1625 1653 18
1641 1691 227
1667 1698 245
1670 1718 255
1695 1732 150
1699 1726 153
1727 1774 175
1741 1782 190
1743 1751 32
1752 1772 193
1753 1778 30
1777 1795 124
1801 1809 289
1810 1814 43
1831 1860 188
1835 1856 284
1857 1892 11
1865 1903 144
1891 1927 186
1910 1951 83
1929 1951 300
1952 1970 210
1960 1983 223
1977 2005 126
1998 2018 152
2005 2016 165
2013 2030 261
2013 2042 12
2022 2052 74
2044 2053 69
2051 2080 57
2061 2096 94
2076 2092 246
2084 2119 176
2084 2130 8
2087 2088 230
2107 2156 248
2123 2156 64
2134 2167 246
2163 2175 238
2167 2181 97
2168 2170 51
2182 2214 300
2209 2211 256
2234 2259 105
2243 2256 249
2272 2292 27
2284 2306 270
2308 2337 188
2322 2358 159
2347 2365 218
2362 2390 128
2369 2389 220
2386 2429 45
2394 2433 175
2402 2431 259
2429 2465 124
2438 2439 257
2461 2464 18
2471 2477 197
2494 2504 200
2499 2544 53
2527 2534 290
2545 2549 90
2554 2585 254
2574 2609 15
2589 2620 283
2599 2633 281
2611 2637 167
2613 2621 136
2626 2663 148
2629 2674 257
2642 2644 96
2664 2707 37
2685 2689 250
2712 2741 289
2731 2761 294
2749 2759 136
2774 2816 83
2778 2826 54
2803 2838 195
2811 2842 123
2830 2877 42
2859 2909 201
2879 2909 112
2907 2950 78
2911 2949 279
2936 2973 74
2945 2959 31
2949 2986 180
2950 2967 276
2957 2966 293
2964 3002 54
2976 3021 196
2998 3015 101
3021 3066 87
3051 3080 154
3076 3123 102
3095 3110 174
3115 3142 154
3139 3175 73
3159 3203 42
3185 3217 243
3208 3217 93
3210 3233 143
3229 3272 273
3242 3253 140
3251 3254 34
3260 3290 27
3271 3284 25
3288 3337 71
3315 3346 96
3340 3358 180
3341 3366 71
3369 3402 65
3384 3409 48
3398 3415 118
3424 3433 83
3435 3451 66
3464 3485 35
3473 3521 56
3479 3485 265
3480 3502 298
3493 3526 179
3513 3551 153
3538 3545 130
3538 3586 83
3557 3593 250
3571 3576 172
3588 3610 205
3598 3640 231
3611 3646 241
3628 3672 71
3640 3665 71
3656 3681 121
3662 3707 53
3687 3729 296
3695 3735 98
3719 3755 276
3741 3776 33
3753 3758 33
3776 3785 120
3798 3799 1
3809 3845 41
3812 3824 25
3842 3890 67
3851 3881 30
3864 3866 176
3890 3912 103
3919 3928 30
3921 3922 118
3936 3964 245
3942 3990 205
3953 3986 182
3980 4029 194
4007 4022 212
4022 4031 256
4022 4046 62
4049 4051 192
4067 4093 45
4071 4080 112
4076 4080 293
4083 4093 143
4092 4124 60
4110 4123 228
4137 4167 75
4147 4191 50
4175 4188 84
4179 4200 122
4180 4218 8
4184 4193 248
4207 4257 218
4229 4253 225
4245 4290 227
4270 4293 125
4284 4293 47
4311 4313 86
4325 4368 68
4343 4391 118
4362 4402 37
4365 4388 50
4384 4406 52
4397 4405 192
4413 4427 288
4429 4436 225
4450 4482 297
4468 4498 158
4481 4490 211
4487 4509 3
4497 4538 217
4513 4517 66
4513 4522 252
4535 4584 169
4560 4580 258
4563 4583 145
4576 4590 121
4589 4613 220
4593 4614 288
4604 4622 27
4623 4661 218
4647 4653 131
4648 4651 59
4657 4700 110
4684 4732 147
4686 4728 122
4714 4731 281
4741 4775 127
4750 4779 237
4759 4769 144
4761 4771 92
4763 4766 10
4778 4787 270
4808 4839 31
4829 4852 95
4845 4880 238
4862 4869 187
4864 4873 93
4869 4905 162
4890 4893 81
4915 4934 28
4934 4935 190
4958 4990 37
4971 4993 77
4994 5011 80
5022 5050 55
5033 5060 11
5033 5068 244
5046 5095 53
5075 5102 187
5090 5106 223
5118 5161 158
5127 5168 248
5143 5185 281
5144 5185 63
5172 5182 164
5176 5220 211
5186 5206 85
5204 5209 259
5230 5268 143
5244 5283 265
5248 5266 186
5276 5295 237
5305 5340 208
5320 5342 256
5340 5373 262
5360 5403 157
5373 5399 29
5374 5400 66
5376 5425 91
5376 5422 260
5399 5423 296
5412 5442 185
5415 5416 45
5433 5439 204
5442 5450 17
5445 5486 47
5445 5447 114
5445 5477 169
5451 5491 198
5468 5517 239
5472 5491 72
5476 5500 84
5496 5507 224
5512 5558 108
5515 5551 1
5535 5551 172
5557 5570 76
5572 5596 186
5582 5600 81
5605 5647 106
5622 5625 163
5632 5670 180
5653 5690 117
5663 5704 177
5679 5719 135
5687 5716 99
5697 5735 184
5712 5733 136
5736 5769 241
5762 5768 14
5790 5811 177
5798 5800 66
5801 5833 240
5830 5848 47
5831 5855 137
5832 5864 77
5842 5863 290
5865 5897 130
5884 5932 72
5903 5935 280
5917 5936 162
5945 5973 109
5949 5997 159
5979 6008 10
5985 6023 168
6004 6037 108
6031 6053 289
6057 6092 85
6060 6070 8
6066 6075 88
6088 6127 109
6118 6154 278
6147 6190 218
6160 6186 67
6182 6190 41
6204 6225 215
6205 6249 228
6211 6231 31
6241 6254 1
6255 6280 72
6275 6317 128
6283 6322 88
6310 6322 251
6325 6340 33
6332 6349 124
6345 6369 205
6346 6355 196
6367 6394 54
6371 6390 47
6373 6419 190
6403 6430 189
6403 6433 218
6428 6436 63
6432 6454 134
6449 6492 100
6460 6483 70
6466 6471 226
6491 6513 239
6494 6532 9
6524 6538 29
6532 6538 126
6548 6577 42
6567 6590 172
6596 6604 10
6596 6627 9
6603 6645 201
6620 6627 199
6621 6642 143
6624 6666 69
6650 6680 87
6661 6695 170
6670 6719 36
6695 6726 269
6724 6763 108
6736 6761 283
6766 6789 239
6788 6825 142
6817 6853 193
6838 6885 9
6838 6869 22
6845 6847 33
6866 6894 61
6877 6918 69
6889 6896 84
6901 6925 166
6912 6928 118
6914 6954 224
6933 6944 18
6934 6962 296
6938 6974 154
6949 6984 56
6955 6986 103
6958 6963 117
6972 6985 232
6996 7041 226
7018 7050 128
7021 7063 217
7023 7030 265
7035 7079 252
7035 7060 43
7050 7053 284
7064 7099 105
7091 7103 124
7094 7125 206
7119 7151 258
7120 7125 49
7147 7156 149
7162 7174 107
7188 7235 144
7218 7221 199
7235 7236 91
7257 7273 162
7257 7269 56
7259 7291 274
7276 7318 283
7297 7314 291
7324 7330 110
7329 7346 300
7342 7388 36
7355 7380 90
7359 7408 299
7370 7389 56
7377 7382 156
7388 7390 84
7413 7449 164
7425 7450 198
7440 7482 245
7440 7465 1
7459 7502 85
7481 7516 278
7491 7520 150
7509 7510 179
7516 7561 118
7519 7546 227
7536 7557 176
7546 7595 153
7555 7569 247
7578 7590 198
7599 7646 139
7604 7617 2
7608 7622 82
7623 7670 30
7649 7684 234
7649 7688 187
7665 7670 74
7667 7703 167
7680 7718 92
7685 7691 118
7692 7713 244
7704 7713 137
7716 7744 25
7724 7771 215
7734 7756 28
7751 7784 119
7760 7784 247
7770 7803 227
7784 7808 80
7813 7842 208
7841 7858 284
7844 7847 204
7851 7853 254
7873 7878 120
7900 7905 278
7922 7971 19
7928 7969 61
7938 7979 53
7938 7973 93
7948 7964 256
7951 7992 69
7956 7971 84
7960 7998 159
7971 8012 281
7984 7995 206
8012 8050 7
8031 8035 159
8042 8082 205
8063 8109 179
8092 8122 140
8120 8151 100
8146 8155 8
8147 8188 58
8152 8174 294
8168 8209 117
8182 8210 44
8202 8234 20
8232 8236 156
8250 8269 286
8270 8275 215
8291 8337 180
8300 8303 262
8306 8336 88
8312 8339 126
8319 8362 282
8332 8352 173
8337 8387 126
8349 8366 72
8361 8402 57
8389 8393 106
8410 8460 190
8435 8436 184
8459 8494 292
8481 8484 189
8482 8499 179
8485 8531 160
8494 8518 7
8499 8529 117
8518 8522 147
8533 8576 219
8535 8581 286
8548 8586 257
8567 8590 38
8574 8577 116
8585 8622 137
8607 8625 218
8622 8656 190
8641 8683 219
8660 8687 164
8686 8731 274
8705 8720 8
8711 8736 80
8711 8731 78
8715 8752 167
8735 8750 272
8751 8781 168
8779 8797 233
8787 8808 16
8808 8813 155
8808 8838 89
8817 8864 124
8818 8834 162
8823 8824 105
8831 8860 76
8857 8878 234
8875 8884 103
8897 8932 57
8902 8943 254
8926 8936 148
8950 8952 70
8967 9000 109
8981 9011 176
9000 9020 68
9004 9028 298
9019 9068 58
9025 9035 253
9030 9054 59
9048 9065 230
9068 9081 158
9077 9092 239
9100 9137 208
9121 9154 36
9132 9133 113
9162 9201 10
9192 9234 38
9218 9249 183
9247 9294 2
9257 9290 64
9281 9315 23
9297 9316 270
9315 9335 207
9325 9334 286
9348 9394 37
9374 9383 13
9381 9398 63
9382 9422 20
9395 9399 114
9409 9425 250
9413 9430 127
9414 9435 180
9441 9467 132
9450 9456 9
9461 9500 205
9474 9488 139
9484 9533 64
9502 9511 51
9521 9554 295
9525 9531 130
9526 9567 252
9550 9557 61
9571 9574 297
9584 9587 226
9596 9610 26
9597 9645 175
9625 9666 78
9631 9672 175
9660 9704 197
9690 9691 194
9720 9769 151
9728 9749 69
9753 9764 88
9779 9798 246
9787 9820 210
9788 9818 109
9797 9816 287
9803 9820 22
9818 9840 91
9844 9884 283
9861 9903 300
9882 9903 262
9887 9927 170
9916 9940 293
9921 9956 283
9922 9951 196
9950 9984 176
9978 10003 68
10004 10044 183
10032 10067 58
10060 10108 82
10072 10085 39
10082 10095 177
10090 10133 216
10119 10157 135
10119 10146 124
10120 10163 291
10126 10158 154
10144 10180 208
10163 10200 121
10176 10192 226
10178 10201 124
10200 10215 19
10214 10228 184
10233 10246 243
10247 10263 167
10264 10298 53
10267 10311 272
10267 10304 75
10283 10328 192
10294 10310 277
10302 10332 196
10312 10350 92
10315 10336 95
10319 10368 56
10328 10372 175
10356 10402 222
10371 10387 223
10386 10401 212
10395 10440 167
10399 10442 224
10422 10437 161
10433 10459 19
10453 10481 53
10473 10522 205
10481 10498 52
10507 10516 272
10514 10533 261
10538 10565 151
10538 10564 289
10565 10613 97
10572 10589 148
10573 10604 215
10586 10635 240
10597 10636 90
10606 10627 113
10636 10639 275
10665 10687 142
10693 10703 210
10694 10705 266
10708 10740 286
10733 10777 74
10763 10773 134
10792 10819 144
10794 10836 46
10815 10864 100
10829 10848 292
10854 10865 21
10868 10909 258
10894 10915 20
10914 10931 195
10934 10976 54
10946 10982 262
10974 11019 185
10991 11023 100
10999 11017 253
11004 11033 148
11025 11065 126
11053 11084 260
11065 11108 55
11093 11117 22
11094 11120 96
11112 11149 137
11138 11177 29
11162 11210 42
11171 11199 216
11193 11223 147
11199 11206 118
11220 11267 188
11227 11252 287
11232 11255 168
11251 11252 141
11279 11320 131
11288 11296 227
11309 11343 287
11322 11336 248
11330 11368 5
11341 11359 21
11364 11398 70
11370 11420 270
11372 11384 161
11393 11410 152
11411 11421 52
11416 11440 145
11425 11467 46
11453 11456 187
11467 11508 254
11496 11502 186
11511 11535 103
11525 11546 25
11529 11533 119
11544 11566 137
11556 11570 7
11558 11592 9
11577 11578 45
11603 11613 124
11607 11614 23
11620 11649 12
11647 11692 195
11659 11667 254
11659 11709 125
11677 11709 27
11689 11712 132
11706 11737 211
11710 11744 163
11715 11743 216
11736 11765 23
11762 11774 194
11775 11794 284
11801 11823 100
11820 11840 117
11848 11894 88
11869 11893 256
11885 11910 79
11886 11920 251
11904 11941 112
11931 11964 220
11946 11976 228
11971 12004 118
11993 12035 84
12023 12049 234
12053 12081 145
12073 12084 239
12084 12107 235
12094 12140 263
12105 12108 233
12122 12155 40
12130 12144 108
12150 12179 95
12167 12183 60
12174 12184 15
12191 12223 202
12203 12247 11
12220 12265 231
12242 12252 176
12268 12298 130
12293 12313 200
12302 12329 24
12302 12305 294
12323 12353 232
12353 12393 178
12382 12416 181
12384 12387 217
12399 12432 131
12402 12404 152
12404 12423 208
12417 12432 114
12441 12456 169
12443 12456 192
12448 12489 223
12472 12510 108
12483 12523 128
12490 12530 187
12511 12520 60
12513 12525 252
12513 12534 276
12538 12585 22
12549 12552 90
12552 12556 39
12568 12618 290
12569 12577 146
12569 12577 106
12583 12620 247
12608 12630 73
12637 12679 45
12642 12684 171
12669 12717 69
12682 12689 157
12687 12714 246
12707 12725 291
12714 12757 108
12722 12736 114
12741 12783 290
12759 12772 200
12785 12826 227
12809 12846 128
12830 12863 211
12856 12903 153
12870 12876 105
12891 12900 147
12909 12958 45
12939 12974 175
12939 12959 69
12962 12974 189
12984 13021 231
13011 13042 299
13011 13052 225
13022 13030 23
13049 13072 171
13052 13080 236
13081 13109 8
13094 13144 225
13112 13149 6
13126 13131 138
13126 13135 108
13131 13142 132
13150 13154 31
13151 13156 248
13179 13194 158
13196 13203 251
13196 13207 267
13196 13225 275
13199 13226 65
13208 13227 297
13211 13216 176
13219 13233 196
13227 13239 177
13237 13254 213
13239 13240 27
13265 13301 22
13292 13310 195
13307 13319 18
13311 13335 283
13335 13379 127
13338 13350 139
13364 13407 70
13367 13403 2
13378 13400 223
13397 13403 230
13420 13463 175
13448 13485 272
13448 13497 101
13477 13488 277
13489 13505 256
13490 13514 39
13494 13511 10
13515 13535 260
13521 13546 51
13535 13545 56
13550 13577 219
13567 13577 166
13575 13622 233
13592 13633 158
13599 13631 273
13624 13640 216
13624 13647 113
13628 13671 185
13646 13664 63
13648 13654 232
13672 13703 19
13673 13675 100
13683 13724 22
13685 13723 292
13700 13702 55
13729 13772 173
13754 13763 16
13762 13801 125
13771 13788 235
13795 13821 288
13805 13847 229
13810 13848 31
13832 13836 211
13848 13880 118
13861 13895 257
13874 13917 51
13902 13941 91
13908 13952 22
13936 13966 51
13946 13950 104
13965 14012 204
13977 14005 289
14006 14051 39
14035 14041 220
14051 14077 67
14062 14087 206
14075 14123 66
14101 14145 139
14112 14146 182
14121 14144 269
14130 14152 187
14157 14204 228
14163 14196 189
14174 14209 229
14199 14213 89
14199 14213 201
14206 14232 90
14209 14237 174
14225 14252 179
14240 14285 255
14260 14306 238
14289 14302 277
14308 14339 256
14314 14324 68
14327 14341 62
14333 14377 269
14339 14365 212
14368 14371 214
14389 14428 272
14417 14435 275
14444 14470 22
14467 14471 171
14482 14508 106
14484 14534 81
14501 14542 85
14505 14546 243
14507 14534 110
14534 14547 265
14563 14612 143
14569 14592 159
14597 14631 70
14609 14621 80
14622 14654 245
14628 14647 81
14646 14673 172
14649 14689 277
14665 14689 141
