1000
27 66 287
40 83 37
58 91 18
81 127 64
105 135 213
111 119 64
125 157 175
127 155 179
142 163 248
147 181 200
150 197 298
157 180 136
177 218 242
206 207 30
229 254 209
231 263 60
246 285 7
274 286 231
294 298 299
305 326 93
323 341 89
349 399 176
374 392 235
389 406 295
401 447 58
403 440 119
408 428 243
437 477 41
457 490 253
487 520 183
504 552 123
521 548 117
534 544 290
561 595 80
561 572 112
586 590 23
599 635 85
600 601 78
607 615 24
628 665 78
639 661 137
669 715 105
686 714 82
714 738 1
744 768 11
750 756 148
751 771 273
766 779 138
777 801 239
803 808 83
832 873 287
855 905 201
873 884 274
897 934 42
922 932 115
926 945 258
947 954 264
957 991 26
972 978 14
994 1004 92
1003 1006 96
1032 1060 283
1036 1077 40
1065 1113 246
1079 1092 159
1091 1136 65
1106 1118 150
1131 1148 179
1137 1150 275
1148 1173 17
1178 1223 140
1180 1208 158
1186 1205 49
1198 1241 120
1208 1252 235
1233 1242 2
1256 1291 215
1266 1310 188
1289 1296 146
1310 1353 2
1339 1349 35
1355 1360 270
1367 1381 3
1391 1398 140
1394 1405 74
1408 1447 86
1412 1424 106
1432 1481 18
1433 1438 105
1451 1474 174
1459 1487 69
1462 1471 65
1470 1476 257
1470 1482 248
1471 1506 109
1480 1484 75
1499 1500 49
1521 1541 132
1521 1562 102
1550 1561 63
1561 1605 115
1577 1596 48
1593 1625 100
1621 1658 148
1636 1644 15
1647 1690 131
1664 1713 109
1693 1713 292
1699 1711 152
1699 1731 137
1714 1749 196
1731 1761 110
1738 1770 62
1754 1777 190
1755 1798 50
1771 1796 59
1772 1790 155
1796 1819 152
1801 1803 187
1819 1866 143
1820 1857 286
1832 1857 10
1839 1882 142
1852 1897 271
1858 1868 272
1875 1906 135
1900 1921 290
1914 1962 169
1935 1972 22
1939 1949 45
1948 1972 47
1968 2018 118
1997 2037 191
2008 2048 229
2014 2042 101
2031 2039 234
2034 2038 86
2045 2062 87
2066 2108 52
2094 2109 49
2097 2111 53
2108 2157 150
2121 2171 239
2145 2170 296
2160 2169 168
2168 2205 204
2194 2199 59
2198 2200 58
2217 2225 257
2243 2291 245
2273 2320 105
2282 2294 287
2300 2341 234
2326 2359 76
2355 2393 186
2359 2372 128
2360 2405 100
2389 2415 194
2416 2447 95
2418 2441 217
2434 2440 100
2454 2477 154
2484 2533 52
2503 2510 20
2517 2564 80
2534 2545 103
2536 2584 80
2539 2581 284
2558 2567 91
2564 2596 157
2589 2619 15
2597 2640 22
2625 2653 203
2651 2673 56
2678 2702 97
2693 2694 30
2717 2749 8
2741 2758 25
2756 2760 293
2783 2829 266
2809 2817 262
2811 2815 168
2813 2832 5
2826 2861 182
2835 2858 277
2856 2879 238
2880 2904 46
2899 2923 22
2900 2941 71
2917 2946 216
2929 2954 55
2940 2979 38
2958 2995 126
2960 2977 294
2980 3019 116
2993 3020 48
3007 3014 201
3011 3034 120
3015 3059 256
3040 3062 207
3067 3109 283
3085 3091 189
3110 3145 292
3132 3154 42
3145 3191 133
3158 3160 175
3167 3216 271
3177 3219 124
3203 3236 73
3210 3233 106
3223 3225 104
3236 3276 155
3247 3288 30
3249 3295 37
3256 3298 12
3257 3300 15
3287 3325 44
3288 3333 181
3304 3317 34
3332 3340 74
3353 3401 216
3370 3412 116
3374 3395 131
3379 3423 77
3397 3406 224
3425 3470 230
3443 3481 280
3460 3465 122
3478 3485 81
3499 3514 1
3507 3532 169
3509 3538 278
3536 3557 165
3558 3604 269
3585 3635 122
3610 3625 6
3630 3655 98
3656 3680 109
3666 3683 272
3682 3722 271
3693 3698 226
3716 3747 251
3730 3779 68
3745 3761 132
3764 3765 159
3794 3799 154
3820 3826 22
3821 3863 188
3842 3890 88
3843 3858 233
3851 3855 130
3859 3870 210
3871 3911 160
3889 3897 250
3890 3928 71
3904 3949 2
3921 3951 240
3940 3950 67
3941 3980 165
3942 3985 198
3963 3994 103
3986 4006 27
3994 4026 196
4003 4018 95
4031 4070 214
4041 4042 116
4060 4066 177
4065 4099 36
4085 4135 42
4111 4112 65
4140 4159 219
4147 4181 52
4151 4191 132
4151 4164 107
4156 4201 58
4178 4192 280
4179 4206 116
4204 4225 13
4234 4275 50
4238 4260 38
4241 4290 274
4258 4290 53
4270 4304 290
4285 4318 296
4314 4316 57
4328 4374 68
4351 4358 74
4381 4428 161
4397 4433 240
4422 4448 267
4438 4464 283
4456 4503 267
4469 4483 84
4477 4492 272
4483 4489 19
4501 4530 9
4524 4531 204
4537 4545 87
4546 4559 241
4568 4617 39
4574 4614 23
4587 4601 229
4615 4649 216
4615 4663 271
4622 4667 124
4639 4650 284
4666 4715 270
4676 4711 59
4682 4688 285
4694 4743 243
4715 4744 59
4716 4749 180
4728 4762 47
4746 4767 244
4750 4791 28
4757 4800 291
4778 4803 93
4799 4821 129
4800 4828 270
4830 4835 149
4836 4861 191
4858 4896 94
4877 4919 135
4879 4914 38
4893 4922 203
4914 4940 149
4932 4982 93
4934 4959 159
4949 4997 136
4959 4984 263
4967 4994 257
4978 5022 191
5005 5032 110
5026 5039 296
5045 5092 219
5067 5095 81
5097 5115 118
5103 5133 98
5125 5175 12
5146 5148 198
5154 5181 63
5164 5172 74
5187 5229 154
5203 5206 147
5211 5218 151
5214 5218 40
5217 5236 75
5244 5246 283
5265 5268 63
5293 5296 194
5316 5331 55
5333 5381 203
5335 5339 254
5361 5364 122
5391 5432 143
5397 5442 2
5403 5451 112
5428 5469 283
5447 5487 90
5448 5450 238
5453 5488 211
5464 5473 250
5487 5501 94
5502 5534 9
5515 5556 94
5528 5541 89
5545 5585 40
5570 5620 31
5600 5627 182
5610 5611 71
5628 5635 298
5644 5686 185
5661 5667 208
5688 5696 50
5690 5710 202
5704 5751 291
5734 5784 98
5748 5771 61
5763 5813 200
5784 5787 45
5796 5838 195
5823 5857 4
5842 5843 295
5846 5874 287
5847 5893 222
5877 5891 280
5903 5937 142
5914 5940 210
5939 5965 210
5960 6007 192
5966 5969 56
5979 5991 235
6002 6018 72
6025 6034 191
6030 6075 205
6052 6098 176
6076 6124 264
6103 6138 125
6131 6141 199
6160 6178 193
6187 6230 176
6187 6212 112
6198 6239 154
6201 6247 223
6222 6230 300
6251 6266 162
6260 6308 99
6280 6319 51
6308 6322 194
6316 6346 264
6335 6371 88
6344 6377 76
6344 6367 217
6345 6369 280
6368 6409 76
6369 6392 287
6379 6403 36
6403 6427 251
6426 6442 171
6441 6453 238
6451 6486 224
6469 6493 138
6486 6504 101
6489 6520 42
6491 6505 159
6519 6564 298
6542 6560 257
6565 6571 248
6592 6610 69
6611 6615 177
6631 6648 75
6639 6671 200
6652 6674 191
6677 6727 144
6700 6744 163
6722 6758 182
6730 6777 43
6751 6764 275
6765 6775 35
6782 6813 261
6789 6825 62
6796 6833 195
6805 6830 218
6808 6835 295
6827 6829 111
6851 6854 300
6854 6886 32
6879 6889 170
6883 6919 118
6891 6928 73
6919 6968 155
6945 6947 190
6962 6995 100
6990 6991 102
7003 7009 142
7008 7041 138
7012 7035 245
7012 7062 268
7020 7041 260
7037 7070 99
7045 7063 182
7049 7071 44
7049 7081 225
7079 7107 235
7084 7126 212
7102 7130 51
7126 7172 77
7129 7131 129
7144 7194 231
7158 7204 239
7177 7205 25
7187 7188 213
7195 7200 155
7199 7204 47
7224 7251 103
7241 7266 7
7264 7272 93
7288 7333 293
7316 7335 186
7330 7338 198
7339 7387 278
7348 7383 107
7353 7354 163
7362 7390 54
7388 7413 19
7414 7437 162
7426 7457 2
7433 7438 180
7451 7457 225
7478 7520 196
7485 7507 226
7506 7553 28
7506 7554 185
7523 7542 260
7552 7575 135
7561 7585 264
7575 7592 165
7577 7617 179
7607 7638 31
7611 7645 176
7641 7672 221
7664 7696 83
7683 7702 76
7708 7747 71
7727 7757 158
7729 7765 152
7733 7736 101
7752 7793 288
7760 7770 200
7789 7830 69
7797 7821 49
7811 7814 180
7817 7830 86
7841 7856 94
7869 7904 63
7899 7901 260
7903 7912 181
7912 7940 75
7924 7929 177
7925 7955 90
7936 7943 228
7949 7988 38
7957 7978 138
7976 8009 188
7998 8035 259
8015 8019 129
8034 8080 243
8049 8080 74
8075 8125 145
8093 8106 11
8098 8148 163
8115 8148 156
8136 8138 211
8164 8191 87
8169 8188 135
8189 8209 214
8208 8226 188
8209 8241 26
8219 8227 164
8233 8274 109
8263 8287 111
8266 8282 130
8278 8308 280
8283 8328 89
8298 8329 117
8303 8312 296
8318 8368 233
8340 8347 42
8358 8391 204
8388 8436 69
8396 8399 79
8397 8443 77
8410 8416 44
8423 8437 298
8434 8447 241
8455 8488 203
8473 8484 183
8488 8517 218
8491 8525 240
8502 8505 48
8530 8563 144
8551 8567 285
8553 8585 7
8583 8633 191
8584 8592 3
8591 8638 172
8618 8652 10
8635 8667 68
8653 8694 218
8681 8698 293
8685 8729 80
8695 8719 48
8721 8727 6
8722 8771 133
8733 8778 81
8752 8788 46
8774 8783 253
8799 8812 79
8819 8832 252
8845 8895 181
8854 8870 248
8862 8879 236
8869 8890 187
8881 8885 23
8901 8946 266
8912 8937 216
8918 8944 138
8935 8983 285
8953 8960 73
8973 9000 72
8973 8979 100
8983 9017 282
8990 9037 93
9011 9045 176
9028 9075 265
9036 9066 234
9050 9062 22
9057 9072 285
9069 9108 266
9084 9107 245
9095 9110 264
9118 9126 24
9144 9186 54
9152 9170 191
9163 9174 129
9179 9214 269
9183 9223 280
9205 9214 238
9220 9253 35
9244 9268 256
9268 9317 235
9285 9291 213
9287 9293 284
9287 9301 116
9299 9307 54
9314 9358 220
9334 9344 244
9341 9369 212
9343 9347 293
9348 9369 212
9371 9378 12
9388 9422 272
9393 9430 109
9413 9415 244
9443 9450 70
9446 9447 49
9449 9470 101
9469 9470 1
9486 9531 191
9514 9526 86
9525 9565 204
9548 9594 134
9562 9611 48
9580 9586 17
9592 9614 263
9602 9637 294
9605 9617 173
9605 9609 5
9625 9663 242
9638 9682 63
9648 9672 215
9667 9669 275
9688 9737 277
9718 9741 175
9729 9768 38
9754 9760 199
9777 9824 117
9798 9830 56
9823 9830 219
9838 9875 168
9848 9873 10
9860 9880 143
9874 9877 68
9881 9923 150
9909 9946 177
9910 9913 151
9914 9947 52
9917 9956 42
9945 9960 288
9964 10012 226
9992 10028 151
10014 10018 93
10033 10057 137
10063 10084 234
10073 10076 59
10089 10122 243
10103 10146 237
10106 10114 276
10112 10125 293
10123 10165 219
10123 10162 178
10123 10171 220
10127 10147 207
10142 10164 39
10142 10144 152
10146 10172 153
10149 10152 144
10154 10163 264
10157 10172 58
10172 10177 204
10189 10198 182
10211 10231 123
10233 10249 112
10261 10262 58
10286 10314 247
10316 10361 55
10338 10374 194
10349 10365 64
10362 10376 134
10390 10400 168
10409 10439 174
10432 10450 9
10441 10479 182
10455 10497 268
10482 10508 26
10488 10494 208
10511 10521 252
10539 10549 17
10544 10571 289
10551 10599 179
10561 10583 9
10574 10593 248
10583 10588 170
10596 10633 222
10618 10631 23
10644 10652 154
10653 10673 145
10678 10717 48
10708 10723 94
10724 10741 193
10749 10790 115
10765 10780 170
10792 10830 199
10803 10812 69
10813 10857 177
10824 10834 250
10843 10890 25
10866 10903 297
10878 10921 131
10885 10892 18
10887 10935 224
10907 10956 296
10926 10946 282
10937 10966 139
10938 10950 299
10950 10972 100
10964 10994 279
10989 11028 126
11016 11060 249
11022 11067 188
11023 11032 148
11043 11061 41
11055 11078 264
11062 11112 133
11090 11103 200
11090 11101 94
11111 11134 195
11125 11155 250
11135 11160 206
11143 11155 50
11160 11198 231
11187 11234 173
11196 11211 145
11205 11239 153
11214 11237 14
11218 11263 42
11234 11268 142
11234 11264 108
11262 11295 134
11282 11310 83
11301 11343 84
11319 11355 295
11332 11371 81
11339 11343 106
11356 11378 81
11364 11370 109
11393 11402 20
11394 11419 97
11407 11435 197
11423 11449 44
11453 11496 54
11453 11493 7
11454 11478 52
11462 11485 236
11466 11499 142
11484 11499 236
11492 11493 239
11505 11520 9
11532 11580 60
11552 11589 197
11569 11596 246
11594 11607 126
11621 11652 170
11625 11650 223
11641 11671 212
11669 11718 50
11684 11711 263
11700 11711 46
11715 11762 234
11744 11757 157
11744 11777 185
11773 11775 113
11800 11847 218
11823 11856 271
11843 11868 224
11851 11866 195
11866 11911 191
11896 11941 268
11919 11935 266
11922 11958 26
11932 11940 289
11956 11989 36
11985 12032 207
11988 12033 66
11991 11996 36
12011 12026 207
12022 12055 270
12031 12055 120
12047 12091 130
12069 12089 259
12086 12093 5
12108 12131 241
12138 12174 236
12152 12192 150
12163 12213 294
12182 12226 25
12192 12213 146
12194 12197 243
12217 12236 19
12239 12276 26
12250 12256 124
12278 12320 119
12308 12316 142
12321 12357 162
12341 12359 104
12357 12359 268
12377 12406 163
12380 12408 28
12392 12395 247
12396 12410 154
12397 12423 246
12399 12440 124
12414 12431 128
12417 12422 146
12431 12467 194
12442 12477 33
12465 12494 296
12488 12521 284
12503 12513 257
12515 12551 252
12542 12569 18
12559 12567 48
12572 12610 226
12594 12619 197
12609 12629 231
12634 12644 14
12635 12684 98
12656 12676 230
12680 12683 4
12689 12718 193
12718 12768 39
12737 12777 108
12749 12767 159
12765 12779 42
12770 12820 39
12779 12783 216
12782 12830 296
12803 12839 103
12806 12819 156
12828 12874 72
12858 12893 293
12859 12899 284
12869 12916 204
12870 12894 271
12897 12947 136
12910 12939 175
12923 12940 138
12939 12958 247
12951 12962 12
12977 12999 77
13005 13010 68
13027 13045 242
13034 13050 153
13061 13098 174
13064 13091 230
13092 13113 246
13117 13155 61
13133 13136 175
13143 13183 291
13158 13205 88
13185 13234 113
13198 13238 276
13228 13250 286
13240 13278 20
13242 13264 201
13258 13282 117
13279 13280 90
13291 13325 268
13316 13359 209
13330 13380 89
13352 13390 224
13359 13383 187
13365 13398 274
13388 13400 193
13398 13416 194
13400 13433 55
13414 13440 109
13434 13483 124
13436 13475 267
13442 13479 254
13465 13505 243
13490 13507 87
13502 13546 102
13514 13561 172
13535 13546 265
13551 13558 111
13553 13581 72
13553 13596 212
13556 13597 30
13583 13615 51
13600 13613 97
13615 13660 239
13634 13661 153
13641 13659 190
13653 13688 179
13662 13680 23
13673 13719 192
13673 13711 117
13674 13716 218
13685 13702 111
13710 13717 113
13718 13725 300
13737 13766 209
13749 13756 60
13771 13789 121
13792 13811 261
13821 13837 242
13845 13877 258
13874 13903 69
13901 13932 298
13929 13951 50
13952 13964 233
13981 13983 253
13987 13994 167
13991 14019 177
14010 14026 258
14019 14059 217
14044 14075 138
14059 14099 110
14080 14091 300
14097 14129 23
14113 14142 180
14116 14119 38
14137 14173 49
14153 14178 282
14162 14197 131
14192 14207 209
14220 14223 62
14229 14248 106
14239 14260 217
14256 14296 131
14268 14306 268
14287 14329 3
14309 14355 266
14337 14381 81
14360 14405 11
14365 14370 187
14374 14419 12
14390 14430 212
14411 14457 73
14427 14453 99
14442 14461 11
14442 14480 129
14468 14502 277
14476 14500 240
14494 14534 162
14521 14562 91
14548 14561 31
14548 14571 59
14569 14616 145
14575 14613 209
14576 14586 197
14581 14584 72
14607 14619 295
14637 14680 25
14663 14681 50
14683 14714 14
14712 14720 153
14737 14742 223
14753 14765 131
14764 14790 161
14766 14789 26
14786 14819 253
14792 14793 141
14808 14858 259
14817 14831 199
14820 14866 161
14827 14877 183
14845 14884 163
14856 14860 162
14882 14912 74
14896 14931 13
14925 14975 215
14929 14932 242
14953 14954 117
14961 15010 242
14985 15000 146
15012 15039 268
15035 15064 96
15048 15074 137
15073 15087 139
15100 15125 118
15101 15144 121
15116 15121 24
15139 15140 98
15167 15175 121
15196 15208 103
15212 15246 46
15235 15266 101
15236 15263 279
