1000
14 21 141
25 30 49
45 95 19
75 103 136
82 99 253
107 134 100
128 153 228
128 173 227
136 158 226
156 187 241
176 223 104
199 248 5
217 262 19
247 291 45
269 317 200
275 289 258
299 317 196
302 348 168
319 338 139
344 392 281
366 375 116
395 399 104
416 431 188
446 476 268
462 469 163
483 494 204
488 506 146
498 499 102
520 528 276
532 553 284
555 562 275
571 600 221
597 604 148
614 629 126
617 643 8
640 647 110
655 701 151
667 685 136
697 734 113
722 748 68
748 756 138
763 793 258
782 788 156
800 832 152
801 810 108
826 868 194
826 854 294
836 863 69
845 879 17
870 899 93
895 928 206
909 940 142
912 956 43
935 969 273
939 988 9
967 978 12
989 999 190
1005 1050 97
1028 1049 5
1057 1098 175
1079 1100 61
1083 1127 215
1103 1136 268
1116 1129 33
1140 1141 249
1144 1145 196
1148 1161 290
1166 1185 285
1183 1188 67
1183 1195 215
1189 1198 193
1189 1233 181
1213 1256 249
1219 1260 19
1237 1284 182
1261 1272 34
1268 1289 281
1289 1332 213
1297 1329 166
1325 1349 238
1354 1382 127
1358 1379 214
1385 1407 298
1407 1447 158
1435 1471 289
1442 1469 201
1460 1504 107
1460 1463 125
1485 1532 239
1493 1525 221
1519 1547 106
1549 1578 128
1576 1590 33
1579 1593 272
1603 1627 255
1613 1651 81
1629 1678 197
1639 1668 55
1643 1690 151
1672 1721 218
1680 1729 12
1684 1698 29
1689 1691 39
1693 1727 160
1701 1737 207
1731 1739 225
1737 1761 201
1759 1773 117
1782 1812 251
1805 1846 273
1823 1830 181
1829 1864 67
1832 1881 74
1858 1900 292
1881 1906 211
1903 1908 228
1909 1954 133
1938 1939 81
1938 1975 205
1948 1954 285
1967 2015 49
1973 1993 204
1994 2010 105
2011 2042 143
2029 2030 156
2031 2038 195
2036 2082 265
2064 2087 167
2069 2074 212
2073 2080 119
2102 2127 63
2128 2146 16
2150 2163 120
2159 2170 120
2164 2203 40
2185 2192 231
2186 2224 89
2208 2243 44
2228 2271 198
2233 2276 206
2256 2280 256
2271 2287 81
2275 2298 28
2300 2323 144
2312 2342 69
2323 2339 249
2332 2374 266
2333 2357 267
2360 2408 210
2363 2383 136
2376 2405 84
2387 2402 65
2410 2414 235
2414 2418 66
2431 2473 122
2446 2455 97
2448 2456 251
2459 2475 208
2485 2527 77
2511 2547 224
2512 2520 290
2537 2549 36
2552 2574 47
2576 2581 135
2589 2590 280
2600 2644 243
2628 2648 171
2655 2664 293
2673 2715 211
2699 2730 32
2718 2731 185
2728 2741 87
2752 2798 13
2761 2779 141
2777 2805 202
2782 2809 86
2788 2812 192
2813 2818 210
2819 2821 35
2830 2859 16
2856 2884 226
2879 2890 243
2879 2880 27
2900 2945 48
2910 2913 204
2922 2954 119
2950 2983 8
2955 2975 135
2962 2978 15
2984 3008 205
3008 3025 75
3012 3020 132
3019 3040 215
3047 3075 50
3066 3087 203
3078 3125 196
3080 3100 267
3087 3096 263
3113 3153 142
3143 3181 208
3159 3204 195
3164 3188 120
3167 3208 146
3178 3227 229
3180 3193 25
3194 3217 282
3215 3238 147
3240 3265 228
3251 3271 41
3259 3270 186
3279 3328 70
3303 3320 30
3313 3338 81
3325 3336 86
3338 3386 142
3347 3378 42
3363 3386 89
3376 3388 83
3392 3439 294
3412 3439 84
3413 3444 57
3435 3466 32
3462 3464 240
3489 3507 87
3504 3548 179
3529 3559 147
3559 3573 264
3564 3601 167
3566 3584 116
3576 3588 227
3581 3582 37
3610 3619 263
3622 3629 137
3639 3687 2
3666 3685 31
3677 3692 33
3689 3730 107
3714 3722 185
3734 3783 145
3764 3805 268
3775 3800 129
3794 3803 174
3813 3820 64
3813 3826 13
3843 3888 200
3861 3896 72
3864 3895 82
3865 3872 161
3887 3899 80
3908 3921 130
3920 3948 107
3923 3944 60
3944 3972 235
3965 4004 135
3979 3996 5
3990 4007 88
4004 4015 88
4022 4037 240
4035 4077 170
4049 4083 18
4065 4114 81
4089 4095 62
4117 4144 124
4119 4155 189
4125 4152 113
4146 4171 270
4172 4215 215
4194 4242 233
4208 4224 134
4220 4222 101
4248 4272 87
4276 4312 63
4287 4321 192
4310 4336 298
4323 4348 213
4338 4355 245
4349 4358 263
4350 4356 166
4378 4400 8
4384 4423 284
4385 4433 188
4405 4444 56
4405 4441 224
4422 4452 52
4428 4431 125
4437 4462 229
4456 4493 298
4460 4479 189
4478 4503 26
4501 4502 296
4524 4545 269
4543 4588 144
4559 4607 127
4587 4611 127
4587 4591 117
4617 4628 66
4619 4639 205
4638 4669 192
4666 4691 62
4684 4714 269
4700 4703 254
4704 4706 266
4728 4748 9
4752 4786 151
4754 4790 92
4771 4818 117
4794 4830 295
4824 4854 10
4848 4866 221
4862 4875 157
4875 4925 241
4885 4892 206
4894 4928 52
4923 4945 174
4947 4959 132
4961 4966 98
4961 4994 131
4973 5007 148
4992 5036 152
5004 5024 94
5024 5057 105
5032 5079 187
5060 5110 148
5071 5110 188
5096 5112 104
5112 5135 116
5139 5182 182
5145 5156 93
5156 5203 26
5169 5184 172
5171 5197 276
5189 5209 59
5202 5230 64
5231 5279 248
5253 5269 195
5256 5272 265
5275 5316 18
5291 5335 284
5313 5356 255
5315 5316 263
5320 5339 52
5324 5359 78
5339 5380 148
5354 5364 153
5369 5377 244
5382 5421 79
5397 5404 259
5414 5428 10
5419 5422 33
5422 5432 281
5422 5457 102
5430 5455 212
5440 5489 240
5451 5467 244
5455 5503 210
5465 5480 28
5480 5518 241
5490 5491 234
5505 5539 28
5524 5556 211
5539 5583 7
5555 5556 295
5563 5604 58
5575 5621 177
5587 5595 39
5601 5622 285
5629 5677 188
5654 5681 140
5681 5691 143
5699 5714 151
5725 5768 218
5739 5783 213
5768 5771 293
5772 5807 119
5792 5800 214
5796 5834 208
5826 5868 155
5834 5838 50
5849 5887 39
5875 5902 265
5897 5930 56
5902 5917 12
5920 5957 291
5936 5950 193
5950 5989 252
5966 5988 191
5980 6022 15
5988 6038 213
5997 6002 216
6024 6061 291
6031 6053 214
6045 6068 203
6058 6086 178
6076 6105 169
6101 6121 250
6115 6144 2
6127 6158 48
6151 6195 88
6170 6184 44
6178 6227 207
6204 6207 138
6212 6216 230
6227 6231 196
6252 6282 35
6254 6294 249
6267 6268 146
6291 6315 173
6295 6311 265
6307 6313 283
6335 6346 149
6348 6379 8
6352 6400 52
6372 6380 137
6378 6427 180
6381 6430 57
6387 6430 280
6412 6447 86
6442 6457 141
6471 6506 70
6478 6507 216
6502 6535 148
6531 6578 124
6536 6553 150
6549 6585 115
6568 6602 190
6583 6589 268
6587 6631 93
6602 6652 100
6627 6659 186
6633 6639 34
6651 6677 108
6659 6688 14
6688 6696 82
6704 6721 106
6718 6755 15
6721 6737 214
6749 6769 219
6753 6780 60
6767 6801 278
6792 6805 235
6820 6834 150
6828 6862 275
6841 6890 66
6859 6862 222
6876 6911 78
6885 6922 186
6885 6890 288
6896 6920 79
6917 6949 157
6946 6976 45
6967 6992 240
6987 7030 43
7001 7003 116
7022 7071 149
7039 7071 59
7065 7096 145
7091 7132 267
7105 7124 211
7121 7164 42
7132 7135 298
7140 7174 255
7169 7187 232
7181 7230 10
7204 7230 145
7215 7251 284
7216 7232 44
7232 7235 293
7257 7290 41
7264 7269 136
7265 7311 195
7289 7306 186
7291 7323 37
7295 7343 155
7321 7340 198
7347 7396 70
7347 7360 96
7375 7397 119
7397 7408 167
7424 7455 1
7425 7439 170
7441 7463 187
7465 7507 67
7474 7486 100
7484 7488 48
7511 7552 107
7518 7531 250
7535 7558 38
7538 7561 49
7549 7575 139
7566 7573 27
7582 7585 5
7582 7619 279
7607 7625 276
7627 7648 8
7649 7699 207
7670 7709 59
7670 7702 130
7688 7722 181
7688 7730 230
7717 7718 185
7741 7762 159
7759 7762 118
7781 7803 30
7807 7828 53
7820 7838 218
7822 7863 72
7847 7852 134
7855 7856 124
7879 7910 221
7892 7920 16
7898 7902 168
7908 7953 10
7933 7977 134
7962 7967 181
7986 8006 118
8016 8054 7
8021 8059 89
8049 8052 174
8060 8094 175
8077 8100 152
8080 8087 237
8089 8100 70
8101 8109 8
8104 8132 149
8120 8138 214
8146 8179 119
8169 8214 111
8189 8222 173
8204 8231 51
8230 8268 211
8244 8252 109
8261 8303 173
8278 8294 106
8290 8299 255
8293 8315 253
8296 8328 77
8312 8343 87
8321 8353 27
8335 8348 60
8365 8373 256
8374 8380 82
8379 8388 279
8392 8440 117
8393 8436 299
8421 8467 153
8431 8446 281
8457 8486 86
8471 8487 235
8483 8531 272
8509 8511 62
8509 8550 92
8528 8554 27
8548 8578 45
8562 8597 12
8574 8622 116
8574 8613 79
8590 8600 95
8615 8656 42
8637 8656 249
8643 8671 202
8653 8660 29
8658 8679 43
8660 8699 71
8686 8693 67
8712 8756 219
8734 8765 243
8756 8780 235
8764 8770 78
8785 8816 224
8805 8839 290
8812 8850 87
8824 8855 31
8844 8860 159
8848 8869 89
8851 8872 31
8874 8895 296
8879 8883 136
8891 8931 49
8906 8939 153
8918 8942 238
8925 8949 296
8950 8994 20
8967 8973 255
8983 9020 19
9009 9024 97
9035 9078 269
9051 9058 38
9052 9084 92
9076 9120 13
9100 9102 190
9123 9153 154
9133 9149 42
9137 9179 108
9141 9170 192
9148 9177 285
9173 9185 169
9178 9225 84
9181 9209 233
9194 9207 230
9218 9242 247
9232 9239 208
9251 9258 221
9278 9296 191
9307 9318 195
9333 9339 136
9348 9395 180
9358 9393 284
9384 9430 265
9406 9413 179
9417 9460 84
9435 9466 98
9461 9506 86
9465 9501 70
9485 9491 131
9515 9519 139
9518 9545 58
9520 9529 177
9538 9567 202
9545 9552 137
9560 9599 96
9566 9577 199
9584 9615 173
9596 9609 75
9597 9602 25
9619 9669 280
9628 9635 23
9648 9686 87
9666 9713 134
9667 9684 254
9678 9691 99
9698 9705 140
9716 9733 277
9735 9759 285
9756 9786 228
9785 9796 194
9814 9842 34
9841 9862 110
9860 9880 15
9875 9902 201
9877 9917 72
9906 9934 287
9930 9933 134
9956 9982 145
9984 10002 253
10005 10025 49
10014 10037 105
10042 10085 188
10068 10113 224
10070 10111 114
10082 10124 58
10112 10149 165
10124 10149 123
10140 10184 172
10170 10209 206
10196 10228 63
10224 10263 44
10238 10245 124
10255 10303 30
10280 10329 248
10284 10319 291
10306 10337 78
10313 10323 279
10320 10344 34
10343 10363 150
10344 10392 268
10370 10390 247
10376 10423 139
10403 10450 184
10418 10439 159
10434 10453 284
10458 10502 166
10472 10503 72
10481 10523 162
10501 10542 8
10507 10520 249
10518 10534 256
10519 10568 67
10520 10560 132
10520 10532 145
10542 10582 270
10566 10592 55
10566 10574 167
10583 10598 214
10589 10598 147
10611 10615 4
10624 10630 17
10644 10649 159
10665 10708 196
10672 10700 13
10696 10714 275
10702 10740 213
10711 10730 205
10732 10781 134
10747 10758 266
10767 10799 96
10786 10803 18
10803 10841 182
10817 10838 22
10846 10878 24
10847 10888 121
10877 10916 100
10884 10923 162
10896 10907 137
10914 10939 280
10933 10937 31
10951 10956 292
10962 10995 201
10964 10988 291
10986 10990 294
10997 11021 39
11013 11021 215
11029 11033 270
11043 11055 282
11060 11086 155
11086 11133 195
11104 11129 111
11115 11164 109
11122 11139 242
11143 11181 62
11148 11194 104
11164 11192 114
11182 11223 244
11203 11221 21
11233 11258 276
11249 11256 124
11272 11304 96
11298 11331 253
11307 11313 122
11337 11365 3
11358 11372 181
11371 11377 247
11385 11404 23
11409 11452 86
11432 11464 7
11441 11452 228
11458 11463 124
11481 11509 95
11507 11533 36
11525 11567 135
11530 11547 88
11534 11550 295
11548 11571 161
11578 11627 59
11601 11607 267
11614 11652 68
11638 11663 159
11642 11658 11
11667 11680 253
11686 11719 77
11715 11764 247
11718 11748 35
11724 11733 228
11729 11767 155
11738 11760 43
11760 11795 122
11770 11803 25
11794 11816 137
11803 11848 147
11804 11811 242
11823 11866 68
11850 11880 23
11860 11865 75
11874 11907 210
11898 11936 256
11904 11942 156
11933 11959 273
11953 11962 138
11980 12018 79
12001 12037 155
12009 12018 229
12020 12030 273
12037 12039 65
12058 12063 51
12088 12130 31
12099 12104 28
12119 12141 138
12130 12150 115
12133 12177 196
12155 12191 218
12159 12165 41
12183 12208 50
12202 12228 135
12225 12254 120
12232 12263 160
12258 12304 145
12288 12290 113
12316 12341 233
12335 12382 115
12356 12377 14
12369 12387 81
12391 12432 260
12412 12458 110
12415 12432 268
12442 12452 30
12469 12493 186
12476 12485 124
12477 12499 23
12490 12512 253
12490 12498 277
12508 12541 97
12528 12551 273
12543 12576 292
12545 12565 254
12573 12604 194
12574 12603 22
12580 12609 115
12588 12629 149
12588 12615 142
12605 12625 63
12611 12629 217
12624 12643 126
12632 12636 230
12648 12688 96
12663 12667 35
12673 12695 61
12680 12712 131
12680 12692 25
12703 12707 193
12733 12783 36
12745 12764 59
12768 12774 160
12773 12811 168
12775 12793 162
12796 12819 41
12800 12824 184
12806 12855 24
12814 12837 170
12827 12857 91
12832 12846 168
12861 12866 77
12865 12889 140
12883 12888 57
12889 12935 96
12894 12900 94
12902 12932 60
12913 12924 123
12928 12977 106
12942 12946 144
12955 12989 6
12973 13018 158
12999 13030 9
13003 13035 144
13026 13038 286
13032 13049 219
13053 13082 78
13071 13074 47
13082 13105 85
13098 13130 11
13111 13159 250
13117 13144 45
13129 13173 275
13147 13185 133
13156 13176 201
13169 13203 193
13187 13228 91
13217 13244 56
13240 13256 143
13252 13268 259
13259 13307 197
13267 13289 30
13269 13303 177
13276 13282 192
13288 13298 277
13314 13347 223
13342 13364 84
13356 13396 63
13376 13388 220
13383 13409 266
13389 13395 197
13418 13423 205
13419 13456 172
13436 13482 26
13455 13458 33
13472 13511 283
13502 13533 143
13519 13566 235
13533 13546 231
13557 13594 167
13580 13594 169
13591 13604 89
13591 13595 75
13595 13607 54
13596 13607 44
13605 13640 188
13632 13647 84
13643 13656 225
13646 13674 259
13674 13676 93
13694 13732 240
13711 13751 46
13730 13779 240
13741 13772 157
13756 13779 33
13777 13817 277
13781 13823 272
13790 13828 4
13809 13830 36
13823 13839 39
13835 13852 118
13842 13851 213
13870 13887 154
13885 13922 104
13908 13929 122
13923 13955 114
13946 13970 268
13949 13966 111
13978 13991 4
14003 14040 276
14032 14053 216
14044 14052 17
14044 14067 145
14068 14096 138
14088 14128 51
14105 14131 250
14108 14123 176
14116 14146 159
14116 14157 181
14117 14154 191
14127 14133 153
14131 14175 253
14139 14174 202
14153 14166 90
14164 14183 165
14179 14203 295
14199 14219 143
14203 14227 108
14231 14258 121
14242 14285 289
14250 14293 111
14279 14283 22
14280 14289 214
14309 14347 18
14333 14376 264
14348 14368 163
14373 14401 247
14396 14424 294
14414 14434 177
14438 14474 203
14468 14515 140
14496 14519 70
14498 14507 90
14514 14547 193
14520 14536 79
14547 14583 45
14568 14599 152
14571 14613 245
14598 14624 291
14602 14615 150
14617 14643 111
14629 14666 55
14634 14649 42
14655 14705 33
14674 14695 284
14702 14737 223
14732 14764 288
14738 14745 248
14763 14774 234
14783 14794 62
14787 14797 114
14817 14842 154
14819 14856 38
14830 14833 114
14847 14873 274
14861 14890 291
14883 14888 97
14911 14918 173
14930 14976 65
14949 14979 300
14967 15012 38
14995 15007 270
15020 15070 61
15023 15032 245
15024 15028 105
15032 15049 92
15061 15109 126
15089 15093 298
15105 15151 274
15129 15137 250
15131 15142 99
15152 15165 222
15160 15162 126
15166 15172 27
15173 15174 234
15188 15224 175
15192 15233 244
15195 15222 172
15209 15223 154
15229 15238 143
15240 15277 49
15258 15281 13
15278 15321 224
15298 15323 176
15298 15303 100
15323 15328 31
15328 15349 158
15338 15388 258
15348 15349 178
15357 15395 182
15374 15378 271
15379 15425 58
