1000
15 26 130
29 55 235
48 86 107
68 81 50
68 106 253
87 106 37
114 133 128
124 147 128
132 139 250
160 181 153
170 214 178
197 207 297
205 217 205
221 260 2
242 264 48
243 262 140
273 304 230
297 307 219
325 338 237
338 344 294
364 374 145
392 395 126
397 445 21
425 468 293
448 484 54
466 479 258
466 492 228
486 524 176
512 562 172
520 553 148
520 568 234
539 559 258
565 577 100
587 623 247
616 625 57
616 657 161
633 650 57
640 662 144
662 697 184
680 686 215
689 690 118
692 741 106
722 754 205
731 734 205
731 769 165
740 788 121
748 772 147
762 789 45
774 809 178
781 826 238
806 847 111
818 843 187
837 852 206
839 872 159
867 900 127
872 906 237
891 928 243
920 929 271
926 934 237
934 957 83
942 945 149
952 956 293
969 1008 71
985 1013 2
986 1036 31
1010 1024 48
1029 1038 214
1043 1049 142
1062 1110 237
1086 1108 211
1094 1132 288
1097 1112 42
1126 1137 199
1129 1130 290
1142 1176 116
1172 1194 53
1185 1191 132
1213 1257 144
1227 1253 258
1231 1244 287
1238 1254 183
1258 1274 145
1266 1290 186
1266 1283 255
1270 1301 253
1278 1314 245
1288 1307 108
1314 1360 210
1321 1349 150
1326 1348 286
1355 1386 151
1359 1394 53
1382 1384 193
1405 1439 202
1406 1436 125
1429 1449 250
1429 1473 1
1459 1468 102
1462 1478 171
1475 1479 77
1505 1537 184
1532 1558 121
1537 1568 276
1541 1546 228
1561 1572 111
1579 1595 253
1600 1632 92
1602 1607 31
1625 1668 277
1640 1650 141
1669 1690 205
1675 1687 2
1693 1716 119
1713 1757 189
1719 1762 139
1746 1755 132
1776 1783 239
1803 1809 32
1819 1831 121
1822 1824 206
1845 1882 124
1865 1914 170
1879 1929 230
1895 1912 143
1907 1949 226
1916 1929 182
1932 1974 56
1944 1953 127
1954 1970 22
1962 1991 225
1984 2013 242
2010 2014 262
2021 2054 139
2021 2060 255
2030 2050 248
2048 2092 31
2058 2071 68
2073 2086 102
2096 2099 186
2123 2168 20
2141 2151 81
2153 2173 248
2183 2187 126
2205 2245 68
2214 2226 34
2243 2288 241
2269 2270 45
2291 2326 99
2308 2313 137
2313 2344 219
2341 2387 101
2355 2366 287
2363 2404 46
2388 2398 157
2392 2408 31
2422 2427 135
2442 2482 175
2444 2473 116
2458 2505 88
2485 2492 69
2504 2554 204
2513 2539 15
2515 2548 180
2520 2566 64
2525 2529 294
2527 2573 156
2553 2598 114
2559 2579 258
2577 2598 117
2592 2628 102
2610 2618 297
2630 2640 163
2642 2655 259
2669 2676 282
2691 2730 279
2702 2735 247
2711 2712 43
2727 2741 222
2730 2762 145
2737 2776 222
2751 2780 89
2763 2771 117
2786 2831 185
2806 2836 53
2836 2869 20
2854 2856 238
2876 2883 10
2885 2888 241
2897 2935 170
2898 2899 5
2928 2976 288
2956 2967 231
2985 3034 186
3010 3056 197
3035 3042 213
3063 3090 75
3067 3114 174
3074 3099 210
3082 3120 18
3100 3103 1
3112 3131 248
3142 3145 153
3162 3178 283
3168 3195 13
3198 3228 159
3219 3247 99
3229 3271 205
3239 3264 247
3241 3287 18
3254 3268 147
3254 3286 83
3260 3279 146
3290 3340 191
3291 3318 34
3313 3353 115
3317 3361 73
3337 3361 245
3354 3382 151
3383 3413 281
3395 3445 256
3398 3431 10
3404 3419 265
3420 3466 271
3422 3470 232
3445 3462 260
3454 3478 108
3480 3492 277
3507 3532 77
3536 3542 294
3549 3566 255
3554 3586 137
3562 3586 260
3592 3602 168
3616 3618 199
3623 3642 7
3641 3669 152
3656 3673 51
3673 3682 249
3683 3704 143
3713 3755 243
3732 3738 63
3740 3789 147
3766 3778 244
3769 3781 260
3779 3788 53
3791 3808 209
3796 3823 233
3797 3819 162
3815 3845 162
3827 3828 112
3850 3897 171
3877 3898 253
3884 3895 165
3884 3918 101
3889 3932 35
3916 3950 202
3921 3963 175
3939 3959 55
3963 4012 175
3989 3996 270
3996 4005 33
4026 4059 117
4033 4083 283
4046 4087 169
4066 4094 114
4066 4085 143
4069 4093 105
4083 4098 88
4100 4119 113
4113 4131 250
4134 4158 259
4154 4192 222
4173 4175 70
4199 4231 96
4214 4255 149
4228 4270 296
4228 4241 289
4237 4270 147
4245 4257 72
4275 4317 240
4281 4283 124
4293 4337 21
4302 4344 122
4316 4347 171
4346 4355 33
4346 4355 294
4360 4389 173
4380 4421 133
4402 4437 162
4406 4446 32
4420 4442 257
4420 4433 76
4447 4473 109
4472 4478 67
4472 4513 185
4495 4502 95
4502 4535 137
4507 4514 94
4518 4559 182
4532 4547 254
4549 4569 241
4560 4582 68
4564 4586 114
4577 4582 124
4598 4648 242
4625 4653 164
4649 4671 40
4678 4721 226
4699 4735 16
4714 4753 17
4716 4720 115
4746 4748 266
4771 4812 115
4797 4807 192
4813 4833 213
4815 4829 146
4839 4851 107
4843 4860 276
4865 4870 93
4885 4890 44
4902 4916 261
4929 4936 283
4932 4966 290
4946 4966 262
4955 4965 252
4984 5003 32
5013 5049 85
5024 5026 15
5048 5068 154
5063 5110 160
5092 5133 97
5095 5114 70
5113 5128 268
5113 5121 159
5134 5175 26
5157 5173 164
5168 5188 214
5177 5212 220
5181 5195 178
5198 5238 234
5201 5203 254
5220 5223 99
5233 5271 201
5244 5278 188
5262 5286 205
5278 5312 277
5292 5339 267
5306 5343 156
5333 5380 107
5346 5349 209
5358 5379 18
5388 5430 149
5409 5414 51
5411 5457 241
5414 5458 110
5441 5453 199
5464 5495 296
5489 5490 63
5513 5532 79
5537 5570 56
5557 5596 277
5575 5622 228
5584 5620 63
5600 5632 20
5616 5641 103
5617 5620 171
5634 5646 269
5646 5690 123
5660 5707 130
5688 5696 154
5710 5725 298
5710 5737 278
5740 5749 145
5757 5781 275
5781 5794 228
5797 5817 53
5799 5822 121
5814 5853 258
5840 5874 46
5851 5890 149
5859 5884 245
5889 5896 43
5898 5916 224
5911 5935 274
5930 5974 284
5932 5934 162
5946 5951 56
5947 5982 168
5977 5986 2
5979 5991 292
6005 6018 223
6013 6020 81
6043 6074 281
6044 6048 10
6044 6065 30
6044 6049 59
6071 6078 55
6079 6095 116
6104 6133 259
6114 6134 230
6135 6145 244
6142 6174 228
6158 6199 60
6158 6184 130
6183 6200 105
6207 6225 16
6217 6251 195
6239 6261 245
6261 6273 11
6290 6332 107
6298 6309 166
6317 6335 206
6343 6351 6
6361 6401 156
6365 6370 11
6388 6395 81
6416 6444 272
6433 6441 266
6442 6467 124
6454 6504 245
6478 6525 32
6502 6517 162
6532 6534 254
6535 6583 72
6544 6555 129
6563 6611 17
6564 6589 119
6566 6596 60
6576 6578 93
6598 6627 53
6624 6674 11
6640 6653 282
6659 6684 205
6688 6704 77
6712 6744 224
6728 6742 262
6752 6800 141
6765 6771 151
6792 6829 255
6797 6811 123
6827 6828 103
6836 6848 176
6840 6875 300
6865 6911 133
6870 6910 31
6899 6906 205
6919 6956 37
6923 6942 74
6946 6976 80
6961 6971 191
6984 7011 159
6994 7001 59
6996 7045 127
7025 7035 79
7053 7080 96
7059 7075 8
7080 7118 152
7089 7096 72
7115 7162 28
7133 7163 212
7147 7172 58
7176 7224 263
7202 7203 157
7218 7262 30
7230 7277 183
7254 7259 299
7259 7300 88
7264 7293 87
7292 7303 177
7295 7321 56
7306 7334 114
7325 7347 254
7340 7388 48
7364 7367 5
7369 7397 253
7375 7393 297
7384 7391 149
7391 7433 96
7414 7441 203
7426 7467 12
7438 7484 207
7456 7469 102
7479 7513 277
7480 7481 124
7480 7489 129
7499 7527 286
7518 7535 17
7542 7549 236
7542 7563 229
7567 7603 25
7568 7592 289
7584 7628 241
7594 7637 97
7620 7659 190
7639 7667 38
7654 7693 273
7674 7680 242
7696 7714 273
7714 7763 65
7728 7733 167
7732 7757 221
7756 7758 287
7763 7785 260
7782 7819 200
7795 7810 204
7822 7856 190
7846 7859 20
7862 7873 269
7887 7930 25
7891 7940 90
7921 7950 114
7923 7931 16
7943 7964 43
7972 7975 211
7994 8032 217
8019 8023 195
8021 8062 180
8030 8043 4
8037 8040 66
8061 8108 202
8067 8100 240
8079 8087 197
8106 8145 222
8130 8156 177
8151 8197 8
8153 8175 274
8171 8186 251
8185 8218 131
8188 8194 265
8198 8248 19
8218 8263 72
8244 8282 239
8270 8316 239
8281 8299 26
8297 8327 140
8309 8340 288
8310 8341 192
8326 8349 269
8353 8395 152
8363 8376 167
8369 8395 161
8380 8427 122
8384 8394 219
8403 8443 80
8413 8416 257
8427 8465 277
8451 8485 50
8476 8490 246
8488 8501 109
8508 8540 201
8512 8554 255
8537 8572 149
8562 8603 106
8568 8601 123
8594 8620 122
8598 8601 10
8622 8664 20
8636 8665 4
8655 8672 246
8685 8691 96
8687 8724 274
8712 8757 58
8731 8749 93
8753 8776 39
8782 8807 164
8782 8796 292
8811 8842 167
8829 8858 72
8845 8895 173
8859 8866 294
8882 8909 180
8906 8919 59
8930 8949 254
8955 8990 107
8963 8982 147
8978 9013 179
8987 8994 71
9004 9032 220
9021 9043 51
9038 9071 227
9052 9064 124
9078 9115 89
9094 9135 184
9098 9124 81
9100 9137 137
9101 9150 200
9125 9163 31
9139 9188 288
9159 9200 263
9179 9210 105
9191 9224 61
9214 9234 253
9239 9252 159
9250 9299 213
9271 9312 216
9297 9323 188
9327 9369 289
9346 9354 186
9370 9414 38
9380 9419 78
9394 9419 177
9398 9436 184
9424 9447 225
9448 9450 279
9460 9462 157
9484 9492 40
9509 9547 230
9519 9533 252
9522 9565 195
9527 9528 174
9535 9579 179
9551 9556 131
9568 9598 33
9590 9629 60
9602 9617 57
9610 9623 177
9619 9641 281
9624 9668 100
9629 9656 130
9633 9637 87
9653 9703 103
9669 9675 100
9672 9716 228
9698 9714 138
9714 9761 86
9726 9753 188
9729 9737 260
9736 9775 4
9751 9767 255
9766 9779 274
9773 9776 227
9773 9805 215
9782 9805 82
9792 9826 291
9804 9828 300
9824 9862 289
9840 9861 83
9860 9873 135
9871 9909 137
9885 9933 5
9890 9933 146
9904 9920 65
9933 9934 233
9947 9959 106
9958 9977 154
9967 10015 42
9985 10018 12
9990 10022 205
10012 10048 240
10040 10047 187
10065 10096 129
10065 10083 146
10092 10128 13
10110 10131 82
10133 10169 195
10134 10163 290
10158 10179 263
10173 10208 88
10191 10229 99
10207 10228 265
10208 10249 246
10210 10230 128
10233 10236 46
10240 10260 9
10247 10283 291
10262 10282 252
10274 10309 187
10298 10316 76
10300 10340 6
10320 10368 292
10341 10361 17
10346 10385 42
10367 10385 10
10371 10407 144
10388 10425 152
10393 10428 291
10400 10446 192
10401 10435 242
10402 10410 92
10418 10429 251
10422 10429 221
10429 10479 180
10438 10473 218
10456 10474 187
10479 10516 137
10493 10515 109
10508 10510 220
10511 10521 105
10531 10560 239
10536 10567 139
10540 10543 22
10557 10591 109
10568 10570 172
10586 10623 117
10600 10647 84
10616 10634 112
10620 10646 30
10633 10677 243
10650 10685 86
10654 10696 149
10680 10687 13
10707 10727 123
10737 10781 51
10744 10757 259
10770 10808 93
10780 10829 45
10807 10828 131
10834 10856 219
10841 10871 273
10857 10880 280
10875 10895 162
10894 10901 279
10915 10948 140
10939 10948 174
10939 10948 63
10961 10964 26
10991 10994 166
11003 11011 223
11009 11040 127
11019 11067 159
11043 11074 150
11057 11065 119
11057 11101 78
11085 11106 231
11092 11120 235
11096 11108 21
11118 11162 285
11126 11142 33
11146 11155 147
11148 11150 227
11157 11170 189
11172 11184 88
11192 11228 197
11210 11226 293
11226 11243 112
11252 11289 218
11265 11277 28
11267 11280 17
11270 11278 82
11278 11296 292
11302 11340 156
11305 11336 214
11309 11314 289
11334 11381 299
11345 11351 190
11345 11369 107
11367 11372 262
11370 11404 34
11399 11441 285
11399 11421 22
11414 11431 24
11416 11466 51
11431 11452 8
11434 11457 9
11452 11462 242
11455 11504 220
11482 11503 249
11482 11528 294
11507 11511 17
11509 11555 260
11518 11533 10
11536 11556 246
11539 11561 40
11544 11553 138
11547 11576 154
11563 11576 61
11564 11571 78
11580 11594 279
11601 11620 220
11629 11636 131
11647 11667 226
11670 11692 48
11691 11703 96
11693 11704 278
11709 11710 13
11718 11742 300
11727 11737 205
11732 11754 247
11747 11748 218
11752 11756 148
11752 11760 243
11773 11789 234
11798 11821 116
11798 11833 193
11808 11831 226
11828 11871 53
11856 11904 190
11874 11898 163
11881 11908 148
11900 11910 274
11923 11942 58
11950 11998 158
11975 12013 285
11994 12035 61
12004 12046 106
12020 12028 192
12029 12042 274
12037 12068 17
12055 12083 183
12055 12074 172
12071 12106 168
12074 12117 145
12100 12121 130
12128 12178 137
12129 12143 129
12156 12183 84
12176 12188 169
12194 12201 42
12220 12262 299
12224 12233 194
12225 12261 235
12225 12231 49
12254 12285 259
12271 12283 9
12273 12291 122
12277 12282 41
12307 12335 236
12323 12366 110
12346 12363 36
12376 12412 261
12384 12407 88
12390 12394 270
12416 12429 258
12438 12483 288
12450 12460 52
12453 12500 210
12477 12490 214
12481 12482 135
12497 12526 134
12511 12545 150
12537 12547 256
12545 12585 229
12558 12569 46
12586 12587 110
12613 12638 35
12616 12623 132
12620 12627 21
12633 12642 115
12660 12699 261
12662 12698 259
12676 12684 181
12682 12704 23
12683 12686 271
12691 12717 99
12721 12753 300
12744 12753 103
12774 12805 246
12804 12839 296
12804 12841 148
12834 12854 31
12836 12850 57
12856 12873 15
12869 12875 94
12894 12904 89
12923 12936 275
12926 12944 45
12939 12946 62
12956 12996 100
12964 12976 220
12979 12998 22
12991 13041 101
12997 13008 10
13027 13029 48
13046 13066 100
13072 13120 96
13079 13088 231
13104 13132 32
13107 13150 288
13120 13155 137
13141 13148 271
13170 13210 277
13178 13209 174
13184 13195 10
13189 13224 148
13209 13232 250
13213 13258 276
13214 13240 222
13233 13265 1
13247 13251 284
13271 13321 120
13272 13310 46
13287 13331 76
13298 13301 23
13300 13316 15
13327 13335 235
13333 13337 26
13341 13372 286
13346 13383 128
13361 13383 130
13384 13391 232
13411 13442 208
13428 13471 215
13457 13491 1
13484 13521 136
13492 13515 164
13515 13538 149
13535 13564 21
13563 13601 122
13565 13587 52
13585 13613 34
13608 13651 288
13609 13651 113
13627 13654 57
13656 13667 45
13666 13669 215
13689 13736 89
13710 13750 11
13725 13768 266
13745 13756 246
13769 13817 85
13791 13795 231
13796 13820 242
13806 13847 219
13815 13847 76
13824 13862 181
13853 13860 227
13877 13885 138
13887 13925 195
13912 13952 138
13924 13967 222
13948 13969 133
13957 13976 299
13976 13986 29
13995 14001 2
14005 14030 206
14019 14065 184
14043 14052 56
14048 14093 271
14048 14075 163
14073 14101 113
14098 14117 107
14109 14146 261
14116 14162 250
14135 14148 186
14142 14186 23
14169 14180 150
14180 14205 262
14202 14229 207
14224 14255 133
14252 14279 134
14280 14324 37
14302 14305 2
14311 14343 186
14323 14342 34
14339 14359 175
14363 14383 218
14367 14409 38
14379 14409 244
14384 14399 46
14408 14445 56
14431 14442 115
14458 14490 35
14469 14470 73
14497 14544 225
14498 14533 189
14498 14510 265
14528 14540 295
14533 14563 177
14541 14584 26
14549 14561 248
14579 14599 270
14595 14601 47
14622 14648 4
14647 14663 170
14649 14697 43
14675 14722 170
14702 14711 213
14708 14711 260
14715 14725 147
14730 14743 103
14738 14761 239
14763 14804 76
14770 14812 209
14792 14812 150
14818 14839 255
14825 14847 107
14843 14867 62
14851 14894 260
14869 14899 291
14890 14894 155
14903 14918 81
14917 14945 98
14932 14939 152
14939 14988 125
14969 14991 223
14998 14999 79
14999 15010 107
15007 15047 208
15034 15074 222
15041 15087 194
15047 15067 161
15074 15106 246
15089 15110 62
15114 15156 61
15137 15176 199
15154 15204 177
15176 15226 183
15198 15238 243
15207 15228 137
15221 15248 259
