1000
13 26 62
36 59 86
58 84 237
86 94 75
114 134 17
129 164 29
130 154 156
157 197 47
177 210 281
201 216 3
208 236 102
230 246 239
250 299 64
255 305 107
264 296 288
267 288 44
295 301 155
317 318 148
319 351 276
345 379 197
355 384 186
363 410 83
364 374 3
369 397 294
394 444 135
398 403 228
428 433 56
454 504 211
473 503 14
499 529 225
522 546 198
524 525 69
554 567 276
581 626 196
596 638 276
624 650 38
648 684 182
670 684 262
692 704 100
704 730 98
714 721 95
719 763 60
749 768 280
756 791 169
766 789 144
770 771 160
779 808 201
796 842 125
810 831 86
826 856 72
845 895 67
870 886 287
879 917 9
879 900 116
908 919 95
914 918 218
941 946 154
957 1002 61
961 963 223
972 989 96
1002 1049 240
1010 1023 214
1021 1044 190
1049 1075 25
1079 1120 51
1098 1129 30
1104 1153 229
1134 1173 31
1153 1186 239
1165 1175 50
1185 1211 133
1198 1216 163
1213 1248 26
1223 1241 227
1224 1226 61
1237 1264 122
1247 1287 11
1267 1311 70
1275 1289 124
1299 1347 222
1319 1320 163
1334 1341 50
1362 1377 209
1381 1416 267
1393 1401 6
1404 1435 259
1421 1462 279
1439 1472 10
1454 1483 89
1459 1487 114
1461 1509 90
1461 1501 163
1478 1505 2
1487 1531 67
1517 1551 16
1535 1552 126
1551 1561 45
1561 1610 208
1569 1577 84
1591 1632 146
1613 1645 49
1621 1627 146
1640 1688 216
1655 1664 79
1670 1706 137
1690 1727 24
1717 1748 39
1747 1755 94
1772 1805 224
1782 1808 135
1785 1790 39
1793 1831 270
1822 1826 96
1830 1850 132
1845 1858 279
1863 1898 220
1887 1931 64
1904 1913 53
1911 1919 70
1934 1979 55
1938 1983 46
1940 1948 132
1955 1989 144
1966 2012 240
1967 2011 291
1992 2005 111
1995 2027 187
2020 2043 256
2038 2049 12
2039 2081 176
2061 2069 294
2083 2110 189
2088 2119 181
2091 2099 179
2109 2131 116
2110 2134 9
2131 2156 145
2140 2146 32
2170 2173 50
2175 2211 22
2191 2197 51
2196 2214 257
2199 2222 31
2222 2261 180
2230 2256 72
2259 2295 224
2259 2300 41
2269 2298 93
2294 2326 166
2294 2338 237
2301 2341 279
2327 2338 75
2337 2370 14
2338 2365 209
2346 2347 147
2374 2416 209
2381 2385 157
2386 2419 55
2410 2451 19
2422 2464 52
2431 2461 224
2431 2439 213
2460 2461 58
2463 2486 76
2468 2472 204
2474 2475 38
2486 2536 134
2493 2532 290
2505 2540 125
2533 2570 265
2548 2553 94
2554 2582 7
2583 2613 255
2606 2650 188
2631 2680 277
2656 2686 112
2661 2666 178
2669 2680 269
2699 2732 197
2713 2750 138
2727 2729 230
2755 2796 52
2766 2811 9
2789 2796 150
2809 2857 87
2814 2853 281
2823 2869 299
2833 2840 113
2849 2858 260
2857 2886 176
2885 2915 172
2901 2928 258
2916 2922 98
2926 2953 300
2948 2978 101
2966 2967 49
2979 3017 250
2979 2992 289
2997 3020 72
3022 3024 153
3023 3044 88
3041 3075 218
3065 3084 245
3075 3078 276
3083 3099 235
3108 3126 185
3122 3153 250
3143 3155 166
3163 3180 100
3189 3199 38
3209 3223 167
3229 3248 219
3231 3251 279
3258 3297 51
3260 3288 169
3286 3290 14
3307 3354 38
3334 3376 135
3363 3371 94
3376 3407 92
3391 3393 105
3399 3446 42
3420 3458 39
3449 3465 37
3458 3477 63
3481 3517 101
3501 3531 10
3519 3542 102
3541 3576 76
3562 3606 47
3591 3618 43
3596 3635 138
3621 3663 237
3640 3649 171
3652 3653 250
3667 3676 182
3686 3712 171
3711 3743 105
3722 3742 247
3738 3751 107
3767 3791 8
3795 3838 287
3802 3829 97
3822 3864 143
3827 3865 282
3853 3884 205
3872 3890 103
3886 3902 228
3890 3927 205
3895 3925 21
3920 3970 229
3922 3944 169
3943 3993 94
3953 3970 204
3968 3969 234
3994 4035 162
4023 4056 33
4032 4036 37
4046 4072 213
4048 4092 32
4069 4115 201
4087 4108 43
4111 4159 51
4141 4173 10
4169 4183 30
4187 4236 122
4211 4244 207
4216 4255 70
4225 4239 210
4227 4277 279
4250 4282 45
4257 4265 150
4284 4307 281
4312 4321 254
4329 4338 261
4354 4379 41
4359 4361 243
4366 4379 267
4384 4409 204
4385 4397 231
4392 4425 271
4396 4435 287
4419 4457 113
4448 4480 251
4472 4489 161
4482 4491 64
4509 4521 152
4524 4534 240
4532 4575 148
4548 4591 70
4558 4578 28
4576 4607 251
4600 4644 195
4603 4649 132
4613 4651 296
4617 4643 55
4632 4650 197
4643 4675 25
4653 4689 90
4659 4670 100
4671 4679 94
4684 4727 21
4697 4712 234
4700 4703 6
4705 4748 185
4726 4729 63
4726 4758 266
4733 4757 243
4761 4789 241
4789 4800 253
4812 4819 215
4832 4859 91
4861 4863 55
4874 4906 17
4884 4904 12
4898 4899 11
4903 4952 243
4932 4969 7
4960 5006 62
4960 4970 198
4990 4992 237
5015 5055 207
5032 5051 213
5053 5096 78
5062 5101 156
5073 5114 114
5081 5117 86
5102 5126 91
5120 5170 249
5135 5142 148
5139 5185 247
5147 5183 219
5177 5226 110
5177 5213 281
5177 5222 208
5185 5217 47
5197 5210 146
5200 5220 134
5209 5217 209
5226 5235 202
5228 5264 232
5234 5284 155
5257 5289 237
5283 5331 8
5304 5321 273
5328 5336 12
5350 5376 41
5364 5395 298
5382 5419 239
5385 5423 81
5399 5437 32
5408 5419 258
5409 5457 153
5413 5450 225
5436 5447 11
5454 5459 290
5475 5477 248
5482 5497 200
5500 5536 118
5509 5558 272
5539 5549 211
5544 5577 143
5561 5601 268
5572 5576 261
5602 5619 52
5629 5656 12
5636 5659 119
5666 5699 173
5675 5679 257
5675 5702 4
5680 5696 47
5691 5716 180
5708 5719 17
5726 5762 43
5735 5750 123
5758 5796 90
5779 5798 31
5792 5816 300
5814 5839 116
5839 5863 15
5850 5852 20
5859 5881 131
5870 5907 155
5886 5917 239
5916 5926 170
5919 5938 75
5923 5945 227
5942 5961 188
5966 6010 272
5980 6029 48
5980 6028 242
5996 6036 30
6013 6052 87
6042 6075 85
6068 6112 220
6084 6094 13
6091 6123 214
6095 6100 154
6101 6130 200
6127 6132 41
6138 6162 202
6156 6166 32
6169 6204 162
6199 6243 171
6210 6237 192
6218 6241 274
6234 6254 127
6239 6285 182
6239 6287 265
6256 6291 273
6264 6292 284
6281 6294 111
6307 6313 108
6331 6362 189
6357 6406 102
6378 6379 17
6383 6400 126
6385 6413 284
6407 6442 190
6425 6458 224
6455 6473 182
6471 6514 126
6498 6548 183
6522 6569 154
6525 6530 91
6543 6562 115
6564 6573 280
6579 6623 293
6589 6613 291
6611 6649 90
6622 6656 275
6633 6680 221
6635 6665 146
6658 6700 264
6669 6683 51
6685 6713 120
6693 6709 25
6723 6749 203
6724 6758 263
6749 6786 188
6770 6818 123
6797 6837 263
6808 6836 183
6813 6834 141
6820 6823 8
6822 6829 195
6847 6858 253
6873 6900 292
6895 6929 32
6916 6921 171
6938 6983 181
6940 6955 46
6952 6988 104
6982 6988 125
6989 7016 63
7000 7027 4
7021 7032 192
7046 7068 226
7047 7086 208
7073 7086 55
7082 7097 89
7085 7102 3
7112 7159 200
7121 7141 270
7144 7176 132
7148 7182 129
7175 7206 77
7196 7208 57
7224 7259 70
7224 7258 134
7254 7274 56
7283 7289 290
7296 7300 280
7298 7313 299
7315 7363 215
7322 7325 72
7350 7382 67
7372 7376 36
7401 7425 181
7403 7449 293
7418 7460 20
7421 7435 168
7437 7474 112
7461 7488 92
7462 7504 108
7482 7506 122
7506 7515 100
7522 7536 59
7522 7568 231
7536 7540 67
7541 7585 110
7556 7586 284
7581 7602 142
7586 7591 191
7594 7603 188
7598 7608 203
7619 7638 168
7641 7656 242
7667 7703 276
7692 7705 98
7716 7763 191
7733 7754 20
7747 7768 138
7776 7802 221
7804 7816 31
7831 7843 24
7844 7854 187
7846 7859 274
7867 7903 176
7872 7921 13
7886 7910 213
7908 7930 230
7932 7946 291
7940 7979 293
7946 7949 90
7968 7984 148
7987 8015 55
8014 8017 50
8027 8064 294
8051 8087 165
8077 8112 185
8085 8126 128
8107 8144 288
8120 8133 52
8144 8181 239
8148 8195 211
8149 8178 207
8176 8198 3
8185 8234 17
8206 8233 38
8222 8234 203
8242 8254 25
8244 8287 120
8260 8265 49
8264 8314 4
8280 8293 267
8290 8291 241
8300 8343 129
8300 8347 23
8305 8339 64
8327 8367 63
8327 8328 179
8344 8367 267
8369 8406 281
8391 8428 198
8397 8400 169
8398 8402 135
8410 8451 51
8422 8443 64
8437 8466 251
8455 8478 291
8458 8506 38
8481 8484 158
8510 8539 189
8523 8524 37
8527 8559 11
8557 8570 207
8585 8613 83
8596 8624 37
8612 8653 94
8637 8661 194
8644 8690 184
8674 8681 215
8703 8739 257
8729 8734 127
8746 8789 174
8770 8777 17
8799 8842 217
8827 8840 154
8844 8875 285
8852 8902 15
8880 8893 76
8885 8889 260
8902 8934 203
8906 8909 291
8909 8939 156
8933 8944 52
8949 8986 280
8954 8978 241
8976 8993 11
8978 9027 182
8999 9026 232
9002 9015 241
9020 9053 139
9042 9072 78
9059 9080 192
9084 9111 79
9106 9107 45
9126 9163 131
9148 9150 270
9172 9176 17
9193 9208 291
9206 9225 73
9229 9231 11
9245 9292 155
9247 9271 162
9274 9294 79
9290 9307 75
9310 9340 181
9323 9358 70
9323 9362 71
9337 9364 169
9347 9393 300
9364 9376 47
9391 9407 48
9398 9421 124
9426 9471 246
9454 9468 261
9483 9524 255
9507 9537 265
9515 9549 206
9533 9554 5
9534 9557 95
9551 9585 70
9570 9585 63
9588 9594 88
9613 9652 182
9622 9664 266
9626 9638 66
9631 9635 25
9640 9664 187
9658 9664 285
9679 9713 166
9689 9696 88
9712 9752 50
9720 9724 274
9731 9759 46
9743 9766 131
9746 9760 269
9746 9773 136
9774 9797 215
9787 9796 9
9815 9839 25
9822 9861 293
9842 9850 52
9845 9874 124
9869 9901 264
9878 9890 105
9895 9926 148
9915 9935 290
9929 9964 183
9953 9967 8
9965 9979 205
9975 9992 274
9987 10003 89
9995 10023 188
9997 10032 44
10026 10070 83
10032 10051 278
10035 10080 68
10041 10075 226
10067 10114 227
10094 10105 221
10095 10115 175
10099 10135 233
10127 10153 200
10150 10151 3
10162 10170 151
10163 10209 48
10192 10206 150
10198 10228 171
10200 10232 198
10211 10227 224
10229 10241 202
10243 10286 82
10255 10273 9
10271 10298 165
10277 10292 252
10277 10321 294
10292 10328 249
10314 10325 53
10325 10328 274
10330 10334 118
10350 10387 180
10379 10381 294
10383 10433 47
10403 10410 217
10421 10424 20
10440 10455 74
10459 10502 96
10486 10512 86
10492 10539 174
10504 10510 51
10521 10541 218
10523 10533 200
10548 10549 251
10554 10582 141
10581 10589 139
10583 10599 17
10608 10652 144
10612 10635 12
10614 10655 193
10632 10678 142
10640 10679 237
10660 10693 147
10672 10679 36
10696 10697 196
10721 10767 199
10732 10778 54
10755 10767 180
10755 10758 270
10770 10817 251
10793 10810 66
10812 10839 192
10838 10880 199
10845 10861 194
10865 10875 295
10885 10932 77
10908 10909 4
10913 10924 76
10936 10949 32
10959 10975 218
10974 11011 23
10980 11027 270
11004 11010 240
11013 11047 28
11039 11059 224
11059 11089 159
11069 11082 117
11090 11133 198
11099 11120 38
11102 11135 104
11113 11152 218
11114 11116 121
11124 11144 110
11124 11131 117
11127 11165 25
11147 11162 269
11149 11181 118
11156 11166 200
11158 11197 56
11187 11227 183
11199 11232 5
11208 11228 266
11214 11234 49
11228 11240 250
11237 11277 137
11245 11292 1
11270 11308 99
11271 11284 172
11275 11324 251
11279 11282 161
11303 11353 40
11327 11360 91
11330 11354 47
11351 11353 20
11364 11369 186
11376 11377 163
11398 11413 11
11415 11425 196
11427 11441 21
11448 11459 299
11471 11478 192
11477 11489 61
11494 11503 293
11519 11563 245
11540 11568 123
11547 11568 211
11571 11594 7
11578 11601 59
11600 11623 130
11624 11640 117
11628 11672 251
11643 11680 170
11668 11699 250
11694 11728 163
11714 11723 263
11730 11770 147
11752 11766 62
11762 11810 84
11771 11805 50
11792 11818 277
11801 11823 141
11828 11854 141
11839 11851 76
11855 11861 68
11865 11897 245
11891 11936 239
11895 11945 88
11915 11923 210
11924 11946 164
11943 11978 295
11965 11967 93
11971 12017 159
11989 12003 20
11993 12015 20
12006 12052 40
12007 12039 275
12034 12037 221
12037 12056 114
12037 12076 112
12057 12104 274
12061 12084 185
12063 12079 167
12063 12109 85
12067 12105 56
12072 12112 4
12083 12102 65
12102 12137 3
12132 12140 159
12138 12185 92
12144 12155 15
12149 12192 272
12160 12194 280
12160 12179 165
12186 12229 142
12213 12235 87
12226 12261 126
12246 12284 163
12260 12284 107
12272 12305 221
12278 12328 291
12302 12332 210
12318 12365 193
12324 12348 87
12328 12362 272
12334 12371 142
12362 12367 79
12378 12415 121
12391 12424 159
12393 12426 238
12409 12444 105
12428 12471 166
12444 12462 98
12450 12499 233
12459 12502 199
12467 12485 33
12485 12523 278
12499 12510 66
12519 12563 155
12539 12568 37
12546 12574 187
12570 12614 66
12580 12623 155
12591 12600 290
12616 12633 223
12626 12652 189
12655 12673 22
12662 12672 230
12687 12724 300
12714 12746 14
12716 12726 53
12726 12739 80
12756 12791 261
12768 12805 217
12796 12797 211
12802 12851 102
12822 12850 162
12850 12888 280
12879 12906 31
12883 12929 125
12885 12897 192
12901 12936 107
12929 12949 211
12945 12974 152
12965 12998 43
12975 13017 246
12995 13001 109
13018 13058 271
13040 13048 256
13042 13083 136
13064 13097 244
13072 13091 131
13101 13128 45
13110 13145 267
13119 13123 70
13142 13162 102
13155 13192 146
13155 13177 144
13178 13185 292
13188 13217 281
13192 13242 285
13217 13235 213
13236 13273 187
13246 13282 172
13269 13289 46
13276 13291 255
13283 13318 51
13310 13316 285
13336 13345 89
13338 13370 85
13347 13394 133
13349 13391 22
13376 13406 231
13394 13408 196
13408 13414 232
13432 13481 172
13441 13449 182
13459 13472 258
13465 13491 4
13484 13499 58
13503 13529 245
13524 13530 140
13527 13548 71
13557 13571 79
13580 13591 155
13598 13636 125
13601 13645 85
13608 13621 15
13616 13652 3
13637 13673 189
13659 13668 105
13662 13670 176
13674 13707 242
13692 13693 121
13696 13700 177
13716 13727 33
13717 13756 34
13728 13742 280
13728 13773 243
13744 13789 257
13773 13788 289
13797 13847 121
13802 13833 240
13832 13870 189
13848 13888 228
13872 13916 300
13875 13917 276
13899 13945 40
13929 13950 277
13953 13968 29
13969 13990 280
13989 13999 267
14012 14043 206
14037 14050 31
14062 14110 160
14065 14081 5
14065 14095 272
14094 14101 46
14103 14150 289
14128 14156 225
14151 14180 288
14160 14175 8
14164 14171 224
14182 14230 282
14192 14231 49
14194 14212 153
14202 14211 158
14231 14233 1
14231 14255 118
14235 14238 145
14254 14263 29
14256 14265 300
14273 14305 61
14298 14319 149
14312 14362 280
14338 14371 168
14352 14360 3
14354 14402 145
14356 14383 40
14365 14389 97
14387 14391 90
14399 14424 149
14425 14445 3
14435 14479 155
14460 14472 204
14462 14502 60
14491 14504 286
14505 14525 180
14512 14529 203
14538 14553 60
14541 14545 79
14570 14572 24
14583 14618 58
14586 14601 51
14598 14617 264
14604 14641 219
14611 14617 289
14638 14651 69
14652 14678 69
14668 14693 267
14691 14697 225
14706 14712 186
14726 14747 238
14732 14758 15
14741 14778 48
14763 14801 54
14764 14775 286
14790 14826 10
14798 14819 172
14798 14840 108
14820 14859 1
14823 14840 112
14829 14832 40
14834 14873 230
14850 14884 238
14854 14869 23
14882 14894 258
14908 14935 70
14936 14972 242
14940 14946 71
14964 14994 7
14978 15013 62
15003 15032 243
15033 15065 268
15033 15041 226
15045 15059 10
15055 15086 18
15069 15093 70
15069 15117 180
