1000
7 21 7
17 53 228
38 77 188
51 77 181
78 121 28
92 98 153
118 142 115
147 166 9
157 159 147
157 188 68
160 192 69
179 198 23
187 196 222
215 216 214
219 221 92
234 244 55
251 280 267
265 266 204
283 325 237
301 307 284
309 347 130
314 324 164
323 347 189
326 369 259
346 367 93
370 393 291
376 388 221
388 419 275
418 459 289
437 440 297
441 455 224
447 471 111
472 503 79
476 486 51
482 488 152
497 536 68
522 532 236
524 548 20
546 559 90
569 582 36
589 630 274
612 628 211
640 654 228
663 681 11
673 680 198
698 700 20
721 736 91
744 753 271
749 792 10
754 786 160
783 794 114
799 807 109
807 834 114
830 834 220
848 897 120
861 894 85
885 894 182
902 906 60
929 978 275
943 989 273
969 991 221
978 1011 161
980 999 74
995 1040 81
1022 1035 250
1043 1087 71
1067 1080 166
1077 1118 218
1086 1097 72
1095 1136 143
1118 1141 34
1126 1134 263
1134 1146 177
1154 1174 64
1168 1209 15
1191 1224 241
1206 1249 150
1219 1261 150
1233 1243 258
1243 1263 110
1244 1264 52
1244 1276 292
1249 1284 51
1260 1271 130
1270 1279 211
1284 1332 145
1302 1351 90
1312 1322 166
1322 1361 53
1330 1355 226
1346 1393 238
1358 1366 19
1386 1412 112
1389 1421 123
1391 1413 158
1403 1415 4
1419 1464 288
1433 1482 245
1438 1459 281
1454 1459 168
1467 1504 223
1479 1509 182
1484 1524 75
1492 1493 181
1493 1495 36
1493 1532 185
1493 1509 251
1499 1507 79
1510 1554 73
1538 1577 295
1567 1592 42
1587 1612 74
1609 1623 216
1610 1635 281
1631 1675 245
1657 1660 139
1668 1689 34
1676 1712 297
1688 1694 241
1693 1712 142
1720 1741 3
1725 1759 185
1745 1772 52
1761 1810 31
1768 1804 110
1787 1788 48
1815 1830 14
1841 1851 148
1864 1867 41
1881 1902 12
1883 1932 179
1908 1943 281
1931 1969 150
1954 1974 25
1978 2002 30
1978 1980 179
2000 2001 238
2023 2035 151
2045 2055 101
2051 2056 131
2073 2097 183
2082 2127 202
2094 2116 50
2105 2118 272
2111 2148 102
2132 2156 13
2145 2182 52
2166 2193 148
2167 2186 118
2170 2171 70
2172 2191 107
2201 2231 284
2211 2218 87
2235 2240 141
2259 2266 98
2289 2317 16
2318 2329 136
2332 2362 209
2340 2354 53
2360 2398 114
2362 2411 66
2362 2399 103
2380 2393 228
2409 2459 181
2411 2452 277
2434 2473 190
2456 2475 92
2465 2491 185
2494 2534 127
2501 2504 195
2518 2530 126
2527 2554 27
2543 2566 76
2571 2595 123
2577 2595 139
2597 2607 105
2598 2609 57
2623 2638 249
2646 2672 105
2650 2653 298
2676 2713 267
2691 2701 142
2694 2706 187
2712 2745 181
2713 2743 23
2719 2755 20
2734 2743 219
2741 2783 252
2756 2774 67
2765 2789 72
2792 2800 164
2822 2840 20
2850 2851 234
2858 2884 237
2882 2914 198
2895 2920 281
2901 2940 151
2911 2939 12
2921 2965 79
2950 2952 149
2968 3013 272
2993 3013 44
3017 3024 121
3042 3086 48
3058 3079 254
3066 3083 6
3069 3116 88
3073 3074 211
3091 3121 293
3092 3095 13
3094 3095 160
3116 3118 124
3136 3163 178
3164 3170 86
3185 3208 54
3202 3219 145
3229 3244 225
3240 3271 90
3240 3290 11
3243 3268 127
3247 3266 233
3270 3317 126
3270 3311 171
3297 3325 137
3306 3323 117
3323 3331 193
3345 3388 139
3352 3380 296
3357 3372 135
3380 3422 25
3396 3414 231
3405 3412 243
3435 3448 205
3460 3483 195
3480 3513 138
3510 3523 131
3518 3560 192
3524 3574 298
3541 3562 94
3565 3584 179
3584 3617 111
3593 3608 282
3620 3657 174
3641 3690 278
3648 3675 295
3660 3693 142
3678 3683 188
3678 3681 267
3683 3731 223
3709 3739 281
3712 3758 46
3718 3720 197
3737 3754 137
3755 3785 258
3776 3819 86
3780 3811 170
3800 3813 72
3806 3819 243
3824 3860 124
3844 3891 148
3867 3908 39
3877 3891 103
3887 3931 87
3900 3941 34
3927 3966 179
3953 3979 268
3983 3985 227
3994 4041 153
4020 4043 89
4048 4081 223
4056 4061 34
4059 4070 185
4078 4111 227
4096 4130 76
4125 4174 190
4146 4189 131
4176 4204 198
4195 4230 254
4202 4240 13
4231 4242 278
4255 4288 109
4282 4324 91
4310 4311 295
4319 4328 89
4329 4331 202
4338 4363 79
4340 4376 1
4347 4377 211
4377 4399 114
4404 4405 94
4424 4469 74
4453 4483 145
4454 4500 129
4468 4477 69
4483 4504 230
4511 4545 10
4530 4541 125
4550 4561 273
4576 4601 208
4587 4629 127
4588 4595 202
4608 4623 131
4620 4621 82
4629 4647 168
4654 4681 27
4656 4685 191
4686 4710 201
4707 4743 165
4723 4737 245
4753 4797 161
4759 4809 53
4773 4794 130
4780 4820 226
4790 4791 86
4799 4803 153
4813 4841 62
4832 4867 260
4847 4867 50
4856 4888 281
4883 4913 100
4891 4912 211
4921 4937 77
4943 4945 192
4946 4961 234
4960 4978 236
4989 5020 297
5013 5030 128
5030 5056 140
5038 5054 251
5047 5067 7
5056 5100 271
5083 5110 234
5107 5155 275
5124 5142 298
5135 5143 76
5165 5210 25
5177 5219 201
5196 5204 60
5216 5230 184
5237 5255 274
5256 5258 12
5260 5299 101
5276 5314 11
5303 5312 142
5312 5332 126
5317 5331 285
5335 5365 265
5350 5359 153
5356 5399 230
5381 5386 91
5382 5419 230
5402 5419 150
5421 5463 267
5445 5481 209
5469 5503 116
5495 5507 60
5514 5534 151
5532 5544 51
5533 5582 8
5534 5553 75
5554 5594 86
5576 5608 229
5588 5629 39
5618 5659 186
5640 5689 210
5648 5696 255
5678 5699 146
5706 5724 127
5715 5717 229
5742 5760 182
5754 5801 169
5768 5772 201
5774 5782 203
5781 5806 93
5806 5842 221
5830 5877 241
5833 5836 11
5850 5896 299
5865 5879 36
5875 5911 50
5905 5944 5
5915 5936 84
5932 5952 58
5946 5988 288
5965 5981 27
5972 6002 228
5975 6006 79
5992 5997 108
5992 6003 136
6009 6059 118
6030 6065 168
6050 6070 120
6054 6080 284
6077 6124 48
6088 6105 152
6092 6113 1
6102 6137 113
6128 6160 37
6147 6173 140
6172 6189 86
6179 6219 221
6192 6209 19
6202 6246 197
6213 6245 229
6243 6279 135
6250 6260 221
6270 6276 254
6273 6282 229
6273 6309 15
6295 6307 150
6308 6316 298
6312 6338 233
6332 6366 132
6360 6368 249
6373 6374 9
6398 6403 67
6413 6422 167
6443 6487 193
6452 6482 86
6479 6500 55
6486 6526 14
6503 6546 266
6507 6515 231
6523 6561 83
6552 6554 20
6553 6591 82
6575 6577 232
6579 6622 22
6605 6616 203
6607 6622 101
6632 6647 280
6658 6703 222
6658 6693 219
6662 6663 102
6685 6693 64
6710 6726 256
6716 6762 83
6718 6764 139
6747 6748 174
6771 6810 145
6776 6779 162
6779 6785 91
6803 6810 192
6807 6846 96
6811 6823 57
6838 6872 29
6843 6846 214
6860 6883 40
6870 6872 161
6899 6947 153
6921 6956 262
6948 6967 216
6958 6986 14
6964 7011 272
6968 6969 205
6969 6987 117
6997 6999 31
7027 7062 88
7044 7075 7
7051 7096 184
7071 7116 154
7079 7080 110
7104 7116 244
7126 7153 158
7126 7138 30
7137 7165 34
7159 7176 275
7178 7222 241
7193 7231 156
7198 7225 207
7220 7235 4
7236 7243 270
7249 7277 131
7277 7319 217
7307 7332 173
7321 7350 86
7326 7343 31
7331 7374 87
7352 7394 10
7358 7375 274
7361 7369 191
7389 7397 186
7399 7429 141
7420 7448 39
7428 7465 174
7438 7448 2
7467 7476 69
7485 7525 48
7492 7542 107
7493 7495 129
7507 7510 35
7527 7568 223
7552 7573 191
7554 7579 64
7563 7597 178
7583 7617 196
7595 7643 20
7609 7650 232
7639 7664 81
7667 7700 13
7678 7724 10
7708 7746 103
7733 7742 25
7752 7780 285
7754 7791 294
7756 7779 257
7772 7788 97
7800 7812 50
7804 7843 249
7809 7826 4
7826 7869 279
7842 7886 196
7847 7873 130
7847 7877 174
7858 7885 13
7888 7895 160
7906 7931 68
7930 7942 189
7933 7945 140
7943 7967 153
7944 7987 59
7947 7990 21
7973 7998 234
7977 7983 71
7979 7993 125
7995 8025 153
8011 8055 128
8036 8076 156
8037 8040 94
8063 8104 35
8085 8094 252
8104 8144 144
8127 8138 284
8143 8156 230
8173 8204 135
8195 8241 115
8217 8227 150
8241 8286 254
8249 8284 9
8257 8299 248
8273 8301 127
8286 8302 95
8303 8339 171
8319 8336 204
8320 8370 153
8344 8352 191
8353 8358 202
8376 8380 290
8404 8416 154
8432 8476 243
8448 8467 81
8448 8460 240
8457 8474 280
8475 8513 127
8504 8521 61
8533 8577 99
8545 8595 285
8568 8574 38
8587 8602 226
8606 8642 96
8621 8645 39
8635 8643 190
8646 8664 141
8675 8687 53
8702 8724 28
8723 8727 79
8734 8746 293
8762 8793 27
8788 8808 44
8791 8841 300
8815 8863 66
8842 8881 21
8867 8890 195
8869 8889 196
8889 8894 6
8907 8914 246
8910 8937 172
8933 8983 74
8933 8937 154
8947 8966 192
8957 8958 79
8976 9014 282
8990 9008 56
9005 9031 233
9012 9044 269
9020 9043 213
9026 9051 259
9055 9102 203
9075 9116 8
9098 9116 151
9121 9166 13
9128 9155 270
9138 9187 29
9166 9210 29
9196 9220 263
9214 9263 164
9237 9279 56
9263 9297 230
9266 9305 98
9276 9324 94
9276 9291 31
9284 9304 189
9294 9335 100
9296 9299 79
9315 9320 1
9320 9356 152
9339 9370 254
9345 9375 290
9361 9376 235
9361 9389 52
9376 9386 95
9386 9410 230
9411 9414 130
9434 9439 85
9460 9488 39
9474 9477 230
9492 9498 216
9511 9513 190
9522 9540 105
9548 9584 60
9571 9594 4
9582 9613 148
9590 9611 94
9620 9624 155
9633 9645 49
9633 9670 225
9644 9659 218
9668 9703 221
9684 9724 209
9704 9739 229
9719 9720 57
9749 9785 56
9750 9787 107
9762 9776 220
9789 9795 293
9810 9850 87
9819 9849 252
9830 9865 40
9858 9890 193
9868 9910 180
9870 9904 287
9899 9922 163
9928 9930 278
9955 10005 34
9970 10006 156
9993 10033 270
10004 10048 125
10023 10056 177
10025 10056 159
10040 10071 183
10041 10055 2
10044 10091 144
10051 10087 16
10069 10115 148
10087 10123 22
10104 10149 263
10125 10142 191
10152 10197 152
10161 10169 126
10180 10206 248
10207 10250 98
10217 10254 264
10234 10254 180
10260 10291 155
10273 10317 167
10298 10348 83
10326 10356 165
10346 10352 76
10357 10402 1
10369 10379 254
10394 10418 296
10419 10450 279
10425 10441 146
10431 10434 100
10438 10475 132
10457 10478 189
10480 10520 280
10491 10521 189
10502 10504 278
10504 10538 38
10514 10542 237
10542 10544 84
10551 10576 206
10567 10601 184
10569 10572 77
10576 10617 139
10582 10600 190
10607 10640 18
10625 10644 187
10654 10665 239
10677 10715 116
10701 10702 101
10701 10733 294
10713 10735 87
10718 10720 231
10720 10769 101
10724 10747 202
10738 10766 114
10763 10810 26
10773 10778 36
10800 10845 178
10822 10852 104
10829 10851 203
10852 10874 128
10862 10888 240
10870 10885 263
10886 10903 113
10892 10938 149
10912 10959 75
10941 10955 172
10951 11001 106
10952 10966 90
10971 10998 107
11000 11024 161
11026 11028 274
11026 11037 238
11052 11096 265
11081 11108 79
11098 11135 151
11107 11141 222
11115 11126 119
11127 11169 87
11150 11200 198
11153 11155 217
11168 11194 152
11177 11182 112
11198 11211 22
11215 11238 160
11216 11232 156
11224 11267 156
11242 11273 59
11270 11285 186
11300 11306 66
11302 11322 177
11309 11310 168
11324 11333 266
11352 11356 109
11355 11357 201
11368 11381 264
11372 11396 5
11384 11401 181
11414 11439 189
11415 11464 102
11418 11426 43
11431 11453 190
11443 11482 64
11466 11501 43
11477 11514 40
11503 11540 270
11516 11527 36
11545 11593 284
11569 11575 109
11591 11595 126
11612 11619 13
11622 11655 219
11634 11661 180
11664 11692 171
11679 11727 6
11696 11697 289
11700 11728 193
11724 11754 1
11747 11748 164
11769 11789 155
11771 11787 265
11773 11774 231
11797 11824 177
11826 11843 225
11840 11888 84
11865 11879 260
11865 11872 210
11884 11917 128
11887 11926 197
11900 11924 97
11913 11957 243
11922 11934 136
11948 11959 102
11960 11980 166
11969 12010 160
11987 12018 214
11999 12027 114
12010 12055 237
12021 12030 263
12021 12046 265
12046 12068 92
12062 12070 149
12082 12102 125
12108 12111 39
12111 12156 285
12119 12153 172
12126 12127 99
12150 12199 105
12160 12208 125
12182 12220 41
12212 12215 37
12239 12285 265
12267 12311 45
12281 12313 189
12284 12300 228
12287 12303 257
12301 12330 66
12304 12349 54
12309 12355 81
12318 12341 70
12330 12348 150
12344 12373 20
12367 12408 234
12368 12409 250
12397 12445 18
12426 12461 189
12432 12474 267
12440 12482 269
12465 12467 283
12475 12506 127
12477 12491 207
12479 12514 156
12489 12518 1
12514 12563 89
12534 12575 75
12548 12582 195
12552 12591 95
12554 12592 80
12563 12564 7
12572 12602 162
12588 12592 157
12593 12633 274
12622 12663 225
12638 12655 83
12663 12665 44
12677 12723 13
12680 12724 61
12702 12723 216
12714 12763 89
12743 12778 63
12762 12791 257
12785 12834 2
12788 12791 35
12815 12837 41
12838 12865 128
12864 12891 294
12888 12921 263
12897 12946 9
12904 12928 93
12919 12955 3
12919 12946 181
12934 12960 226
12949 12960 246
12974 13004 85
12982 12993 105
13005 13047 261
13028 13068 143
13032 13045 81
13043 13075 53
13061 13078 269
13085 13093 272
13107 13119 146
13116 13150 170
13117 13145 137
13135 13141 128
13164 13212 24
13164 13209 141
13192 13207 76
13207 13208 10
13211 13229 174
13239 13251 112
13261 13291 166
13284 13323 240
13304 13315 96
13323 13348 217
13346 13358 10
13368 13403 169
13396 13411 290
13419 13443 109
13422 13455 136
13436 13478 269
13464 13507 201
13483 13487 151
13500 13540 27
13503 13535 96
13528 13568 128
13549 13598 191
13577 13589 155
13595 13642 81
13615 13652 134
13634 13667 207
13647 13653 216
13648 13679 256
13674 13722 203
13687 13696 208
13695 13696 147
13719 13765 196
13725 13727 9
13745 13791 146
13745 13776 231
13761 13807 130
13784 13786 79
13811 13860 156
13815 13858 119
13840 13867 34
13856 13873 37
13869 13894 185
13883 13919 7
13913 13954 283
13927 13955 223
13943 13974 182
13953 13993 180
13981 14023 276
13985 14026 157
13997 14032 245
14005 14041 98
14008 14034 287
14014 14058 43
14029 14071 271
14054 14058 42
14076 14098 298
14094 14138 251
14102 14146 54
14103 14145 148
14128 14136 240
14132 14143 269
14139 14147 28
14139 14183 42
14144 14168 33
14170 14182 262
14176 14219 160
14193 14219 52
14207 14243 95
14234 14279 13
14238 14281 2
14255 14280 157
14283 14323 128
14297 14331 199
14314 14329 6
14318 14359 62
14338 14385 216
14341 14368 83
14348 14379 104
14348 14362 127
14357 14370 288
14377 14401 198
14378 14428 223
14393 14427 269
14401 14430 234
14404 14416 149
14430 14473 24
14435 14472 292
14439 14475 191
14462 14478 233
14481 14497 58
14506 14550 84
14517 14528 75
14517 14567 162
14529 14579 11
14547 14594 232
14551 14571 50
14559 14576 172
14582 14623 251
14598 14612 14
14626 14644 46
14638 14661 248
14654 14675 294
14676 14707 38
14684 14693 117
14691 14700 157
14705 14710 149
14719 14749 299
14733 14760 48
14746 14773 50
14756 14786 266
14764 14814 275
14779 14798 142
14791 14803 172
14794 14843 109
14811 14847 142
14837 14853 173
14852 14872 225
14860 14878 182
14890 14929 135
14911 14924 138
14927 14939 116
14940 14943 112
14962 14965 40
14969 14982 94
14994 15009 7
15020 15048 278
15033 15038 186
15035 15048 262
15047 15060 253
15047 15051 96
15047 15054 64
15053 15091 139
15070 15102 170
15081 15123 289
15086 15092 220
15116 15157 182
15119 15133 88
15119 15120 202
15134 15155 17
15143 15155 123
15162 15210 290
15173 15205 29
