10000
965 144
679 1051
1958 1199
48 990
1988 1743
507 114
435 1980
384 1208
1805 1928
1944 275
1052 1332
183 1116
959 206
1553 1736
1483 975
1016 1663
522 387
1552 1699
741 591
164 1542
356 1922
640 393
1288 1040
489 1633
901 852
550 375
1630 827
287 1414
949 1935
1267 275
986 905
1346 1233
99 646
554 468
737 1338
1795 1123
152 808
936 559
327 1307
1208 257
310 904
1481 1652
1403 535
320 598
1090 1691
1371 1417
1908 1242
1426 1919
1290 986
1568 995
980 129
1997 522
670 1109
34 215
138 1616
199 1869
1251 1488
388 1880
1102 886
1303 1034
989 921
432 1611
239 1830
1836 619
276 786
121 12
1037 39
9 1318
683 59
1072 1466
462 83
713 1844
1568 317
1572 1751
334 1900
1199 1590
1700 1237
1181 472
1217 1291
765 1465
1309 1150
523 1594
1524 1791
803 393
309 1473
706 516
1848 670
95 76
786 220
1301 90
432 676
1926 1334
345 1257
116 1182
1268 1316
187 28
452 1123
713 777
1433 199
52 1817
1543 1357
391 815
933 1108
1664 1035
458 880
1032 1598
1622 1314
1571 48
274 485
1259 305
1168 1683
490 1906
251 80
1663 636
1249 1275
345 1465
270 356
949 905
1237 599
1516 393
283 944
972 1260
814 859
1342 801
474 1636
1940 435
1775 278
672 1976
947 157
428 1670
524 1767
129 287
125 1519
299 1752
1692 1391
646 163
1475 1635
1945 1095
363 516
480 1304
1518 339
1947 1903
394 1704
280 398
349 1097
1874 1286
84 305
290 1821
847 1479
1467 539
441 747
15 1913
1510 1727
954 306
1533 1273
652 447
1629 1130
1196 1742
1163 970
648 1710
1119 942
278 248
1538 2000
482 835
3 1837
770 1154
1432 1830
1758 1893
420 1201
1399 1576
1335 262
786 996
1294 1781
1023 1869
1265 758
1657 1236
1102 1989
764 1957
1916 775
792 941
678 491
551 1935
1876 163
1871 1052
1593 1972
1174 199
453 1079
601 1816
1742 1943
1126 9
1142 1204
1840 23
1751 1587
544 952
458 1906
144 99
1089 1862
287 230
1743 467
68 1799
564 1570
1765 433
1135 1765
1390 3
1759 1402
748 1007
699 553
1139 1685
554 1004
1918 1849
1426 1292
1941 1506
1068 637
1170 293
1735 1556
889 1358
1134 367
427 458
49 1519
1994 1601
12 924
1267 741
1886 98
783 426
1019 220
718 1491
1436 48
1720 556
1012 582
1511 1208
210 1513
1041 1582
1646 1036
1327 516
1803 126
1578 1784
695 1108
1448 96
843 202
569 298
681 1500
470 1335
205 979
1154 1992
1159 1809
864 618
472 476
1071 1604
1338 1743
253 1528
34 1567
379 1311
1257 129
1965 233
1580 453
1990 1027
471 843
306 359
594 499
464 1169
1289 296
1463 1214
1740 175
719 366
1440 764
664 1225
640 1953
1980 132
653 1512
1055 1930
610 25
408 191
328 1080
541 649
749 589
1234 1211
388 554
34 1069
1919 1212
152 1991
735 1738
1679 296
274 1610
1082 187
644 393
1302 1942
197 954
1909 196
687 647
952 1204
616 1781
1591 902
67 1326
702 184
362 77
1093 1660
1427 62
257 1045
477 89
1478 1528
1131 365
241 1883
768 882
756 1345
470 900
1891 33
1149 1783
640 799
1200 1462
763 87
961 219
517 1821
1616 426
1145 894
848 1098
1532 1862
1732 1390
367 1314
1659 1515
1947 907
777 1291
43 293
569 1078
38 293
1780 1523
704 1174
615 9
383 725
1718 1527
771 1562
518 693
1500 250
1911 872
603 1107
1009 208
543 490
527 461
470 1431
156 1935
1510 738
1631 1356
1326 219
1133 1001
880 1952
1659 1877
1745 1826
1983 1963
600 567
1933 856
1744 423
148 1962
1352 1004
785 206
1623 1582
1594 143
113 1279
766 1704
1289 883
920 1139
1671 721
1198 1807
219 1283
970 1623
1509 1078
1948 1120
1828 547
768 1215
1619 1667
1509 1813
1334 696
880 589
1502 55
1300 1371
1820 1247
694 1220
1924 326
1920 627
1163 446
26 1371
1186 1763
1744 1792
1443 1488
310 281
1839 783
1937 1540
1133 973
600 1146
1054 509
1758 711
1959 1331
1298 188
1537 1513
1859 85
430 1426
1553 1313
893 1911
1180 278
1348 1841
975 775
220 1851
250 1796
1905 144
12 929
1033 1236
1766 228
1216 702
711 270
616 1252
184 1893
1276 1919
812 302
615 1708
626 1970
1773 1902
793 420
1833 338
969 1833
1030 944
288 1062
631 1988
1941 1015
1324 506
388 1329
1864 1961
496 1109
1541 1454
943 1256
1362 1565
533 1076
1813 1755
621 1575
1863 329
934 381
27 162
611 1133
615 1589
1761 1242
220 1713
1735 805
684 1899
1132 790
592 0
1982 1529
653 1348
1168 715
1748 1249
1060 852
1275 387
1012 227
1623 759
1131 1751
331 1440
710 44
604 1982
934 993
1411 552
585 565
1783 118
516 129
1863 890
1422 712
603 699
568 1358
1056 1520
946 859
1697 1412
56 906
1400 404
1193 1725
1304 1866
106 704
356 80
797 1821
90 1113
1701 805
380 683
739 978
988 1729
364 1205
1198 155
1236 1268
852 27
705 1598
172 1734
326 1537
1964 827
234 1215
1268 947
1883 1125
788 491
496 1508
1194 181
1677 1297
1019 1345
1041 899
709 1574
143 157
1790 1602
728 45
1137 999
1162 347
1802 1734
231 961
1181 1971
1942 276
395 1502
1454 1360
968 1326
405 425
419 520
1085 543
1124 1790
1079 1836
1452 1560
313 444
1907 1440
76 1454
593 809
830 1463
997 53
438 1495
1024 1676
1232 1859
1365 1791
939 1428
965 1048
95 664
1134 721
1143 339
744 1883
286 1089
1216 704
289 141
221 145
458 725
1892 1267
1141 470
1516 1388
906 1247
533 1445
1587 1249
1943 430
1152 1651
493 247
1670 1141
1358 1759
1014 1273
849 1199
1298 244
191 1440
740 468
634 1439
439 1210
1641 228
242 633
4 710
1221 1965
774 1851
1178 976
1829 1763
1110 1442
1182 673
1958 1778
826 809
1174 757
1961 407
446 1368
1257 1018
1374 1568
1702 808
1904 1031
770 1467
95 1861
1575 83
809 117
781 328
1412 1715
307 1738
602 1946
1941 1049
1005 275
1571 161
315 1826
1161 542
1694 189
1570 245
469 347
697 1309
1939 290
1558 1890
537 900
1479 381
1190 289
945 1783
639 249
1702 47
1943 1731
1813 85
1980 1996
1514 1543
832 1005
120 300
1477 1777
1068 1005
1547 1115
676 504
925 798
939 1244
817 1054
1546 307
816 286
1942 1821
345 475
1934 1814
440 1822
212 1085
1203 985
1924 1265
1686 1937
577 1833
1805 1357
1361 206
630 1972
1778 768
1039 1583
1966 1451
1670 1703
1785 1831
1773 1329
696 1946
1349 1191
715 1064
1728 209
672 796
1526 1715
1135 1590
881 1678
108 1485
1755 1113
1330 761
170 1381
1426 1480
1006 727
1234 1064
352 1794
1651 510
1465 670
1999 1214
1169 1715
1430 416
374 1824
1426 1607
1039 830
770 1566
117 1729
1092 1782
1540 1605
242 165
1444 1698
536 661
1059 169
687 504
1667 163
544 1000
1834 1555
423 119
936 1159
553 103
461 1982
1406 1358
436 1010
107 1977
1759 158
1723 1196
1506 1184
1365 959
391 153
1149 1917
616 565
656 1877
1324 254
524 259
674 1103
320 529
419 1971
1771 1653
1840 1223
1802 931
912 1814
411 1544
1270 1112
297 1182
5 559
1225 694
1385 224
316 593
657 108
1257 1370
471 1548
1223 501
1021 1555
1508 1963
34 261
870 1990
982 1221
514 818
397 1296
1620 1992
645 466
457 374
1830 613
1020 82
1677 239
1418 1895
821 738
1798 1755
1601 963
778 1812
1534 596
279 563
174 711
412 826
307 1460
1769 585
542 1032
414 1532
727 1876
920 241
10 1779
401 1981
1196 1818
1451 714
1962 991
1798 1050
1021 1479
719 1587
305 1658
379 827
1833 1936
617 1076
679 1
902 1358
575 1450
70 470
352 913
1324 111
1066 1608
750 1112
1629 1336
1232 1323
381 16
808 80
1237 329
1228 159
1576 607
187 325
805 1759
878 699
1839 1532
859 380
1503 1191
1087 1033
411 1471
1326 1157
1525 1398
2 504
1782 1157
1124 1999
1440 1404
912 1070
862 638
1775 1108
193 538
646 1158
250 125
337 509
1726 1433
1366 1255
840 1987
91 1085
1470 166
525 808
1740 1053
1805 305
1806 265
1444 633
1349 1855
709 1314
1020 1403
1271 1532
399 1399
50 1047
746 1152
883 947
1359 917
1822 20
1470 1254
1866 1355
755 212
951 0
688 170
202 1489
448 1598
136 1775
487 1165
63 1420
386 511
1316 1696
1783 1250
182 1948
958 927
5 1308
285 754
1046 854
267 1256
75 350
1293 1401
681 1582
905 352
818 1658
453 768
921 326
1090 844
525 634
982 1237
1267 1848
1434 1087
1932 1290
676 1608
671 1774
370 205
791 810
255 931
1773 929
404 1980
1401 335
456 789
908 1661
1144 617
1757 1818
1319 540
55 1823
552 1839
1865 1935
1368 968
995 1565
706 906
385 391
1022 841
1450 1083
1466 687
576 1149
735 1537
1531 115
1448 104
1839 1107
1668 1968
55 1573
782 1568
706 850
1189 566
1737 1143
466 627
599 709
603 620
1071 1190
527 752
908 1850
1463 620
1966 639
1350 983
112 1083
1219 831
966 1286
259 1064
142 1817
740 629
1985 989
56 29
101 1700
120 1115
1339 131
1654 1820
979 1813
435 285
1424 1492
1122 1136
636 231
1220 65
1490 339
1767 281
1856 1827
82 703
316 906
801 1842
328 1574
1043 724
111 80
1506 1876
492 1503
195 313
577 1504
1922 738
364 885
1994 187
852 995
80 1765
867 825
84 436
773 859
1483 1582
1101 1725
1128 1609
1176 1596
1975 1565
149 1330
1482 1356
711 220
1843 562
699 400
1709 1038
200 1717
632 1896
705 27
102 458
1246 331
385 1421
553 1934
1238 788
639 1751
19 351
1616 1581
961 216
533 322
98 1272
1615 438
1843 957
1504 42
1834 1868
827 1628
1709 211
1545 172
1561 1065
162 1085
885 290
121 1955
383 249
654 1143
1195 1479
127 708
1960 1460
640 737
826 1173
1570 1099
551 680
654 367
1119 120
1774 1869
1147 499
934 1115
245 1962
1153 1971
1537 1883
1222 754
1592 1139
671 956
1070 402
399 1526
865 536
1217 503
1420 1804
1199 1104
423 1572
89 604
534 1699
803 1448
1925 1946
1931 1067
482 872
786 742
1746 1639
1656 309
195 1080
793 1145
556 1687
1719 1183
836 1069
15 1284
1814 732
882 945
1261 1079
113 1062
498 924
520 60
977 1197
400 256
1626 497
1442 688
247 1669
556 1196
1752 1662
484 125
1842 471
1517 712
1621 387
275 1749
1519 529
700 159
1691 1535
664 888
860 810
1278 877
1879 936
713 1086
895 878
751 1869
1420 1019
1529 1599
1030 1668
1106 783
554 930
1867 1165
807 1324
1052 1308
1045 1019
1865 351
987 1028
814 1222
1473 1694
293 1898
857 1764
1046 1563
1204 1590
1473 481
1210 616
1528 115
883 1207
1927 1955
1270 1488
832 1399
224 286
624 257
1251 651
999 313
1420 1206
521 516
1667 1870
1977 1967
1245 1227
1506 941
300 69
1936 685
1758 1579
1675 1336
1559 148
1370 1330
1883 1202
1508 1084
26 1355
1046 570
231 249
1518 892
1175 706
867 1596
1716 224
195 1306
1459 119
1415 576
1523 1368
1506 1028
641 1513
1379 1282
1937 408
1061 1073
1297 1425
1370 1398
1760 615
1712 1665
1769 885
1152 1800
1173 221
1839 1826
184 1357
460 1886
597 1879
1693 423
1534 1825
464 836
755 429
1393 1571
622 642
865 159
483 390
1600 361
1264 1139
1205 1997
921 732
329 218
1952 974
1375 1463
118 545
1045 1835
1257 19
326 1341
314 1260
210 1520
551 556
593 378
1186 202
805 360
906 318
1200 597
1982 1959
499 1354
925 342
102 62
1861 1081
836 1663
973 412
1052 513
1784 823
1927 1790
50 1896
1918 1148
721 379
1458 396
1528 1478
752 1036
1878 752
1946 542
777 991
1812 1135
461 363
1269 1201
1583 1278
1511 1995
841 163
443 331
1892 1407
766 1491
709 1965
155 252
1790 1485
468 1970
440 1670
497 1649
1690 1329
1986 1482
611 1237
1500 1423
828 850
445 1686
216 1299
1101 418
1479 139
46 1415
1847 1887
1245 976
857 791
762 1821
1156 681
1728 1360
18 255
1987 1987
1804 1189
1878 1921
1980 196
112 1881
1322 1531
329 1751
1543 346
1578 891
768 589
1371 716
1501 435
439 616
1055 2000
834 44
492 950
854 1722
1231 1217
21 877
1003 1243
653 1658
719 1188
1061 1571
443 514
1873 596
720 1875
518 127
1906 378
830 1685
336 3
1857 1099
1557 1407
1710 529
1906 1101
1313 1815
809 490
1167 859
1807 152
772 743
523 492
516 1432
1700 289
602 789
1188 1156
1882 823
1935 546
906 464
450 988
1241 786
315 1699
1600 724
28 45
1760 774
1980 1641
1236 420
365 745
604 1179
1380 449
772 1862
495 517
1589 718
1914 873
1083 1327
1614 1326
1847 203
96 401
1727 1328
1137 152
1026 395
983 844
855 1167
1469 1836
671 1953
517 1180
310 4
550 849
1168 1814
1886 1381
1673 1808
1273 156
1199 1354
1304 1076
203 418
1228 77
1711 1517
942 147
1791 989
310 421
3 1157
1115 1148
491 433
1608 1603
1211 464
1772 827
1247 1947
613 107
1409 842
705 1652
1493 1575
508 258
1617 1461
399 1342
649 1265
1789 726
1609 41
508 875
932 58
87 733
1993 419
1526 1180
683 672
952 761
1620 883
497 984
316 1190
302 1383
411 443
222 155
790 1075
1466 1016
1393 1613
135 1965
236 1652
1065 1577
394 1759
1252 1662
1264 1556
1578 1101
283 1169
462 192
804 1848
477 1880
841 893
32 1714
919 315
293 1334
1810 1163
1364 266
773 1130
655 74
1178 1886
1114 495
902 237
1383 1927
75 1423
1837 1997
1066 982
1353 395
307 547
1434 1406
193 486
1226 655
332 521
982 1881
69 1719
189 461
1266 1308
1521 1606
327 234
1345 689
396 438
1845 1966
1256 1104
237 1879
438 880
1953 1191
1630 1432
1231 67
1845 1972
1770 890
382 798
475 993
1856 1873
626 875
1148 696
1130 858
1289 316
1146 554
1452 140
625 1601
1705 556
1832 396
1714 1481
1913 1000
829 1475
1669 29
616 1456
688 444
1544 792
88 874
614 1425
212 290
580 412
1298 1647
201 643
1415 1386
41 1989
454 432
2000 107
67 1918
942 1102
879 1727
167 1994
312 1888
1756 785
527 1161
1039 1800
1921 1117
1174 598
1189 740
1497 997
483 758
1596 304
1971 622
88 1755
954 1386
1180 75
1490 1580
407 1336
1137 1915
756 348
796 1312
678 1586
586 1348
705 297
1639 879
202 1932
1977 894
1980 835
1619 583
1822 672
1821 436
1466 125
737 619
1911 864
868 774
1424 1603
1765 921
957 942
990 1665
616 533
1697 1839
483 948
1447 1550
271 2000
1999 1671
309 476
1223 875
1675 970
1002 729
1884 1319
1060 1469
259 1890
935 232
1751 805
1501 1254
1599 1235
1509 1022
167 1770
510 1405
1151 193
244 1810
869 937
1067 1708
803 1862
193 1275
616 389
643 156
783 1681
1750 333
1202 1456
779 1292
1717 1499
294 154
579 757
825 745
807 534
802 1695
397 263
90 1872
973 1922
657 85
1581 748
94 84
1077 1381
1371 567
1362 1405
941 269
1347 1852
698 1590
1265 1161
1953 749
628 429
144 1081
1331 1327
584 816
1813 1042
1824 1907
930 1054
352 969
202 563
247 710
1757 1543
1493 604
312 742
754 1745
499 1203
42 1647
695 947
622 1583
1670 553
432 1115
1454 523
579 74
1253 1212
708 1513
713 1993
956 607
816 863
1001 1149
53 1031
1202 107
1957 1025
1865 46
890 1437
1019 350
1762 473
1330 155
1029 1571
409 1972
76 808
586 741
1637 1312
676 566
1738 1972
976 960
244 1402
1999 857
1657 1897
1906 874
1271 1490
950 1408
1094 662
1945 1474
1229 606
495 1119
975 1378
320 1676
717 1817
1762 157
1072 1249
702 1647
1691 1641
553 303
1562 604
800 1541
1654 355
1249 783
588 1851
263 1486
1221 1442
878 501
1594 1720
1104 44
1426 745
987 1100
1025 1742
707 1979
1737 1299
180 661
410 1701
551 954
2 433
1921 1779
915 1895
1061 1162
1010 612
957 1498
41 1769
1225 480
1427 1522
783 1393
453 627
205 1096
1287 1538
815 1653
1334 831
1843 119
1455 896
595 1633
554 1549
1563 1777
154 1336
1841 344
88 333
406 588
1820 1443
558 478
2 1596
1469 530
1291 935
1394 1548
710 1392
257 1754
1626 1857
1214 731
1695 635
168 1764
622 32
1704 1275
657 1589
1111 392
1769 899
1148 997
1215 1080
1803 1549
1362 1230
1178 1228
524 1666
238 1601
952 1907
1792 1603
1829 1887
1345 1296
894 1510
961 786
1813 289
1610 681
1333 475
887 146
1174 1376
931 1136
271 1643
1012 1911
1436 1596
137 806
729 889
225 1083
1141 248
1879 1577
1042 1035
600 11
1997 562
766 41
1500 674
791 389
487 1392
44 268
896 1544
928 871
1101 200
898 1438
1954 50
1776 1366
1397 320
827 1788
924 225
787 1470
612 660
1356 995
939 205
325 922
1544 1887
718 1869
1295 479
33 247
378 1798
324 1869
895 95
851 173
297 633
1013 20
142 466
1539 510
1522 1027
1838 1752
305 602
906 1167
1440 1816
261 1982
383 515
432 902
11 1944
1526 420
730 1279
114 1317
1471 690
576 1519
1469 753
1771 1209
447 645
1215 1335
793 1847
1809 974
132 664
357 736
200 323
858 1699
584 1082
1352 26
1254 350
733 1975
1966 564
895 1962
244 1980
1660 1547
1799 61
1387 1058
1529 1063
412 673
1042 1012
1974 1897
1807 1864
262 606
1155 1656
630 374
735 460
1353 727
1186 1946
1471 1551
1957 1000
1630 565
523 1395
1166 1042
977 1810
1391 1958
1665 1403
996 1384
1420 596
1514 0
1871 395
300 1149
1759 460
925 865
934 277
710 140
525 1260
1439 401
339 775
294 477
189 1550
1934 1477
786 529
1969 1042
130 1671
1173 1668
229 245
1020 178
771 1805
315 1061
672 1021
1265 1743
1074 657
660 936
1538 883
866 450
229 724
1139 1773
380 21
1229 1635
1741 180
1958 1633
1875 127
1188 1295
418 1342
360 1591
895 1517
867 1570
728 1476
487 729
1279 400
1333 1482
807 1037
1235 581
1784 1864
1989 948
1020 524
1310 413
61 1447
1330 1936
1132 1042
901 1820
711 504
794 191
1535 1546
1182 415
1498 159
1755 1266
1267 1391
1527 1105
1798 1450
410 1894
271 1277
1836 228
1990 501
997 334
155 1086
1746 1075
585 983
1108 445
1135 635
184 889
1594 1211
926 1369
167 1543
161 738
1038 647
841 1271
62 266
46 791
1164 328
622 1884
514 1914
515 1506
998 641
1400 109
1894 1232
1088 1504
255 1185
1398 676
47 1720
1735 1649
1905 323
1296 1221
1407 1780
1694 50
1834 1242
1806 1837
940 1862
619 1805
904 1427
718 1535
506 1919
93 836
1169 62
924 1486
358 1179
1250 1776
1289 385
752 1474
1137 452
438 194
801 1753
1792 1510
1660 55
360 715
983 1815
61 980
1083 793
1466 1946
1785 1428
1675 1401
1675 1576
780 828
986 1609
411 54
1666 1428
1449 512
47 1655
501 313
1255 1737
1010 1372
970 1995
1634 1516
486 263
819 726
1503 1666
1516 773
1595 49
1918 1679
1796 1202
1268 1288
1397 246
1381 47
735 858
286 145
1776 520
673 1141
547 388
435 1054
1953 30
172 1199
1316 977
552 1245
843 820
906 1602
1516 1689
980 1625
1851 1253
1534 1458
393 1210
1398 20
1031 700
1016 85
1397 523
1825 40
1140 269
340 1272
1284 509
1240 12
151 323
380 1778
1735 1231
89 1805
122 1547
691 166
349 224
1460 176
1933 1743
696 1781
1959 292
1455 1555
209 1878
219 567
1507 1701
212 979
1794 1395
1228 1095
1473 607
427 927
406 1046
1335 978
1099 440
125 1116
1427 1537
1614 897
112 32
765 580
909 0
328 744
717 1057
1950 257
1279 1680
262 1942
283 1689
60 968
1781 955
1536 1220
150 548
1688 1612
1360 891
120 1463
273 372
1347 1858
1163 1160
1855 376
1576 1449
582 973
1620 371
29 1558
347 1757
145 547
732 582
1601 1137
1756 1764
235 1946
530 327
1732 1781
277 1795
253 1080
1647 1026
765 98
1907 1621
1383 1745
384 1205
1776 148
665 1486
1696 533
77 1643
1750 1158
557 291
1694 814
683 1527
1181 286
412 1243
760 1475
1356 683
673 1154
1683 1243
1719 749
1950 842
1113 773
28 438
1487 1872
91 299
607 505
1815 152
1894 1963
40 61
1084 409
819 966
570 901
645 1512
1289 1347
443 744
144 1405
1410 1726
249 611
1223 1757
1394 478
1806 350
866 744
479 1052
1734 1179
1656 1978
593 1222
1834 1000
542 1881
810 672
1505 1685
1726 1273
1105 549
74 1223
617 453
910 213
1423 984
1495 557
1036 1950
1327 586
1439 1126
1797 683
895 1536
554 1795
586 1520
50 1899
1149 354
1922 83
1118 846
381 423
1946 618
401 755
1661 1921
1375 400
146 100
33 1623
1690 175
1425 1307
957 1354
40 660
1669 1656
603 1904
1874 1002
1295 517
1319 1307
525 128
663 1460
1635 630
1486 1158
1153 448
409 1251
672 818
1074 1550
1428 1170
61 450
1738 751
292 294
733 441
1117 123
1285 438
740 1243
1109 1560
188 1770
991 1537
303 129
1433 773
1098 917
1311 657
1329 164
1942 1634
1889 442
881 914
1920 887
1120 68
1193 441
293 1649
1537 1286
790 640
924 1254
22 1880
1270 1471
802 1559
635 861
1119 1393
137 580
1354 1794
1175 1997
284 1186
1237 210
1960 1031
1792 778
1412 1727
614 848
1429 1241
47 1742
1036 1435
860 1190
314 912
1375 736
997 1288
635 1994
1615 261
183 996
834 412
1637 1243
1024 164
16 1817
1676 944
1911 644
1371 1936
974 934
1705 692
683 771
109 1361
806 1042
628 1489
923 665
523 1420
1108 136
266 82
924 320
415 691
710 1235
910 1013
782 54
1215 212
1599 151
1569 63
1499 1524
545 498
761 1040
1078 1774
151 1589
975 502
1246 423
116 1013
650 1080
174 1350
263 1942
8 101
653 413
1906 1721
594 1493
1787 203
692 298
1184 206
977 965
1076 1340
1739 155
1189 1313
1037 294
1215 37
604 1492
1681 1403
1683 418
1763 1350
1979 55
1414 1135
1217 1678
895 1620
1718 1062
1407 1196
46 1867
422 629
1753 966
1613 674
1612 788
60 1679
1137 554
184 1173
49 599
1982 1851
1612 151
1065 35
243 1590
116 521
435 1965
1349 1607
200 1570
1128 393
492 1986
1717 1219
1860 834
1812 1612
389 765
229 530
1772 1319
629 1910
1306 1169
392 755
1170 1577
582 1075
575 1153
1964 1094
1034 1233
1436 1841
839 1399
941 1961
762 1846
914 372
915 1844
270 1255
1800 1803
176 968
855 988
185 247
1363 188
1655 1728
473 1757
252 1212
325 1767
712 1565
711 1580
1653 1067
1620 647
1525 352
809 1003
1647 1116
696 904
462 1963
1537 1798
1927 572
176 1069
997 1744
261 367
1276 78
784 1234
674 140
757 98
85 86
1455 8
1546 794
1435 194
197 1751
1529 476
570 1660
1500 309
1368 216
714 1754
399 1838
1681 20
737 407
604 968
904 129
111 970
1249 1102
1559 1062
234 35
1629 1291
1532 440
371 1623
1927 1880
268 337
1865 1986
19 8
68 1089
1078 25
1480 1433
1476 892
1444 1956
1437 774
1426 1900
874 1351
1335 299
1992 1234
1976 1721
506 904
829 1749
673 531
1192 961
1269 1701
1505 1479
1371 1973
954 523
87 1072
1499 561
799 441
1906 490
1737 270
290 1650
1239 717
746 135
1818 334
524 1096
1463 1991
1212 1115
1090 1979
1697 251
393 1724
1439 573
621 904
703 1240
689 909
1995 1248
226 794
1221 1852
1201 330
1690 1204
162 677
895 489
1136 1337
1445 809
48 1784
816 298
1937 1178
1237 1304
1029 1450
80 1745
213 220
1485 1672
1694 665
197 1389
736 1983
1595 1874
182 915
130 1509
648 1646
1630 1469
1144 1316
1864 394
1596 1507
1885 1665
507 539
1999 502
1326 1329
423 1396
1285 700
319 1767
181 110
1786 753
1347 409
1194 1920
627 238
1667 779
1664 633
1624 568
1900 47
142 1799
1976 975
1037 1460
1339 62
1832 1490
1050 269
743 1123
96 1427
1048 405
481 1598
182 129
722 97
572 586
259 754
1570 80
1323 1345
1643 805
117 1378
31 1167
1654 1675
663 122
1729 1962
1755 1610
245 1895
1522 1969
417 867
122 877
970 1175
1154 784
771 42
1808 366
1230 75
1145 55
1434 131
374 727
834 740
1917 35
448 659
1899 956
1501 1447
1929 1505
729 910
1866 1777
846 456
1339 1004
1330 258
1749 160
138 435
725 954
771 729
1903 353
1524 773
1390 429
1934 71
1618 874
270 1984
1584 1991
362 741
1045 638
1895 48
1375 1773
1925 66
1816 1373
1297 1609
864 978
259 288
926 1147
137 1955
1624 617
181 510
287 1452
204 289
1771 1626
1872 1717
1133 825
733 1249
208 1173
819 789
1075 913
377 1374
1829 1675
1435 1248
1183 149
1625 881
1463 122
728 468
1744 414
189 143
1050 1408
1441 1292
1491 429
1496 1338
1230 80
1519 841
912 634
1218 1855
1748 909
1241 1020
209 207
921 1027
357 888
1231 1479
1664 1659
1955 1075
1191 880
297 614
511 1783
1007 1417
259 182
1159 932
759 341
43 1435
704 1915
1541 685
911 672
1113 325
1963 862
1045 1409
1282 369
411 1998
1143 1884
490 1096
1017 1347
962 1330
551 1835
792 914
1096 89
649 795
807 1574
1349 18
40 575
459 1101
1128 8
1939 1918
988 982
349 921
1484 1716
1241 464
266 1227
1167 1520
612 1998
399 1240
918 1311
559 376
1965 465
1241 1731
494 122
1509 384
966 1339
783 1297
1262 1541
160 1658
1194 301
414 387
1827 314
1399 1727
865 755
507 1375
427 1880
1352 19
1592 760
1108 1653
1941 1952
771 1881
1324 137
1329 1898
1576 1081
1641 1126
1007 105
640 136
1898 497
184 1120
1367 1572
1268 399
1157 1676
1155 1428
1575 1897
1389 776
418 1115
1999 1444
1080 1671
1453 1168
29 1752
1350 388
371 763
307 190
1256 461
763 378
1187 1859
156 1103
1804 1568
444 1793
1034 149
1882 838
1076 1689
833 1104
1962 572
1897 1168
1284 1081
891 1295
867 1732
1405 1357
1665 1396
420 1562
1550 1678
1967 919
1000 1999
171 612
628 656
1920 250
1983 576
1044 836
479 1435
1369 611
592 1837
529 1529
1224 1328
1434 297
289 403
253 1111
267 1075
154 1471
1151 495
1590 1299
1345 626
1315 1035
1109 1451
519 1453
1431 529
884 400
1491 1201
1519 1714
486 1076
1528 781
346 734
1160 1272
1784 1850
939 619
908 467
477 1139
635 1410
759 600
163 1628
963 1248
473 1457
1389 1825
1482 968
759 891
1848 1693
1112 1762
1652 1548
898 1046
135 473
418 1169
1256 446
1300 1218
1257 858
246 715
1427 991
1349 1541
872 192
1658 1292
467 229
68 1539
1639 1209
1605 329
1283 1483
462 1905
14 1669
224 1869
840 16
314 93
1021 705
1888 926
1791 534
163 1652
970 1227
755 1066
989 1287
928 1701
1942 653
1957 56
1818 1516
1206 1570
954 318
1141 173
600 372
1047 1987
899 195
850 223
1520 1128
26 412
172 411
1836 197
324 1110
839 1372
978 839
347 812
1250 1649
509 790
1609 1015
1712 411
1029 1947
1837 1601
1443 1775
1811 435
1750 723
240 1031
1168 1151
230 1641
796 860
27 1314
1007 1296
1646 10
1937 1239
1900 1058
1020 275
1589 174
1564 1219
1148 522
370 1736
1692 1630
737 752
1642 1622
1305 1416
1043 245
1077 497
817 1440
417 881
189 297
1420 622
1664 1232
1210 1324
61 740
1638 1560
1169 1242
1781 1170
828 1530
1313 1798
1852 19
189 811
1 674
541 864
217 470
688 475
788 301
497 1154
1760 1764
1833 1046
634 1260
696 678
108 646
971 1388
1272 531
520 530
1510 892
761 610
1502 586
1055 1125
307 824
1910 258
992 1124
1127 390
372 1712
1614 1122
1140 1209
1441 1046
185 271
1109 474
1057 1631
740 552
1498 342
1775 1199
116 706
877 1098
1826 1254
489 138
114 960
1686 1169
505 795
1361 1988
1288 11
266 816
232 1919
566 211
1923 1129
1008 546
1963 566
1127 1989
8 493
204 319
1683 444
1108 1962
47 118
1356 1815
1659 329
529 1208
147 1014
1739 1378
1139 1394
710 1420
1673 381
310 1882
1589 205
727 1896
453 999
993 1377
1546 1794
676 1458
107 1625
1089 1282
278 902
1033 1022
1301 1648
1735 1547
1603 1260
1226 1445
1107 1869
791 935
451 1352
1745 1623
321 337
1873 1
302 467
144 1780
1078 570
760 75
222 1274
1184 1179
1521 658
235 1692
1065 1009
231 1230
807 779
1575 139
1017 1448
90 3
211 1701
1880 1824
385 622
1928 1303
274 557
737 782
262 91
1229 274
1200 1042
860 313
874 15
1917 1430
680 1287
73 1463
65 924
393 1008
1210 1169
158 472
1864 785
1395 1097
85 187
28 1965
116 669
1343 554
1533 1023
877 544
727 27
1970 1643
868 420
1211 779
479 1686
311 1913
1921 248
857 322
1166 892
161 1591
436 964
352 1545
758 1112
1692 919
1797 544
835 803
1984 782
905 314
1908 1003
1315 735
289 1830
489 1059
1425 1768
661 1871
890 470
360 478
506 256
1866 140
1760 1481
761 1261
103 1850
905 891
1097 1887
576 1795
261 223
353 1738
44 1850
1243 1618
1026 1851
1465 1549
1540 1463
589 1205
841 995
258 1053
1027 1370
1432 1046
37 1750
303 714
1228 1772
590 1559
379 1731
1767 1683
956 1795
1246 1117
160 1304
127 1198
805 1915
150 1694
1628 1726
428 935
1690 1437
954 1799
853 1002
1313 298
1110 1753
1647 396
1103 774
693 1117
1710 794
929 1195
1630 425
8 1978
1155 935
1568 1857
1865 1725
1490 541
212 1070
726 838
1339 853
1487 229
1244 661
842 1750
1 165
558 659
103 209
1156 697
760 13
1143 95
755 319
1090 449
1633 1534
495 1518
170 1577
68 718
15 71
611 561
1872 1699
1688 1527
45 1920
1712 1364
237 1900
1337 1340
266 325
427 903
1264 518
1555 379
544 1774
774 269
1644 1842
362 1034
459 1710
1268 1874
1970 977
1173 563
1068 1829
961 911
688 1431
78 388
1164 105
1218 156
1483 846
1966 261
1055 1201
550 1547
1455 669
1458 825
1450 555
1465 111
159 1893
498 1483
219 1804
856 1477
306 721
617 316
1213 208
418 1378
228 1356
514 840
1465 252
1933 846
240 1877
1252 472
1586 1037
1400 615
1356 1797
848 354
796 1114
1181 760
709 1489
1067 52
94 790
87 925
1327 1952
81 1175
1442 1289
377 1000
1671 1927
607 1983
498 1770
1433 430
25 1788
1796 1532
790 42
612 1931
288 1406
1319 433
1221 892
540 1074
1320 372
1200 1878
1559 674
444 631
244 1961
1149 1076
1732 102
898 1114
635 659
210 305
209 142
551 1496
1898 1443
839 114
1611 402
1026 953
1646 1973
627 301
1892 647
818 1599
1779 39
298 1649
1147 1829
946 540
1197 479
731 1159
1325 1615
545 1777
1428 609
1384 1423
785 771
1868 187
67 1841
352 1466
1799 492
1066 93
1779 1992
1646 61
777 1945
651 685
1060 777
885 163
397 1467
827 1895
594 616
1573 1971
1582 1155
173 838
28 1921
1990 939
1627 1081
1618 74
315 1379
1282 854
1815 317
372 1260
41 1167
1961 1184
532 838
1561 613
1906 1658
1591 1438
91 1687
312 876
535 1342
1371 908
731 536
1769 947
385 385
421 34
1519 641
20 493
1542 669
361 1364
539 1163
661 1985
138 867
1110 958
610 534
571 1952
1267 871
1255 1513
1968 1516
818 147
489 1466
1857 1610
1981 1333
732 1484
587 308
10 1739
723 1453
1736 756
955 1165
1443 1514
1499 243
342 393
916 345
562 1334
273 1271
1483 1993
1163 341
479 1629
1911 1617
1475 1546
955 1313
1242 412
92 1690
471 1948
1369 532
849 530
751 1865
1394 1324
808 1925
1998 1886
1223 33
1415 1184
78 1890
1831 80
1602 440
1915 1725
1503 829
1045 207
1773 1281
1965 130
153 1951
1495 205
373 134
832 406
782 1369
1207 812
835 31
361 644
47 538
1772 1321
669 1466
59 49
1036 1555
196 755
1324 230
808 1258
581 1154
31 864
1524 974
1285 626
1190 1782
186 1968
1823 118
1125 1175
1241 1818
457 237
912 1743
1908 1758
1395 1796
1390 106
1972 425
905 1581
1495 1483
940 354
657 1520
1264 1887
40 925
1360 1117
1598 163
241 1806
891 865
1395 1652
487 1192
756 727
1216 1635
601 1819
1246 371
461 1218
1075 1508
118 1895
1945 389
1905 1119
748 1323
308 1992
348 1690
350 534
1480 190
1958 514
1567 1134
1175 1448
619 1370
524 1337
1801 640
1521 422
1676 905
591 1927
643 338
1187 615
1982 161
1852 755
600 1864
966 534
333 1693
658 396
60 508
1231 322
357 1687
378 426
1728 1481
1137 92
1324 1987
586 103
787 1964
889 1646
1821 1210
317 370
330 1517
1318 202
158 1369
519 93
351 1138
1352 1988
275 723
1829 896
649 339
1121 663
410 403
163 1525
1534 407
652 606
1325 1137
689 511
1283 717
944 0
40 1709
1445 414
911 91
254 178
1458 1288
1802 398
1396 274
1439 1858
1717 882
899 331
1856 1488
1922 964
1948 943
750 1026
28 810
202 12
1108 765
1563 1584
33 1477
1874 1036
853 1699
1922 289
1231 817
722 1707
1990 1177
97 1942
1061 1295
1674 1711
1743 348
131 1638
1978 1244
1414 507
748 411
83 77
1070 534
1168 435
1383 128
244 675
841 561
808 1516
994 1070
902 1947
10 1933
892 1893
1826 85
862 1595
981 1304
296 673
1329 153
423 1603
179 1670
669 177
1184 1319
127 917
915 165
1570 1611
62 1216
267 1027
1821 1011
88 1620
534 709
320 1611
1943 855
346 533
399 841
199 1263
1427 561
890 1923
225 447
487 319
987 1755
785 1875
332 908
731 1744
330 1650
500 1203
1665 1930
1992 174
369 187
1841 438
436 1232
1905 1155
200 1191
952 275
430 1477
57 1771
775 833
1824 1465
741 1654
692 161
574 836
1588 1740
1511 1003
594 448
1094 546
1893 603
1312 63
1357 1821
786 347
1370 830
871 265
1043 305
368 595
674 1006
1356 188
847 747
1139 911
1898 690
1730 272
1065 493
458 1734
1875 859
1544 273
1974 1905
1639 582
135 900
152 1261
1856 1535
684 1147
502 1597
675 1983
533 1339
631 489
1558 751
1923 337
187 1560
655 1675
739 802
884 961
614 1217
1106 520
1434 71
1143 1666
1122 1725
1654 1358
959 1003
405 853
81 239
1615 70
1014 1095
463 1332
1751 1078
1790 917
1642 588
1470 1965
530 244
1951 672
1885 895
1796 1469
1661 1505
67 798
277 438
1905 1777
1169 694
1717 1548
183 363
9 180
636 1410
1151 1058
1255 110
44 969
1139 1917
192 1599
621 1400
455 1314
1918 1368
101 270
1919 997
1261 1356
152 1306
1382 768
1356 1538
543 93
869 907
754 865
565 617
1966 1485
705 774
15 995
1128 1299
423 1218
654 563
1138 1408
1065 378
1436 882
1755 25
1619 41
1130 1836
428 378
332 611
55 1225
1674 1708
1324 837
977 312
1004 1681
1902 1455
1735 860
1580 1382
914 1334
576 299
1015 1341
1631 795
58 1513
858 1725
1291 1656
1837 1328
500 105
919 715
1818 1211
1507 879
308 1175
356 1923
1761 477
1161 165
961 1803
133 611
1279 185
1642 1482
1139 319
792 1894
1726 244
121 1706
1601 1489
1823 564
1986 843
842 1723
1361 1722
1034 294
63 667
1616 519
405 1439
1464 1969
1418 978
107 154
1612 1913
403 159
503 1501
1389 152
1965 690
322 1079
798 1677
1544 1414
769 350
860 268
50 1444
939 989
1834 49
565 1615
1265 1473
968 1979
274 74
221 364
570 493
1861 840
532 1958
612 1196
1051 743
1827 43
113 622
1372 370
978 1336
537 1713
1450 298
572 1661
287 1875
1359 1974
1451 1368
1155 1617
334 292
146 1634
426 1531
1100 1212
1406 1155
510 1680
1304 936
1179 979
355 202
785 196
1894 171
1261 1646
761 743
1901 23
135 522
756 187
1209 1882
136 810
740 677
1987 430
338 79
709 1584
1585 474
1871 234
1178 1383
1477 1563
1031 1401
288 1735
723 1465
226 1076
1700 1562
1785 577
1602 1476
1386 407
1024 1589
1389 342
688 358
1482 1370
1175 865
569 1774
1573 623
1106 1161
975 40
506 661
1150 1654
1430 671
248 159
1879 1173
381 981
685 269
493 224
1599 1386
613 1695
601 1578
1701 703
1633 1810
968 1194
411 1899
1737 1079
909 1342
25 1261
353 1939
194 1592
765 1067
1279 1248
620 746
1426 1956
1169 1935
830 1787
1395 359
35 592
555 795
940 264
1373 1435
1696 508
338 2000
1716 612
1642 1415
599 1039
647 1824
262 115
1164 605
488 660
726 1221
1750 1629
713 1166
805 819
920 1469
760 1787
1764 972
1733 1581
1581 87
1148 1310
1657 577
1658 1255
1616 1568
1936 1066
1882 160
1769 1954
177 316
495 1366
270 314
1068 82
1897 1640
1657 300
1101 1877
1567 143
116 1375
1078 353
892 935
1567 373
1 1643
852 1597
1070 725
1720 1334
1808 1753
760 1959
1528 1932
813 78
162 1687
611 1118
1174 895
1194 1084
560 448
1860 1835
278 1922
1640 239
160 633
1636 1040
259 1096
1130 480
1432 1374
523 308
471 917
878 911
1697 1557
1427 130
1923 179
1782 1408
1284 1417
1180 996
787 1885
1198 957
1963 161
918 1847
1498 1651
1183 1127
1792 129
1441 68
306 872
426 196
1700 1981
903 1760
1530 1998
1548 217
513 111
321 1034
1856 675
1654 552
1877 595
646 1830
1250 857
492 1318
1417 147
1114 1358
1810 913
1311 156
327 332
1613 1384
895 874
884 788
1008 1755
1613 645
1174 1987
1176 1682
852 583
1427 1499
743 431
722 1718
108 1093
1837 679
1104 419
1437 280
597 761
814 1409
909 42
400 208
1770 993
1987 1360
447 1347
143 848
1852 1375
1511 62
416 1097
774 241
1780 164
488 1306
1517 1039
1268 153
1733 221
474 1425
600 557
18 1921
111 1209
1669 1244
1018 336
452 624
747 1902
638 1414
1040 271
1255 1918
1632 1537
1265 24
1251 1576
1044 807
1414 1404
262 200
562 597
1759 1009
1286 747
565 1570
1864 1479
1052 230
1496 2
1585 779
1645 1968
322 469
1597 891
452 67
528 964
823 518
342 1668
899 426
778 1461
862 0
1780 1890
574 1315
642 1539
86 1947
1710 1002
1627 1877
782 1259
1393 362
1279 1170
44 1115
540 802
479 1872
1335 1874
1432 1983
1190 1448
402 1059
1288 403
1260 50
259 1232
1084 707
1245 546
741 126
1728 1643
230 1704
1729 791
1625 1861
165 304
1428 359
413 1248
1913 263
54 1602
212 935
1763 405
196 746
463 191
244 217
1527 502
489 469
1089 210
941 668
2000 760
1621 965
964 1671
1600 67
1082 1900
710 427
75 832
1639 947
409 1073
1747 1358
1522 1463
272 546
700 229
572 1346
844 1647
721 382
1907 1556
1623 1676
585 145
1007 1751
852 1025
578 236
273 1278
1148 214
1677 1036
1583 40
1484 1078
348 1240
703 602
895 1970
517 1134
909 910
934 801
755 1493
1476 1705
1747 1044
1268 297
1882 1313
1841 364
1935 656
1343 723
993 1756
355 1213
214 325
39 1966
1754 956
879 1980
808 359
240 1268
522 1007
866 310
1220 5
1563 891
69 1321
1792 1870
1583 1221
1775 452
938 959
1531 1169
111 57
1276 1842
1954 1592
1419 1718
1709 981
1660 480
758 1920
1499 1547
1183 1239
1973 58
1828 938
1602 1963
1586 1221
1176 1188
663 832
1800 1529
1866 860
1815 1792
188 1994
1831 2
1368 769
958 923
1817 440
1168 1347
52 233
1149 1383
1355 702
1875 1612
189 1136
616 719
216 41
474 558
1077 1242
1872 179
1323 1886
958 634
1209 99
268 634
1051 114
1571 1211
774 1020
143 1171
775 442
1548 1329
1573 145
483 1394
981 1514
1435 840
262 1852
49 379
1737 328
207 500
852 857
1174 30
614 1533
151 787
592 540
1790 1985
343 1516
1390 1802
1825 102
136 558
1817 1096
1455 1166
551 882
1475 1904
821 1875
719 1330
1413 257
290 1759
441 232
892 1437
1574 41
1152 1133
1257 1938
1396 1228
256 1143
54 1040
937 207
780 1667
1330 1168
1440 1321
1271 1807
1278 149
814 1966
1851 510
430 577
1549 1959
272 1834
1938 1812
934 609
1180 1530
1253 1672
1536 1517
1237 1219
206 1090
836 300
878 1903
1600 1416
1743 1564
933 1985
1071 278
324 599
550 870
719 1503
1198 1660
1561 1663
1259 1555
1060 1479
913 1343
1933 1545
1017 1406
1348 620
931 1060
887 76
1013 510
791 1954
1333 47
1481 1999
1630 1720
541 442
42 1453
967 979
270 1034
1782 1195
1494 1803
391 1871
794 249
1622 1729
275 286
701 706
88 642
1205 102
1579 200
1077 1329
161 804
1286 1997
1695 401
1026 1980
1474 1773
783 61
1893 1848
589 2000
644 786
1856 1341
1547 852
59 787
793 1735
850 1904
1555 779
12 845
609 1798
1622 468
1104 1582
524 1474
1344 1611
856 549
685 1834
1156 10
400 875
563 1109
348 1050
1334 1139
1213 1028
331 1303
1494 1834
1669 1176
1486 399
475 1992
1016 1909
1330 815
563 1231
229 438
1216 1548
156 943
1079 64
1245 158
556 298
1046 196
384 696
1741 1938
1663 449
1677 1478
753 909
226 1857
973 945
284 1781
1057 829
1933 348
1012 1332
1447 1321
812 1065
1195 1199
1509 397
1813 1634
1121 1572
571 437
1036 269
138 728
722 230
1012 1559
1002 1745
1156 1046
1482 1095
842 390
1425 977
1974 703
1591 1901
314 1117
25 1599
1562 646
598 885
1204 318
1994 85
531 225
829 1169
738 1320
451 655
363 1680
418 1144
965 1648
1423 1720
903 718
872 1578
1015 1064
1854 1080
675 1178
654 1244
916 123
905 851
350 1017
2000 1495
1505 960
1672 629
1536 28
794 65
1055 1080
1639 568
515 588
1236 328
1485 276
416 1807
724 252
641 370
1663 1658
1284 555
1190 205
1986 667
405 1013
1596 890
1178 1253
1425 533
858 1941
797 1344
1503 619
1444 274
1417 179
1900 110
1784 1724
541 1174
1271 1674
456 391
663 956
451 1777
1636 1066
1490 964
1846 435
918 676
1782 376
136 1153
1706 976
1824 461
345 1149
1872 1502
1401 629
1395 1956
435 1622
1787 174
1090 1033
809 234
1531 183
1050 471
387 276
1075 172
1200 127
1651 570
1221 117
1768 615
1488 117
1480 391
226 1780
1873 1082
1035 1656
1955 676
173 1534
1932 248
1757 1217
847 46
1384 157
703 257
1909 693
281 1072
169 353
732 988
1179 357
1494 213
946 149
453 1806
517 590
1937 936
356 1191
1729 1757
497 1459
1578 2000
705 1188
766 1021
962 1303
312 47
332 1602
82 561
1703 1371
1418 1089
1009 1683
1832 1626
579 1478
9 297
499 688
375 87
1417 489
1010 340
711 615
1394 1352
652 931
1354 871
1344 76
1466 804
427 1138
1692 1931
1329 582
105 1223
924 1958
53 629
1994 1592
1912 970
404 460
1204 870
1923 830
1254 1037
1880 744
1005 1704
109 590
581 2
629 1792
1095 1686
280 1160
809 1349
1396 1720
267 834
1817 1265
1323 630
929 1192
1721 1836
1950 269
984 367
856 678
587 1444
436 1439
1263 388
1097 1374
1081 90
1930 5
1840 966
1066 211
1793 1359
1139 729
1526 778
1153 1537
762 1527
677 1390
1732 839
1123 462
1476 315
409 1098
562 1091
953 228
1015 302
1725 1432
1493 1680
1045 1265
753 1483
248 843
1550 1725
230 279
1403 1950
329 1760
463 1004
1012 601
229 162
1946 1842
41 479
1954 1998
1448 1671
576 820
1887 510
132 41
1275 397
1979 1623
1051 1544
929 202
1246 25
1289 1770
1920 1491
140 80
1589 1342
1393 1022
70 296
136 1807
1072 1507
1057 1586
665 213
1641 1608
1126 1154
1383 96
1435 947
1705 818
750 109
1924 915
1726 540
1107 851
1473 1178
663 1544
1788 1439
686 1691
120 673
1299 368
186 1655
315 1716
1848 408
118 1798
464 1073
119 139
66 40
472 1395
1450 940
443 1691
1452 327
1692 1752
1096 65
414 217
758 243
1299 33
920 696
1096 1570
1976 1654
1125 1331
230 1603
406 609
99 380
570 357
543 1338
1680 878
489 1148
228 1876
537 409
1796 982
937 373
1173 983
1276 1584
1767 1409
161 1832
339 1035
1879 364
1612 1778
1154 478
1233 1191
615 1880
1024 1223
1914 1662
1875 640
298 22
1497 1138
1331 1031
574 594
258 1903
1364 609
320 921
1434 1635
1814 682
393 617
1474 1599
211 1595
1080 1158
1735 157
1194 790
712 1890
1223 1299
744 681
446 326
753 306
1369 893
1982 1672
1935 903
850 953
1058 375
68 1035
1906 497
227 1119
1675 424
1350 569
1443 37
390 1683
1560 1486
245 1780
1287 52
1236 1487
689 762
1765 1136
1489 639
998 82
487 186
1758 775
709 518
1345 58
74 446
1468 1793
175 1221
1796 207
1444 798
1569 878
214 1178
1503 1518
554 590
1957 1201
1702 662
1287 1573
962 1231
442 1918
1792 345
1423 1453
1320 1893
400 1621
1816 509
709 1704
1537 1996
988 1348
361 9
1119 1768
407 1755
1080 31
1774 667
215 1452
1553 810
1740 642
263 1183
1994 158
1447 1093
1074 1035
1805 166
310 1709
1809 1024
688 1527
315 644
1656 728
814 1915
1892 662
1873 335
220 436
822 41
810 1540
1251 415
1295 1644
492 833
15 21
1323 529
1048 282
1874 491
1274 1915
1549 1023
1868 286
989 633
1098 0
949 1531
1300 474
1529 923
1778 1219
551 1439
1066 1473
487 325
1254 887
1899 1623
11 1756
789 1218
143 1181
1290 396
32 419
1739 1869
1375 1175
306 240
158 124
682 1666
1111 1698
1444 1652
1470 152
1962 1577
1 1355
407 866
1240 1484
272 811
529 1880
476 1350
857 1533
1373 1907
1361 178
1365 430
1798 1112
613 1477
405 1525
1028 1497
497 934
374 454
1980 847
1899 819
218 1947
1792 1010
724 1898
1569 1422
492 1226
1630 1554
1414 284
1826 1988
1794 678
1997 1889
291 69
719 570
1992 1839
1290 1593
1389 1201
701 1730
1040 1687
1263 497
402 1122
738 823
178 1889
1467 571
1659 129
1632 616
851 1527
556 1840
134 1084
313 1709
1412 748
1210 346
1007 1524
1058 1748
640 1443
913 241
880 170
1709 374
955 1995
1442 548
1435 1597
1098 465
1172 985
779 1000
724 1769
365 1145
1461 732
1376 1084
1794 1135
1945 946
202 1784
248 984
630 1694
316 1040
1845 1557
1271 1519
1453 5
308 1068
1978 1937
1778 1027
468 964
1356 1116
1672 1705
118 1636
1875 1825
540 1387
346 830
266 1865
1786 589
1218 387
27 933
126 13
713 1674
1598 229
834 260
1716 618
1304 150
1438 1089
77 1659
295 710
1786 1151
262 549
1359 1393
138 1075
634 27
447 1531
384 1116
1857 1398
558 232
1962 913
1865 353
1946 1948
1396 1803
1289 1534
1255 1342
325 231
1027 282
1197 1477
51 488
1454 170
829 1687
856 1496
1095 1083
220 1615
1363 1940
989 1186
29 185
168 289
1184 85
616 584
1685 880
1972 1621
1303 1526
1574 1737
91 986
1833 441
734 296
441 1969
1061 732
75 973
1436 50
1685 25
667 903
1378 45
1937 1158
367 455
991 617
1011 1510
1710 114
402 48
1019 898
1189 1600
1736 1016
1384 613
180 1215
515 88
768 1916
66 999
767 619
621 376
1954 597
769 1430
90 167
1365 165
1642 786
1322 32
1519 860
689 1790
1636 350
1575 767
1469 381
1038 148
1870 1425
905 1245
205 776
1666 439
1050 1847
1492 427
683 133
1754 1141
1061 1906
1697 900
792 76
1685 318
1285 1822
422 1663
1669 1946
1203 802
1194 664
727 380
804 577
601 198
568 615
697 1966
661 775
1688 1653
1321 944
111 1885
1258 746
745 53
1843 591
1296 1154
555 210
489 883
959 533
1113 466
602 1603
140 1448
1703 1080
1601 1823
1598 1781
590 970
321 293
1190 794
981 85
1229 1543
419 1868
1960 1093
952 1589
1506 1683
1508 754
1739 114
1055 196
351 136
1802 994
858 766
1519 25
187 1943
753 1821
1765 1582
1140 1437
1090 741
226 1418
1302 1108
1432 943
92 670
1578 621
357 605
1725 109
1 1428
260 88
405 815
1991 1920
12 1239
357 452
128 1919
861 734
349 39
1145 465
46 625
1214 1429
268 1899
1419 1198
1053 421
1233 1672
61 183
1092 1393
1721 285
1626 800
217 1529
138 556
396 1022
975 1078
1365 323
998 1652
398 83
918 1789
285 331
679 133
1538 222
1833 1519
767 128
324 573
1753 1271
253 30
28 1118
45 1750
1724 1799
881 521
879 266
322 233
1266 1156
1438 1117
1286 971
256 1718
1308 1867
653 1382
159 1825
1717 1285
1303 463
1252 981
879 323
1849 705
1880 1395
875 535
446 0
460 420
1766 1316
1235 1185
160 619
1718 446
496 610
49 632
1862 1674
1984 267
532 824
611 1860
783 1188
1905 987
267 647
1458 1777
179 855
955 824
875 188
1573 276
162 1489
200 102
1258 291
692 867
462 1632
1957 1073
1408 159
910 344
862 1405
1572 173
1586 871
992 1016
1591 1396
416 1782
284 128
795 1817
848 1478
1734 1454
910 540
1495 520
429 259
379 1077
1763 1334
85 654
247 1124
413 1601
1853 1367
1335 1672
1128 934
1976 1749
1022 712
1717 312
875 574
229 1390
1989 1133
1744 1900
1143 135
1893 1018
1067 828
1527 412
211 1361
1823 1205
451 210
1945 1708
1432 947
1148 616
866 1025
157 1761
1506 526
804 1936
1998 1935
1335 1174
1316 1257
944 1549
1005 1159
698 1070
1008 1114
1116 840
1447 167
945 1265
1369 1702
153 838
200 1836
661 1520
283 368
142 1642
1075 708
577 961
1683 954
383 671
1880 579
591 284
1227 1993
1049 1631
984 1014
775 774
586 833
1729 1760
540 1936
1108 550
1609 1188
988 916
1990 579
657 1742
1371 1865
1099 684
1675 215
720 1572
270 1627
1836 1551
837 1830
508 955
775 1275
1253 610
1379 183
381 1162
1660 1631
1102 1937
163 1010
1644 1168
1123 1577
423 1636
1562 388
705 313
120 1906
703 1316
1169 531
712 883
91 757
1067 865
1098 275
1741 605
1440 1188
1813 282
215 1461
1279 1047
509 1185
1715 1795
1877 1965
350 1868
917 40
1691 384
1920 617
1682 13
144 648
1808 924
641 1305
944 470
1594 1595
1675 1460
542 1046
98 1223
1678 509
55 398
1313 253
1134 1170
1829 1524
982 134
1369 82
1756 819
725 201
1757 1402
165 170
1685 897
315 172
420 221
1322 1981
1786 90
594 1705
709 61
703 1199
792 552
60 120
405 937
861 1441
1785 1421
535 854
1494 242
1847 78
1283 319
55 1729
1192 584
1775 32
1369 441
392 1367
1954 1433
73 685
1666 879
474 591
1152 1885
1664 265
595 1011
1145 377
191 83
1787 1214
1458 478
699 593
1345 1870
1606 1415
1347 414
1935 83
837 1895
640 382
979 955
269 1641
475 372
561 1852
1155 1949
834 166
1961 1123
479 1098
290 1265
1216 619
540 1747
1536 1778
652 1209
322 364
584 948
998 445
344 719
16 319
1703 1800
205 1915
1355 429
1174 1028
1982 121
1124 671
1616 784
1015 1171
1953 1850
1484 381
1663 1359
3 1117
1964 1919
866 1364
1577 1593
837 1387
1622 408
1984 1755
564 1175
64 1077
600 229
200 749
212 1547
1620 474
1848 313
483 1377
19 1229
345 891
49 59
1852 1273
938 1295
1601 1492
165 1152
510 1510
1122 800
1812 1059
137 166
862 102
493 1741
465 1996
356 1847
1521 592
509 1702
1346 253
878 119
947 296
1757 574
255 1768
1605 1497
1269 1670
1447 1694
1444 1851
481 1661
707 1391
1023 985
1445 800
758 1281
476 884
183 102
1490 1258
1481 1558
780 489
353 219
1270 1421
1833 121
884 311
870 150
1234 1132
3 419
989 367
2 42
1509 927
1157 1348
787 464
759 1537
874 483
944 736
278 141
1085 260
445 176
955 252
855 1796
1962 378
355 235
296 1434
829 762
681 167
188 1117
992 1227
441 888
1087 1029
229 135
350 1402
1033 425
779 670
27 123
974 1714
513 284
35 8
488 892
362 107
1663 1554
1430 264
577 1599
538 431
1100 1656
84 1174
174 1655
783 1364
1015 6
495 735
226 996
1996 1247
1150 1251
1207 1851
1624 705
750 568
951 1176
388 581
1672 1920
1398 1672
1952 1523
157 673
1498 1157
1600 1883
1558 499
1364 664
485 1508
329 1397
1768 680
204 1155
1186 329
449 842
1581 555
775 276
658 1549
180 1194
895 237
332 1232
1136 34
1755 1975
1704 474
1999 170
182 1934
1066 1057
1700 1116
1087 270
401 128
791 382
1165 948
698 0
1018 1060
111 1335
364 676
1516 1338
1297 883
1071 1137
948 1713
1838 501
1461 276
1808 284
1808 560
519 1411
309 1333
277 1043
431 707
1322 144
861 1677
1952 718
1405 22
840 1486
577 1203
74 197
175 131
1989 496
1823 1504
243 422
1211 207
743 1458
414 668
725 555
1810 887
1224 1572
53 531
89 1253
1961 943
663 1867
115 311
536 780
1926 1805
1466 578
1194 1932
704 1365
1560 809
1744 119
697 968
1672 656
1919 1188
1291 60
1001 1454
1889 431
1973 701
1163 19
1126 1220
729 582
647 672
1229 1379
701 1016
1714 1549
1827 1659
237 409
1269 88
809 137
882 443
1154 1940
1782 993
1391 1562
1930 704
1724 22
1836 189
136 825
387 1231
868 1968
1692 854
1439 426
1373 1405
616 309
1594 1427
986 315
1412 806
1963 532
1451 1302
837 991
100 439
242 1148
398 1521
985 1694
1590 792
23 1575
1441 622
1205 1602
227 1139
532 444
1359 663
95 877
1442 1213
1249 527
70 1971
1703 427
1874 121
1903 1986
1434 1477
530 1532
1926 1510
1891 573
1896 123
1208 1064
611 1049
708 1596
731 906
1998 569
1330 364
1277 391
1626 821
200 437
1988 1212
1405 562
980 1961
1345 477
991 255
1382 1679
1340 1575
1022 1157
1134 217
939 924
1183 1079
410 1186
1406 359
1276 1525
783 1221
157 1146
425 1416
833 422
1484 1806
24 1978
509 1187
1692 411
1123 399
347 1743
1878 10
1903 58
322 231
941 1325
134 488
628 1215
1032 1862
1700 777
656 580
1982 1188
381 1998
567 740
762 192
1357 1716
949 1708
179 407
755 833
1351 242
896 821
164 421
614 1692
556 569
1545 346
310 1008
1455 1030
510 342
1885 1958
231 655
179 818
1283 120
172 198
1495 1398
575 443
94 1770
1663 535
1424 1429
1449 1327
1670 753
1775 1306
859 1813
1969 171
452 1372
1856 1381
193 575
1727 342
1604 1845
1374 1215
480 936
1160 413
1751 260
1889 1784
1200 789
1076 336
498 114
151 1149
618 889
863 1419
1631 616
1857 1452
854 1624
1218 939
477 335
1133 320
382 922
602 207
286 1206
79 1606
1581 391
1389 341
162 695
1692 108
1283 676
1449 642
475 93
718 517
674 925
1200 112
1542 1169
312 967
507 650
1555 936
1508 1178
4 1340
656 1449
241 160
1154 861
1020 1271
1405 1722
965 1777
1542 1314
1564 1977
1317 606
451 551
1236 1020
647 746
1464 253
712 1210
641 552
1074 1879
1024 1915
796 461
1093 981
428 1203
239 1476
1694 648
380 1626
670 754
1791 38
807 1467
1360 1502
1868 1308
1730 492
184 447
1874 0
775 1526
337 155
27 418
1736 1794
1115 1055
1250 1635
1562 1630
929 151
134 1056
757 1337
1214 1799
27 996
176 1433
531 1779
27 813
315 316
1044 915
1447 534
963 615
1701 1772
1833 1412
363 152
66 566
1342 1570
878 1996
1718 238
1352 1482
496 766
92 645
674 1030
1075 1483
812 1488
1471 816
260 1164
441 1910
1228 179
165 896
1166 642
473 1709
1115 1264
1399 1682
1717 1744
359 1546
1595 431
834 123
1054 1703
174 1637
1581 1021
1079 1488
165 1834
1054 1490
1211 1441
1380 1736
1447 592
394 1016
1901 1133
1658 1885
1 952
475 405
765 1886
1048 1084
287 427
1879 1838
190 333
1232 1155
141 763
85 1698
1625 759
1115 201
390 1379
1071 1975
507 448
202 1047
114 1343
1526 1166
205 332
55 1621
1767 269
264 9
1276 475
1245 98
1005 845
888 1051
1062 1534
236 416
1528 1433
1976 271
1763 1330
1550 909
302 1932
49 1857
1521 804
1399 153
1051 1902
1537 1113
1228 753
81 1944
748 402
475 1887
1342 700
1406 29
1295 134
1260 833
1722 167
1246 1646
445 1458
669 1476
749 1382
1701 915
1376 859
1010 988
116 812
5 1526
1729 274
390 113
1628 944
1597 1742
671 1077
1647 597
469 1571
462 1899
779 1897
1655 1324
549 1093
1995 1219
1538 1700
780 1460
1835 1068
1503 308
173 1097
921 1079
1482 213
1906 1926
1803 217
945 954
1763 1071
34 1167
1652 1010
1713 1817
457 1951
91 810
354 154
548 1800
1199 1781
657 501
415 194
200 21
528 853
1378 1593
1720 476
1335 1529
488 777
353 1174
652 213
427 952
1830 1610
1920 89
889 569
1612 341
677 1977
1516 1019
828 1279
417 910
229 1284
1580 1525
812 1569
598 1048
294 1770
1047 1646
688 1872
251 108
1050 1079
985 1796
1581 849
1650 1414
891 807
415 1790
460 1110
1677 1743
1526 152
142 1612
392 492
1327 209
1872 1745
1823 1597
309 780
989 1295
1959 291
349 833
1886 111
325 183
1867 1899
9 765
340 1683
1003 1564
423 851
262 1878
753 159
1583 565
168 1461
921 1617
1424 1914
1424 39
827 1765
1892 810
1324 1736
1493 1761
1963 1793
1162 1751
1723 1221
1858 1200
1106 515
451 1236
1216 512
1880 1174
475 75
546 849
1414 98
335 1479
135 1108
1355 1949
1226 1695
935 1763
52 579
777 342
159 145
33 1804
180 779
688 1241
954 1165
1835 1171
844 1585
1231 875
849 1739
797 942
149 1310
322 1755
497 801
1131 283
1833 773
557 477
325 1725
1950 992
1629 1797
1955 1768
989 1377
23 1304
1796 973
1208 72
314 1153
59 1448
1227 697
1565 1150
822 1717
819 21
421 1010
1535 266
1840 1548
494 703
1237 1302
725 239
1377 588
1651 7
401 294
1001 1048
920 1170
1169 1091
31 622
386 1456
597 1537
21 1076
1347 357
1593 1591
1963 1728
1805 895
1903 1129
1370 1939
991 1820
596 1785
1809 762
909 347
2000 652
1978 1272
1350 660
239 1845
96 1626
887 422
124 1247
771 1586
583 987
243 30
267 1437
450 832
425 1383
1600 1250
1173 1477
1003 1280
577 1427
1638 1726
208 1007
386 1019
1382 1385
1960 1880
463 256
1705 1643
1659 1777
478 1240
1029 1659
1604 1657
619 1235
409 912
897 1306
826 762
218 577
473 1956
1706 1907
172 1536
24 205
1947 1182
955 1324
1052 1534
656 1428
844 39
271 1884
1905 1021
180 1749
913 1248
259 690
538 1144
1050 1368
1828 1501
639 1399
484 712
246 72
1488 954
545 488
627 1251
936 1177
914 1116
924 778
1132 406
633 171
697 1408
1708 1940
908 42
516 1926
257 1224
1279 857
1768 465
947 788
90 1474
1944 1464
13 1808
703 1052
1247 673
59 1906
872 1822
1839 1528
1255 1143
1635 173
1361 959
1085 1024
837 1897
1885 981
615 872
1819 67
915 311
950 1974
817 144
783 990
689 269
54 923
40 1757
764 1325
228 810
1278 1067
1646 805
14 1637
1645 1040
160 486
1480 612
678 3
711 60
145 1905
1579 1860
238 1428
1599 593
745 1317
35 1218
1919 955
1457 39
749 502
1708 255
237 548
887 817
620 1616
454 403
437 17
1889 1509
486 1313
1492 1398
271 1114
239 360
1839 1734
359 1360
1801 1468
551 1556
961 272
933 1570
1428 1404
45 1524
328 103
1442 1515
943 191
636 1415
1845 544
673 1088
486 408
1369 406
1066 472
1963 1659
558 273
822 1281
993 1789
1465 925
756 1231
1454 1303
234 1482
209 1609
1390 758
1193 390
1628 1134
1632 1914
255 953
116 1309
130 944
959 1942
1835 983
254 1717
45 548
1068 1595
1556 1105
1287 1871
1518 1162
1675 1318
1924 104
688 258
100 437
510 869
196 926
1910 1043
477 445
235 1143
1268 1339
37 1559
1618 7
1921 473
1104 598
1130 590
1107 1109
522 518
1729 1249
1473 1521
1529 1864
987 61
2000 1586
1748 231
1316 691
1169 1151
743 756
1450 658
1776 1018
1873 737
877 508
505 1368
1719 1108
1278 1788
1891 87
1910 1932
1599 1585
1061 1848
1425 609
1123 528
530 1231
776 338
1956 1182
1310 130
179 531
353 1695
586 1206
1476 986
297 1703
454 1297
959 977
641 272
230 844
1755 886
1719 1341
1424 1300
513 661
1664 1841
1899 460
904 673
103 1418
530 1837
1656 539
82 1366
1679 122
837 1849
627 399
1235 1002
96 56
443 1823
1922 68
57 806
1997 427
1253 92
259 1134
268 322
1986 1973
952 504
1857 532
1483 1797
1048 1713
449 1970
1532 1668
1393 1672
124 1509
525 1170
663 95
1587 1280
360 943
1875 829
231 1749
1530 1000
1402 810
1736 1359
1678 1223
876 873
50 1529
923 1155
1255 1264
1455 1643
1278 622
1061 1836
683 1717
1737 1205
1469 1782
848 1224
1590 837
976 1475
461 480
1525 1459
219 522
1287 915
739 277
387 1492
734 1853
1667 1950
1831 23
1518 733
666 1928
1577 466
876 1762
1989 683
50 1117
456 1114
836 1156
226 468
889 1141
612 1044
1299 1500
915 876
224 1760
1934 1753
820 304
1160 1600
410 72
157 524
28 1383
1053 176
1512 803
1881 285
1386 1767
156 1395
1449 759
1225 246
1106 302
1809 116
906 1414
970 910
124 1818
1364 98
1985 592
1331 1918
130 183
1200 1538
1865 1794
809 828
934 788
1351 901
1555 1538
1783 783
1606 738
1567 1252
763 1176
1191 1118
1717 508
12 1826
34 1078
1118 613
594 504
87 94
1365 1437
971 731
331 555
1166 1586
992 666
1398 1650
999 158
1884 1007
937 1151
740 1684
1545 1503
957 172
357 670
156 1705
267 1324
188 1151
170 1940
1099 1452
116 530
1007 1419
610 1869
208 213
1195 1130
946 754
1782 1191
1155 838
892 529
1404 990
1491 1138
759 1250
1458 438
786 398
1082 1605
983 1672
1002 97
1287 1964
1470 442
1419 635
1547 1844
1184 559
661 1212
1377 475
32 924
82 662
631 706
411 1571
1549 217
923 815
1479 1072
1082 1649
928 1200
1104 1142
122 892
732 505
936 1526
642 328
223 306
620 539
1118 1197
636 1794
1000 238
695 970
1442 543
823 1593
474 1930
926 595
1326 129
1479 647
939 679
14 36
1782 956
378 1326
1493 1766
1986 1925
637 1063
596 1165
337 1316
1107 1724
1201 967
1436 1436
1951 1236
775 510
1706 1546
1750 1755
437 1520
374 889
1981 1505
1219 468
512 1571
1332 435
859 1148
1631 1408
498 565
473 1616
441 241
788 592
979 1148
752 304
1080 1925
1771 331
369 593
1721 66
1476 1278
1648 1358
1150 1592
509 1006
1276 895
1889 485
1342 863
619 1800
1064 332
1032 1219
1371 56
1627 1351
1652 460
798 1082
633 1233
19 1339
1034 1381
2000 708
385 1878
1526 1913
960 62
1346 1662
1420 821
396 496
1109 556
1226 1636
1995 441
981 962
1341 854
1332 727
1202 1193
1707 1851
169 1200
386 1398
1130 1944
1379 1638
1001 1831
347 1992
681 1281
1957 319
37 732
379 762
1265 534
558 765
1114 1641
408 1029
1000 682
1755 774
113 1473
1905 430
497 908
1383 166
110 1119
199 723
638 870
1347 1943
122 1099
872 882
1007 577
553 1207
348 1782
256 592
1721 1012
292 843
1515 712
162 976
34 1243
1593 1429
1662 576
709 413
512 147
1606 1924
1858 1763
1430 570
1550 858
290 1263
855 520
243 134
983 1737
344 410
1010 1098
1391 444
1344 1505
1975 899
1679 1857
93 1631
57 1675
1046 1985
479 88
1972 1676
825 1081
851 923
1673 974
390 1473
1921 1968
1215 128
599 1617
135 1244
658 1159
1624 29
81 1657
703 1784
1387 1049
1537 102
103 908
686 72
220 874
1326 1532
498 1530
233 390
1560 1682
1545 1744
1005 1827
99 1361
1394 366
441 1644
1210 460
1702 1368
272 235
1208 230
1407 1335
456 1432
409 587
169 1765
1671 515
894 1595
662 1888
1673 1325
224 1148
1321 984
673 1909
67 979
901 1279
1576 1252
853 181
1304 472
1260 824
1885 139
69 69
192 392
1118 1554
251 917
434 185
1763 1172
294 1473
1676 628
749 660
809 719
1502 521
545 1395
1017 1457
328 1817
141 1324
196 8
1722 304
1971 60
633 51
1739 1210
51 483
1582 1158
1072 770
701 919
1980 1643
991 1301
718 724
1272 1586
1114 1228
1177 527
360 1161
950 1068
1476 1097
940 676
559 1928
889 1689
765 696
263 1355
185 1833
674 1533
590 1213
1622 857
7 83
1055 1728
1901 909
1279 1044
1423 1530
676 1831
630 136
585 780
1594 465
476 449
388 1805
1856 900
777 1670
88 1032
1352 1081
219 46
1711 1964
1651 1366
1549 1501
1533 645
807 1506
1211 1122
777 998
776 1279
851 687
767 252
1006 390
1935 824
1604 1939
1657 955
1402 1915
65 926
1332 1007
730 1452
529 341
1770 1873
1760 371
484 1661
1652 367
1211 1552
1144 1955
1942 1421
1854 1429
885 1881
338 1153
1873 812
1705 1046
1114 851
1547 1
567 1376
662 552
473 1530
350 1553
808 1159
1032 1237
206 1488
1309 467
92 770
1679 378
1135 1966
1736 767
351 618
966 1406
523 358
119 96
1303 967
1107 1897
622 942
1632 1418
1278 346
1182 1610
188 414
1002 219
171 1648
1889 319
1791 659
1854 735
1740 314
1006 644
1551 1890
981 706
637 1162
334 1155
21 414
105 1505
233 874
992 1321
626 740
1505 1891
1385 1472
491 142
409 1382
1569 724
1631 52
342 1710
259 265
647 944
520 602
8 70
507 1727
1585 1214
1672 552
125 1294
65 1778
1146 1647
1505 1395
1250 435
217 1126
1277 1942
1733 318
914 1970
1033 965
1544 1953
314 495
1774 1784
503 271
1944 5
1214 560
324 1135
110 713
736 319
1241 301
1695 1804
1309 1938
1429 821
1331 1381
704 1446
687 1810
783 351
1520 666
679 1495
369 384
1105 1003
489 1492
1951 1898
70 1767
1611 275
1361 1016
445 29
53 371
39 1672
1815 825
520 605
163 1212
329 951
1150 1156
1632 1727
1607 1622
948 1536
1827 1104
22 1411
150 1650
1526 45
1426 117
1633 795
148 439
701 429
1994 1567
487 1319
575 1411
445 1392
1812 580
739 1530
1076 582
703 197
624 640
178 247
195 1202
1012 897
630 51
1783 1686
539 1773
1835 1467
1230 668
835 1683
497 203
515 1902
1439 1734
353 1626
419 1877
1434 14
1864 591
1485 1007
618 1443
676 716
68 179
1062 1957
796 1654
571 1023
929 1011
1834 1367
411 1856
853 736
1613 648
1334 1
1371 1178
1606 1978
480 582
1672 876
9 1027
89 1979
51 389
800 493
1827 1901
444 1828
888 164
277 935
1559 1049
1005 72
48 650
907 794
137 337
1322 1819
621 455
1711 1431
1613 1621
1614 1842
296 579
958 264
1868 1457
1405 718
1014 1923
771 185
566 1588
1329 1817
1865 1060
1452 16
110 198
555 26
496 1439
474 627
1208 162
832 1152
1296 1716
617 1549
423 522
387 1892
735 1434
91 1579
165 183
1013 947
1488 1805
61 1288
1058 1874
1723 677
890 1818
49 302
1246 215
1374 1330
148 631
1143 1953
614 366
1573 321
1894 10
579 1576
606 1107
1215 1811
507 834
1204 578
135 95
1049 14
4 709
1266 215
1447 415
513 585
1377 1409
1539 2000
1594 1300
1549 1364
797 1504
1638 1521
1284 1756
1374 1986
1255 892
2000 76
228 1909
988 1516
1967 782
296 1955
1015 83
1306 1908
188 1915
1259 1778
1794 1527
1251 1543
783 1223
1791 71
1310 1865
134 1920
853 2
1524 1266
1313 767
28 1498
719 1119
1986 1387
227 1219
1029 984
1996 1327
111 142
1157 948
1217 1564
440 1258
760 1837
1156 1904
123 382
45 1302
814 958
1498 409
580 699
290 1856
242 331
1977 20
1111 760
1862 1830
586 1195
438 1521
1816 880
756 1936
914 664
1317 999
799 1605
1878 1100
1494 24
590 1659
474 271
631 873
189 820
1286 453
582 1323
117 1700
1405 283
250 1259
808 111
760 1429
93 919
861 1448
1208 475
326 358
506 937
1020 711
501 1802
62 1377
1536 1257
1619 1730
237 698
1615 1543
1527 1122
683 224
1985 1889
916 614
235 1559
1641 128
1447 1012
232 1577
1630 1689
772 1438
358 300
102 1209
471 1233
589 667
1971 1924
1974 306
1540 941
24 1149
909 176
578 531
1478 501
350 1596
1490 893
1021 1223
841 1892
1977 961
1139 1959
1881 1324
486 419
1644 1833
1859 93
159 1749
64 1682
908 1021
128 1484
580 383
287 68
1491 860
167 1531
1681 304
191 1711
1454 1043
1433 140
184 540
289 1358
558 498
465 300
1701 54
1280 829
1163 1607
57 853
1525 731
293 1806
206 612
280 1306
919 1120
518 735
627 1570
143 127
850 54
1226 86
1695 1030
1696 757
1969 376
1680 54
19 1900
1033 836
403 862
1431 1934
413 718
660 583
543 941
1531 649
1502 528
41 856
1626 104
1452 936
880 444
787 1590
619 463
215 46
1068 1529
108 1319
1532 633
1783 1417
130 299
363 981
1564 1263
1356 1941
1010 746
1901 959
983 1716
727 1613
1790 184
1956 1036
425 1384
1159 1675
1897 95
1483 1078
1799 1481
964 1325
947 937
59 642
1441 309
1253 1971
1649 58
205 214
1910 941
890 1423
462 1593
566 1423
17 1512
1143 471
822 1773
614 283
1384 871
1238 1064
1815 662
557 392
1018 1438
1268 939
1875 636
1175 1631
43 1725
1811 1411
160 1938
1876 857
1141 935
1015 1843
1214 1736
1352 544
1914 1561
1568 335
494 478
243 1921
668 742
1074 106
413 1386
1900 1390
1539 1307
1979 689
945 207
269 325
869 736
517 171
97 637
1248 1575
41 1122
1292 475
1897 612
388 399
1494 794
1160 571
1646 743
523 1450
793 832
132 1748
1982 1100
1297 887
130 1933
1400 544
844 755
357 1185
793 1125
1401 1600
412 1448
481 982
34 1837
193 1390
1861 1787
486 994
1809 1330
1774 277
780 413
599 269
1946 1233
1868 1599
1566 1474
505 463
1581 1029
989 530
1645 667
11 540
1815 199
878 944
1081 1914
1275 224
171 674
1070 1518
1747 459
609 412
1745 283
452 356
1195 556
446 698
328 272
1587 113
879 289
117 1285
1177 1825
1399 1907
1855 1048
610 464
966 818
1293 1903
1457 653
545 567
645 1254
28 390
976 1892
1583 1634
688 1703
1218 247
1330 371
1952 1948
796 1793
841 478
741 736
941 911
312 1598
782 1569
1588 1699
257 731
1727 1982
423 1681
1617 232
865 1993
1395 1173
1949 1969
1379 1105
1120 19
1755 1388
1605 818
1360 108
991 533
1320 149
1672 243
1389 627
721 1390
1064 1282
1068 407
235 1438
700 671
698 1159
747 951
202 1492
890 561
1551 1983
168 630
925 205
250 154
726 1825
356 404
1641 1354
1071 18
133 1342
810 657
582 1230
1829 339
575 934
1577 170
1973 1087
1701 107
1909 1571
170 1074
1934 373
571 1210
158 1213
1280 310
1857 1227
51 1742
333 332
1907 490
1380 86
1369 606
1813 1576
1958 836
1591 1515
196 535
398 1022
1778 1749
355 1184
979 681
230 461
961 372
571 1843
1153 788
1275 1722
435 1092
1146 332
60 893
415 349
1968 1594
277 1655
514 1888
1973 370
1072 1695
1930 790
1232 1218
306 1346
1501 30
1935 449
496 756
1151 1084
311 1161
854 485
267 1095
1317 1227
714 590
1393 722
1384 666
1583 386
157 1582
894 128
1255 1455
444 1486
942 1848
475 1378
583 1892
256 720
1895 1566
1308 486
1913 332
60 1596
1859 182
1962 957
790 1054
29 1420
725 692
1509 1077
1646 223
1457 1256
8 1014
1696 235
1552 1326
117 1314
208 1235
1016 1518
1762 1571
1151 180
1829 1352
322 18
209 1633
1100 39
1731 570
625 1375
149 627
367 522
536 1939
1338 7
48 521
1440 206
1029 741
352 1634
1247 290
215 1815
964 1517
9 663
1580 1030
715 1426
111 400
1327 1263
642 1620
200 570
791 923
612 1623
956 624
696 1807
1833 1859
636 862
281 1345
1789 1350
1541 1535
1941 925
942 1985
453 318
568 1630
1020 840
857 1807
1562 1830
889 237
311 1679
1187 368
1995 760
714 107
1076 795
1187 1652
1473 755
1495 1075
1016 538
1145 321
330 1960
679 10
916 1668
1807 724
1947 302
864 590
1784 395
1862 631
1284 1500
49 1696
1609 685
359 1777
332 1548
1208 1741
1923 911
1544 917
32 257
23 307
995 5
1390 1097
1144 419
1548 988
1656 1772
258 770
427 1403
1523 253
779 1761
994 196
1630 1639
1033 1974
377 58
1112 677
323 149
1848 1122
1939 1363
1553 261
1290 36
1718 624
1140 1877
303 1911
1385 1636
894 412
1163 1298
216 1455
96 136
772 1822
398 900
774 268
858 72
445 394
1948 475
1152 368
682 751
1037 875
209 699
493 1079
18 1687
789 519
81 1333
1952 586
1614 265
208 1750
1327 561
1342 777
4 1642
965 1586
1473 1410
1117 649
831 493
1540 97
880 1812
1628 782
772 43
855 1892
1446 904
1023 106
587 1335
1958 418
1085 192
1348 906
768 44
1476 1031
16 1849
1111 320
864 300
1268 1891
288 558
1265 1410
188 1466
949 521
150 1058
1819 1250
1920 1886
735 1462
1361 492
1515 1868
59 511
1197 1537
722 1341
189 927
1865 1769
232 1473
535 1711
1907 1862
1945 1874
1744 1962
91 521
482 1890
778 435
1440 1601
21 1698
1999 872
343 1997
1376 978
1458 1641
689 1744
285 158
738 898
767 615
117 278
308 376
156 338
1703 1303
1855 168
161 1962
1941 1637
757 1978
980 1809
292 563
36 1700
1641 1035
1170 1930
299 134
477 1887
1540 1492
1567 78
466 1583
734 295
1011 1056
1536 512
1537 1528
1098 487
161 888
715 1782
310 1292
1255 467
1968 1323
988 383
617 1685
950 448
1361 1730
1995 1750
1007 568
852 452
1824 23
680 115
768 953
525 380
480 333
1687 558
577 794
1477 881
1289 642
628 867
929 622
79 988
171 943
581 1621
124 1633
601 1617
783 1099
179 791
1034 659
1454 773
1646 437
728 1452
1084 865
1514 111
306 1085
801 360
1067 600
218 926
1220 1291
741 662
1910 1213
1866 204
669 1422
993 261
355 1965
844 1952
700 1124
1056 498
664 486
365 1757
510 492
179 1058
1109 1225
1462 750
1126 1551
614 109
622 1746
363 878
1906 1709
128 963
922 1648
1440 1800
133 1136
1273 669
804 365
743 1807
1832 643
1335 122
1874 693
1995 1400
366 729
1139 1999
1414 798
1355 873
846 1144
713 1105
1535 9
785 913
1627 627
671 773
1774 1334
1124 1285
215 458
716 1082
1846 790
1991 1545
1201 583
1415 1218
244 1019
1813 424
460 1417
1149 882
1281 1456
1402 1740
1597 992
1055 1009
189 623
1363 1204
1304 1889
1534 1898
1302 972
102 763
1821 843
881 547
104 1815
1706 1137
1370 90
1280 1252
941 284
462 124
1185 282
474 457
982 1604
1788 554
1402 343
1691 533
483 1009
764 837
690 1613
1698 263
1134 321
1196 867
169 596
398 164
1398 89
284 1839
202 1337
130 140
249 1100
673 1969
654 1678
123 665
1511 371
1671 1978
1832 174
681 1180
1853 1760
696 1618
1965 1504
976 127
1968 1225
1975 1130
398 882
1918 1076
934 110
1556 420
1276 1781
781 309
1374 912
38 329
209 1647
338 286
1528 1026
902 1867
1882 1682
315 17
1455 1110
89 601
444 1971
383 1316
1222 252
725 1662
1948 163
1835 934
1382 802
1611 1878
641 434
1105 1700
452 430
1276 1290
1487 1290
998 958
139 1659
981 738
786 674
592 1367
450 1996
1952 1102
573 87
1823 1885
760 1841
560 1621
365 1266
1001 50
1533 904
347 934
741 346
549 1395
1221 1662
68 577
542 1157
1373 1496
1414 808
132 1603
86 389
922 279
1581 1279
103 1088
617 915
785 1301
925 211
49 94
1098 1659
1316 938
1205 974
1965 1596
20 659
1177 1075
1485 1036
1927 1998
1620 630
1209 1263
435 310
59 1113
1681 1805
29 126
1134 852
705 632
576 1467
70 557
446 159
560 717
419 180
1394 1672
211 1613
645 1314
61 1948
121 1215
1167 1512
741 1780
474 1825
187 1610
1909 1503
95 884
451 512
1858 894
1828 1358
1882 410
228 1940
596 1824
117 1417
445 1717
81 414
1971 1846
1022 1358
682 255
1751 157
1661 376
387 814
1592 374
630 754
1547 1569
214 865
1994 862
598 795
1978 1633
1275 312
523 984
1115 316
626 1129
425 1413
212 1214
1742 1863
308 1307
1940 341
1706 1764
1817 334
1427 875
680 1208
898 780
33 1570
1166 1630
1847 376
665 459
450 889
868 537
1769 921
1346 624
572 379
1697 42
1776 559
1271 641
73 344
1643 592
1539 670
508 1143
633 2000
1093 125
1459 253
144 288
1669 1108
158 252
1046 1333
1252 298
529 1643
1334 1125
1719 331
217 971
1825 976
811 179
743 1644
582 1223
22 144
1208 1977
229 1177
662 1646
1032 709
437 1517
232 630
1315 787
1991 618
226 978
597 943
1199 803
1064 284
766 611
1146 1292
1 798
569 1930
831 189
114 1132
699 1366
99 1551
509 1803
1789 1792
1265 1776
1481 1884
1226 233
1370 1162
1873 1030
658 826
1657 1511
1867 1353
174 87
739 232
24 1614
727 1706
1869 87
16 498
1975 1494
148 1169
1086 772
268 1244
761 1235
318 91
1060 850
390 1470
1429 230
1910 177
991 1395
1492 457
334 1846
1352 1376
631 426
1238 284
1881 762
380 692
218 223
1673 189
1497 313
705 1005
1008 515
1377 1509
636 860
706 1065
1042 1697
1386 97
1153 1604
503 738
1307 808
1121 1048
916 706
245 74
1951 1251
1619 1234
35 1716
643 169
688 877
1390 227
101 261
800 112
504 1228
1801 43
491 1122
1735 502
364 467
256 60
1539 1227
844 1356
1079 1905
834 1870
451 649
284 1722
1675 1743
883 1353
159 1234
1261 909
1890 965
1373 502
336 1975
529 928
331 858
116 246
240 1900
1086 1847
718 951
150 296
111 1786
1297 1343
1947 1978
1052 204
296 750
171 323
1047 1761
920 1532
698 1181
720 1420
1625 120
1286 1509
800 1589
374 477
534 792
1138 962
570 1342
1087 280
1877 872
1945 1308
786 1622
41 627
737 247
1181 1299
1273 1441
221 1101
75 1223
1948 1618
1888 470
952 52
1633 1241
1900 1690
17 146
601 375
1013 1894
1857 1186
1986 1871
483 4
680 960
837 1104
1362 1227
738 147
1071 1695
981 1926
1285 1293
895 1662
148 522
272 889
220 1323
850 0
1144 1614
692 1021
40 618
523 1732
1620 1763
1451 1923
976 1263
1205 1741
1942 362
663 1301
1764 46
685 719
1095 1703
346 944
1739 969
342 1256
359 1631
1571 1890
1592 465
1548 1276
895 1901
892 1835
1214 1707
1011 1205
1337 339
1731 1300
1921 15
59 954
1641 12
76 305
349 1475
397 242
105 1878
1448 994
1029 384
114 19
1175 1604
1401 1240
311 1742
1395 1567
1116 1380
1508 709
1275 503
470 1332
1002 1583
257 1174
770 643
1305 1011
1908 577
1229 1855
1135 1843
1910 1796
1636 112
1319 1288
112 1350
697 1590
550 1542
1259 676
351 28
280 838
1164 1160
570 1470
386 1265
1736 262
496 1528
591 27
601 291
611 1926
1670 15
689 569
1591 1434
1585 1785
1438 549
1937 165
89 229
674 299
798 1878
538 490
925 332
419 508
396 357
1120 440
1064 914
1550 1210
1959 357
839 144
1962 1762
272 1205
415 536
1337 933
1322 984
1113 1551
90 1032
1619 267
1793 646
1397 507
186 1413
753 1058
17 456
1929 199
1549 1361
497 870
2000 1101
1377 786
338 1478
678 706
1647 1080
1534 1198
335 871
732 1079
1698 1913
1445 1283
1798 1079
1822 1856
228 577
1730 61
403 1887
1615 1154
1365 1727
982 716
1031 390
208 1584
177 513
627 1252
1309 1971
377 1869
1040 1122
498 1349
1520 258
40 1080
526 1719
1276 1858
1577 1983
1117 375
90 42
1793 1287
569 1045
1971 198
881 1084
1454 1561
1794 781
1142 1861
1848 130
1982 502
763 1312
1820 1147
937 1871
1871 1803
585 839
962 936
1598 346
62 1499
399 1094
1182 1758
1167 471
1378 1394
1299 1365
747 413
812 13
216 871
1595 1447
1793 1795
1002 1719
492 603
448 13
644 1761
589 955
905 1967
22 1672
774 754
830 118
1402 926
969 87
34 1583
1229 552
1258 58
1916 1214
1658 210
668 1616
1965 188
341 1794
1338 965
1937 1838
215 745
503 1075
1414 1196
506 1654
1941 1569
1981 1832
432 1173
556 699
354 1407
1010 1302
1936 1680
191 812
734 676
948 360
343 1770
250 1596
125 841
737 20
1909 1100
1495 785
984 108
1899 387
1512 318
1222 59
683 1175
1146 778
282 783
318 839
1911 1387
1942 1528
114 1159
609 1528
1235 970
1268 1700
541 1135
259 1109
142 1464
819 1790
1941 629
1027 398
274 1518
852 93
978 1065
110 1186
1949 828
1701 231
1989 390
2000 805
381 838
1472 573
1543 620
1856 1008
59 1770
1217 1208
1497 1489
1269 1454
1010 193
579 665
465 850
253 1745
341 112
1909 1918
1104 1792
324 1932
763 898
163 1216
832 301
1759 721
1887 566
1279 1659
1827 1212
1303 1008
848 18
318 400
1768 1971
272 1374
11 291
1720 1299
394 1835
114 545
1202 1292
322 1270
492 1530
473 2000
759 581
1739 1424
1726 1401
1441 1171
818 1767
1955 835
373 1338
785 615
842 1944
525 439
163 895
899 1977
1006 378
246 1985
645 1583
764 1556
512 1074
1861 1523
927 1453
394 1578
330 46
1327 898
1436 88
871 867
1359 78
189 793
1865 1481
1702 1548
1366 986
1855 325
1166 1458
1924 783
537 1149
1341 49
58 1610
1609 532
924 27
512 1073
85 1981
824 1676
1741 1898
321 1963
278 716
925 64
316 1689
1568 300
1600 289
739 1724
1381 1113
166 751
150 566
1278 1990
1536 250
1613 731
604 1414
784 1943
1267 901
1019 1975
200 471
1447 551
1875 1280
1150 1320
1245 375
1877 1969
1212 1821
1722 203
1650 1614
1187 1545
141 331
1172 1401
316 1743
1288 1608
1827 1259
521 256
1897 36
1227 804
378 294
1198 312
1980 1343
1906 1701
1247 567
1301 633
954 1290
458 586
182 631
684 1108
626 1276
1024 484
1752 1090
464 7
1296 1491
1315 335
573 1460
550 645
1475 244
1651 1588
1138 565
1797 1892
348 454
1220 1892
1573 1826
607 595
1028 660
620 1388
1105 1185
751 616
470 858
88 196
905 57
822 1739
1272 406
1060 39
926 877
1165 946
1829 988
1912 481
1308 119
243 259
1298 1743
371 102
1054 897
348 1862
588 1007
580 1939
373 708
1609 1150
45 1848
1005 832
1152 973
1663 1192
1795 1900
1362 1130
1735 1049
345 1804
1162 1614
1991 835
959 1458
539 1728
1780 174
1630 994
865 59
815 1607
1641 964
417 1732
277 347
1024 763
932 764
1463 128
960 1827
888 215
505 1990
649 121
1136 788
873 1917
18 300
858 665
994 1578
724 1930
212 1911
331 636
475 1870
1393 554
1873 363
1373 49
1435 543
1120 160
996 23
247 517
65 825
1852 591
445 1721
1525 1080
458 1182
818 1075
791 1746
1503 1430
1954 1889
277 1117
655 1827
1089 266
1831 1904
1874 723
0 1941
4 1949
1038 1736
992 171
1588 1922
1383 1838
146 292
1409 1517
675 1470
124 47
260 388
1724 1322
222 28
624 794
1705 110
1312 128
251 854
1735 443
672 300
299 1725
1692 1424
1222 1868
1948 618
1069 437
175 262
304 497
1317 1422
1160 27
1713 246
1137 1793
964 160
160 596
136 1774
1142 1086
373 334
1602 438
626 602
1691 1089
1084 706
431 477
241 1822
1736 384
142 539
311 1380
1732 1279
1271 1432
614 996
1424 87
860 1513
1405 1733
687 642
1868 79
1935 737
1890 1979
1797 40
583 1074
1700 437
1298 728
285 10
1909 1022
1336 744
927 1321
628 874
1759 1028
691 320
1700 952
1670 1972
275 1918
1945 742
1805 1879
1502 432
290 601
797 987
136 292
807 933
1862 1910
527 1194
442 556
1338 324
1451 278
593 202
949 1408
1034 208
1978 269
839 1646
790 736
1908 166
1250 128
1387 18
1060 1078
140 1252
1618 1451
1266 865
1651 121
1435 436
379 1034
603 533
395 1662
497 899
943 1196
1259 1053
1730 840
1132 967
1346 21
1673 482
829 853
1489 1930
324 1560
39 210
164 1981
391 1626
888 1404
1965 1833
1751 1904
1893 674
1549 364
659 777
1276 1788
1964 533
1773 1667
139 1106
747 186
828 1410
1819 1026
1821 1556
1146 1349
847 1317
1941 584
345 1329
309 1350
77 331
1586 1758
1889 263
1868 1875
1073 1468
291 188
683 738
596 1517
45 745
1027 35
651 137
112 1532
1820 1902
124 576
1878 1118
793 1287
1736 1248
1176 926
663 1852
1900 579
1944 566
1758 185
1022 990
136 1744
538 1013
846 21
646 694
1833 1540
956 924
1173 1496
91 1093
1224 1944
1018 707
1704 757
402 1234
42 912
1550 314
497 1092
1917 1828
1530 274
1639 600
972 1821
845 980
1907 1904
762 1217
135 870
686 964
350 101
67 729
1964 887
1055 747
1281 619
489 490
321 548
1680 1364
1377 12
1494 31
699 1185
1099 106
1445 970
1976 1079
679 1364
63 1423
1794 1100
134 893
1892 678
1946 1240
927 572
790 1948
197 1057
1377 1488
275 790
1590 91
1089 950
1318 1360
1885 1155
1975 130
211 1278
1272 62
1231 753
1784 147
1061 1167
371 856
1483 589
1352 366
1902 1442
1709 70
374 1597
914 734
470 813
998 423
1149 211
1941 914
1631 1616
662 1778
1765 1570
844 528
49 1982
1939 391
1156 993
45 1101
1725 1437
626 530
1403 1976
1769 163
1692 620
579 195
973 1154
49 597
1670 427
720 881
789 934
1401 31
1632 736
197 59
1441 992
1264 1546
1227 1104
83 1209
1982 184
1933 577
1688 331
196 29
1924 434
1237 173
1724 675
663 251
942 430
1680 516
1999 945
1521 1375
958 1036
1479 871
1819 1636
893 1543
1910 1303
700 556
1613 246
1954 424
1768 1367
1027 1018
1800 392
1298 1413
1086 518
648 1813
930 293
1576 1980
1614 274
1479 1137
1579 1027
1300 184
954 1509
856 1190
990 528
1664 549
183 297
346 339
813 154
1127 1967
900 1297
677 518
50 125
1421 1686
1842 1228
979 1809
1841 1807
1738 1899
1086 413
1841 1325
234 1101
1931 44
1265 1683
113 1228
256 1963
1461 1776
250 1877
1731 1009
1610 702
1977 93
1901 1061
325 646
205 1949
201 303
1047 1015
703 1154
980 1619
579 1222
1364 1537
599 1281
1712 1215
1663 830
1057 685
1309 479
3 540
462 406
1391 1163
1901 1999
1161 1971
748 1371
227 1956
1638 1787
322 636
681 920
924 1870
1509 1310
794 195
1062 1407
1181 309
1191 1314
1654 983
1055 269
1228 808
1246 306
1430 564
1195 318
1140 1182
806 121
335 683
1827 948
839 754
75 1074
794 113
410 1063
811 1716
94 1513
968 595
981 672
716 1883
1943 757
1635 153
629 1336
759 1084
1249 763
1434 143
1042 186
1203 561
713 741
277 337
1141 1542
284 1520
1517 274
218 1823
1277 557
56 1386
1040 473
539 1080
306 858
923 1658
909 215
33 505
1598 588
788 1027
1945 1282
821 310
583 305
1664 897
1458 1584
1222 1034
389 1612
1244 180
71 1170
155 886
524 214
896 1726
131 808
113 1870
1984 1038
1070 1590
188 638
1902 958
1501 462
31 1282
1561 741
194 1326
244 855
1494 1143
1230 1783
1078 722
226 236
1551 87
1925 553
1598 1190
624 280
436 612
1146 65
1188 144
896 334
135 601
1339 581
239 1385
1501 1213
1755 806
110 904
1969 1928
383 27
1062 1903
751 1247
453 173
1396 753
691 879
33 1812
1809 790
329 385
245 274
1086 677
1470 418
1489 245
1085 1211
1556 1812
41 907
936 343
550 1117
1560 1857
772 1018
1596 1895
1617 1347
720 1738
1726 1267
1393 20
1726 963
1102 821
613 43
1570 1608
370 396
345 1104
748 1247
469 700
1365 1147
454 921
1659 771
1733 737
1595 1918
1127 1919
321 1628
1360 1973
1325 1586
1866 995
1104 1456
1478 1524
84 107
1073 1332
438 1056
634 425
246 1830
969 1447
1682 1141
1986 948
1921 924
1615 1917
1447 559
575 830
417 304
645 1826
371 77
1689 1128
812 267
55 181
801 1226
56 1476
804 368
472 707
591 1834
992 1948
163 699
1256 1757
147 1191
1596 1057
1332 805
70 377
1811 1629
26 1687
1576 1097
498 1966
260 547
1158 1609
577 754
1058 954
772 192
304 637
357 1003
1432 169
1542 1797
418 1249
1930 310
511 1356
1566 1078
1724 1297
10 1725
1425 1230
1915 533
513 921
1616 1987
1451 87
469 975
789 573
137 102
663 1145
1423 210
931 1003
198 767
1191 418
562 65
1752 568
158 1111
737 930
1417 119
436 955
219 1841
1302 756
393 329
1896 289
1295 124
1815 311
1284 1752
325 1995
831 1726
670 160
1981 549
985 1348
1192 1528
237 1045
217 1704
928 929
1930 771
1204 1074
346 1177
966 509
370 1857
873 1635
1064 589
755 782
479 1609
2 570
1831 18
495 1068
777 151
121 1877
1964 425
236 100
763 329
778 297
1883 1382
1813 74
926 86
70 1020
320 1273
628 174
968 1929
1798 1678
1366 331
1699 1007
1021 947
679 143
1814 551
471 1257
1320 1432
1418 1189
1191 800
363 191
262 480
164 1639
11 913
1606 641
564 340
1692 631
236 821
1721 1796
26 597
1070 1690
654 1780
1607 983
1758 409
1481 859
623 1878
369 1719
742 1666
478 427
429 1994
70 1952
1861 1231
649 472
1599 1205
1270 1593
148 874
598 324
934 892
692 1734
1670 1833
1080 1476
1701 592
1292 1850
273 776
1198 226
1594 487
1506 1701
890 1396
939 1242
1537 891
1617 578
873 559
1162 1283
1072 986
968 1836
1073 447
523 1059
1086 491
1805 678
1578 1939
248 1644
1449 1176
1554 1471
1180 1516
1768 513
1079 1106
1176 803
88 1857
1922 1758
1133 880
635 1253
391 1627
1645 1911
481 220
51 1331
839 1887
1177 1117
747 725
1620 1873
1008 262
1153 1951
1711 1350
1454 154
814 1171
209 1449
522 902
872 1334
698 759
1453 1428
1249 557
620 622
1797 954
1530 1344
1293 1171
1763 1472
6 780
1192 1202
1491 158
1718 403
171 1962
90 1171
1315 1338
1058 274
1673 195
438 1825
650 1118
279 971
772 1442
1186 208
1593 1863
1091 1604
110 1645
1941 748
1178 1974
46 831
1312 663
576 1639
441 394
438 706
863 1713
664 171
1204 1752
69 315
168 336
1112 86
617 318
886 1982
1300 1364
1573 420
1398 728
332 839
1103 655
3 812
120 1187
972 504
1698 148
986 299
1079 1388
453 527
1258 1141
83 562
818 479
8 936
73 554
1665 778
1751 273
803 780
26 1174
1846 1170
474 1243
1866 991
38 840
540 706
341 1729
664 1734
1715 495
703 749
159 341
1596 1802
450 1056
694 1797
554 440
1359 1308
598 98
388 188
217 1500
1876 332
703 885
481 454
1474 1903
1293 1455
49 1258
1152 773
1949 299
359 1390
315 166
1849 1881
47 497
70 887
1527 710
1657 1518
420 1704
1234 1838
605 1508
591 273
1737 455
1512 1174
801 1273
1568 1663
249 412
188 1264
961 718
190 455
1300 1451
884 498
1109 1935
198 1558
1895 279
1272 428
98 1538
443 1145
1439 1078
884 189
1466 758
1518 629
459 1451
1393 208
1509 1094
419 1401
1570 328
233 1010
204 1902
121 639
1261 974
1406 773
1359 673
1993 592
150 868
1275 1481
1426 679
260 703
1025 1250
809 160
1673 1441
843 167
332 1031
1595 703
77 1016
654 313
578 162
1774 1601
819 1880
958 1443
1961 765
1536 1291
854 1429
51 410
1901 413
632 1644
1610 1715
879 694
555 1151
1093 1658
898 1511
1410 443
1488 632
1755 1744
711 1774
628 1100
1874 1497
1881 1553
1043 1734
847 498
1517 1863
1012 1497
476 307
1591 562
288 1460
1881 1522
1034 1612
1735 1663
1150 1586
1197 1988
1000 1078
1318 1741
703 1235
47 574
1470 280
1156 1756
49 974
1872 1615
743 1230
1048 1495
1727 103
886 1283
1258 956
1906 1382
1180 489
1846 1416
270 1928
1113 1482
645 1488
442 491
154 198
492 1625
992 1138
9 843
902 825
192 333
1572 289
483 1592
155 65
1711 94
782 1174
1639 569
839 1585
1425 1368
732 165
1815 763
364 1013
1979 288
243 566
1711 372
191 333
720 1698
1534 1661
1721 1572
1861 1332
1640 1516
1868 1851
1651 1252
1140 1786
431 551
1089 765
1092 55
1775 1006
1520 48
1474 741
298 138
1548 1120
1207 205
1005 20
1941 1706
803 962
160 172
1423 1685
909 1440
602 1533
513 475
1684 1141
1368 128
1817 1765
1227 142
452 1823
1735 228
622 1823
1243 1623
163 581
1187 364
354 995
461 282
150 754
1352 1106
1341 1873
1651 906
437 1027
427 398
471 1680
996 1667
1164 1
1419 1260
1285 1904
1617 1012
696 532
1404 1738
660 1974
1687 1391
1343 697
1253 1725
1721 683
1671 775
277 1210
486 1629
784 992
1039 35
135 508
1496 1116
1912 1106
1391 1619
603 417
325 192
216 37
321 1704
682 1492
1120 481
631 1187
1649 1651
769 1021
1230 297
1319 1147
1803 1557
1967 323
1585 132
646 1857
769 997
591 2
921 5
1036 234
40 500
219 224
500 1595
1772 1099
1339 1183
562 960
1176 619
369 1325
1248 429
1864 1560
218 235
38 1993
1136 1101
94 768
1145 11
904 1946
513 124
921 65
1727 170
568 1131
1983 1551
195 315
1439 1798
1949 1835
1610 1419
1567 460
1930 1929
1419 960
1186 784
997 501
202 817
847 510
1941 1100
12 1714
1609 1429
1789 1221
1027 1360
1890 941
1096 628
342 331
18 498
1013 1034
785 527
383 1651
759 176
1617 635
488 290
1337 1970
1731 718
815 1183
1678 1562
1894 470
1552 1538
1722 852
340 1416
741 972
873 1001
1880 1433
1480 1701
867 1399
1667 208
1476 238
727 1624
782 529
88 74
278 1434
99 1442
584 934
1841 580
1237 519
262 912
1189 635
561 1304
631 1215
922 591
716 1778
101 1115
1103 137
890 1418
591 493
1462 312
437 986
591 250
1000 1778
655 1556
1264 765
551 1853
1570 457
1015 1308
1582 1870
1639 299
1138 1393
1675 428
1964 83
1392 1142
606 946
1079 1125
23 237
1865 632
1956 1615
539 1442
1194 1813
1866 341
676 173
1647 1573
1540 1767
1051 1828
197 181
411 683
1019 136
1216 1577
209 1772
661 1883
372 1497
192 1366
1446 1368
955 1232
1470 296
1860 1749
663 1706
527 1453
1071 595
1143 1631
1922 1650
1350 1808
1651 1227
1784 1097
147 1300
1897 1972
109 991
318 830
1810 1095
218 1755
794 821
159 1520
924 1946
1169 1356
1625 1931
1191 690
1495 1218
43 1496
1284 1391
1272 1129
1255 1730
886 1700
329 1737
1212 1080
531 984
1851 1964
1029 743
381 458
891 605
593 931
992 637
844 610
1211 1589
413 1336
1806 1532
1448 1484
287 181
573 1530
230 912
1608 759
752 529
970 1961
834 1986
1205 359
123 271
1393 920
99 167
718 765
975 587
512 1449
560 917
1493 1776
844 1542
1767 1615
1273 1804
50 1498
1915 1218
1777 176
1174 396
1007 1108
479 673
1556 1427
458 1241
166 1414
1877 1368
1547 1886
1224 1104
1768 697
610 1539
1726 183
973 702
1350 674
1326 461
1244 763
823 410
1239 879
1427 1249
1659 1830
1017 1332
1635 337
602 354
1720 1834
1122 1470
221 345
560 180
408 968
150 1799
638 988
1304 1952
643 1080
380 234
94 123
1741 1473
4 979
1219 75
709 455
1147 631
120 928
839 1042
212 537
1580 1289
1616 556
1879 1886
1411 1274
765 763
445 280
1733 1179
1031 179
1743 567
631 715
1907 1300
1366 1970
1338 398
1007 565
1737 941
1812 46
1220 1339
1221 1503
1545 1865
1933 1240
1471 39
1552 902
1152 1947
793 896
1194 1788
589 1248
1480 1084
163 1985
1694 1637
1014 633
771 237
1343 1377
481 669
1518 89
120 1460
1905 1816
871 1363
645 1903
1225 184
1729 989
896 706
1181 585
788 855
852 814
684 856
1247 1696
1914 411
171 824
1726 918
196 998
569 420
1311 1745
703 1892
1812 1487
1011 84
300 1792
826 47
667 1100
653 630
350 1495
1876 580
1556 501
60 1236
826 1775
486 1481
1480 678
1227 1500
358 872
1914 131
1917 605
260 1643
1617 1726
1388 1349
1384 620
1811 170
748 1453
1917 246
676 1663
1613 1832
18 1077
840 1389
277 128
1456 698
1151 1641
749 1799
1493 1981
208 848
229 1551
141 216
1277 257
356 1137
1101 568
517 1454
1686 1842
973 443
546 1814
656 58
10 597
287 765
462 1438
1678 1800
5 102
191 1846
601 1877
1138 1476
1369 1021
696 619
516 434
356 931
1403 1777
645 1303
276 650
1686 1011
27 295
105 174
440 1751
876 114
294 1262
516 1915
823 1708
491 817
936 75
1980 802
192 807
427 1650
1539 41
1769 725
1148 359
1718 1084
544 1245
1750 603
259 336
176 1547
1752 1466
1497 110
669 1369
1192 1191
1704 764
1266 1650
341 1769
1048 574
573 1501
723 363
1692 241
1513 1203
1077 1921
137 782
1181 538
1532 1202
1719 1677
996 1274
814 254
1066 388
1934 744
775 1035
470 1727
558 882
739 930
432 236
1191 493
1706 1579
1720 511
1592 1507
387 1652
561 354
1676 1950
728 1068
812 1613
443 1366
1883 729
1830 1394
1892 1930
1234 1779
1950 1315
744 1485
1727 1307
13 1815
1971 1844
18 1811
438 1417
699 949
802 1761
1725 1819
1088 294
43 1779
1039 37
1451 204
615 1270
1509 39
173 1664
1528 241
486 816
1338 1706
274 1893
321 1036
1902 648
951 1132
688 95
1327 1496
1982 24
722 1448
210 1936
785 1137
1016 745
1213 1209
1851 71
1721 909
1982 1997
336 1619
357 18
880 1972
410 1909
1241 300
37 1560
1400 271
13 1207
1378 1830
1377 736
1005 490
1625 1757
1544 1343
1184 1283
476 1581
935 1781
818 900
461 1815
1813 1039
1351 1075
575 484
1981 1036
1235 1610
135 1221
289 1077
913 514
226 460
590 1451
441 1122
1056 259
568 798
317 990
1480 1062
810 1036
251 979
808 1868
168 1005
1699 170
740 797
713 451
479 80
1022 928
562 1124
929 1004
520 176
879 1537
82 1874
874 1061
1383 871
883 404
1125 563
1639 650
1447 168
1560 1626
1947 1030
3 369
400 684
829 1396
1276 965
1915 1865
68 1224
619 775
1340 1403
670 1673
1647 1798
1655 598
1038 854
1311 1469
1607 1863
1245 1254
407 1094
278 1867
1142 1011
1634 132
17 1081
1010 1460
1650 456
1860 1408
1598 313
318 1470
1153 1683
1974 631
1992 1543
1209 442
1416 621
774 671
1480 1434
898 1825
612 824
1398 1566
738 1354
1361 432
1763 1417
123 556
774 566
451 1973
1508 1311
1226 1154
1662 625
856 382
1537 1767
1105 392
1232 250
1378 364
1165 409
977 1425
320 1829
32 1173
1887 718
912 1870
1831 1287
367 1741
1157 1881
84 834
986 556
1536 1787
130 263
647 859
1621 1468
464 5
1973 1968
1761 820
986 553
1291 389
1013 33
827 1555
1783 669
358 833
563 346
1358 1548
43 1157
7 1549
469 759
395 933
398 463
1835 1279
1450 1926
220 1705
1358 1367
468 84
7 761
250 541
1226 1310
683 109
1268 308
1200 1497
1515 1874
189 465
1163 870
1778 679
1901 418
419 883
20 192
1976 1409
650 459
1567 476
1335 1630
187 616
1932 1807
798 549
589 1750
1753 731
976 998
16 158
387 1643
1661 765
20 713
839 1785
767 114
330 1166
768 884
585 476
1733 123
1959 381
1840 985
1629 688
1003 1864
110 58
383 326
632 927
1411 1640
100 681
154 995
110 26
701 511
1456 985
1708 20
1036 1865
1478 255
52 1824
1190 1888
627 1036
118 751
1616 1717
1510 957
920 1044
1802 267
1548 1954
1186 1984
428 322
1073 1850
1913 1202
1223 1489
1833 1829
771 1606
533 748
793 1197
1311 1161
274 1436
73 283
1297 1956
1506 351
1223 1827
360 161
1007 216
1460 1083
803 684
1873 650
187 1136
889 1256
1074 1432
1500 360
811 1696
1976 1442
1040 1281
526 1489
1599 1541
1368 780
348 912
118 627
1200 411
230 1894
746 1669
1154 44
479 834
487 594
1999 1145
282 41
410 1313
1859 1830
167 937
99 1454
1439 1975
1875 621
1724 1732
1741 667
1123 652
1362 1882
1490 1665
1509 1439
1330 1799
1415 358
446 589
1561 1133
1781 476
1671 1582
1169 1309
1378 1396
162 1682
1444 1158
900 1005
804 678
105 1884
478 779
1090 1398
434 1063
1794 1088
1065 1331
562 20
1644 1924
418 1166
1389 1584
1587 1386
1140 159
929 1648
1271 619
1736 1892
485 240
586 1020
905 543
26 872
1545 1422
1981 912
765 193
949 1917
933 1843
1960 412
1822 703
473 463
558 1373
1652 1824
999 534
586 1367
449 1583
464 1041
748 1418
1264 719
1587 274
499 371
1065 189
1797 820
414 334
522 1141
1699 152
827 839
1107 1446
855 479
296 170
581 73
180 1214
472 880
519 388
483 791
97 1713
1597 345
1149 1092
203 1635
626 1049
670 1699
1618 1610
1405 1806
1954 1016
1720 605
1369 1955
337 151
1583 983
1857 1230
1020 1151
1386 480
1095 71
1789 1992
1371 220
1865 115
220 1508
1988 1841
1388 564
1127 129
349 1866
597 162
1500 705
276 107
1598 334
603 1109
1882 110
1239 1739
1898 390
1160 746
1462 513
1672 1676
662 418
1004 415
1179 853
1949 1888
1270 598
242 1755
1857 223
202 534
621 769
420 250
1988 972
1773 1977
842 809
526 1938
46 1131
1273 730
1563 510
152 148
1374 479
1697 109
1307 1232
1885 1874
258 1471
702 259
637 814
525 371
359 1074
860 248
1971 147
1678 1285
1952 116
1667 1730
151 1933
719 1567
1339 12
992 548
154 1610
704 890
161 934
1068 1264
1274 776
750 1994
359 917
827 1460
1650 409
1812 1803
1221 1573
878 252
1899 859
1123 859
1668 1261
379 1406
1114 105
1732 1523
1932 114
183 1000
758 225
1538 935
201 456
718 1178
1296 1823
1507 1456
790 1710
763 1018
51 1030
920 72
85 954
1961 575
1370 685
960 248
1926 1200
1055 589
780 1743
273 928
1934 1920
1658 163
1536 470
472 1404
743 893
1810 1343
1681 1117
283 1735
1670 652
1354 1913
675 1000
1105 351
1291 1500
870 933
1604 477
555 1678
1947 811
39 490
204 8
1046 1305
1089 1643
1076 780
1559 970
1567 834
121 668
1993 1466
1894 1567
604 1079
1786 1781
261 1960
731 1817
784 1
1682 351
516 465
458 393
1976 102
1685 491
1268 908
396 790
934 1343
1379 1022
385 1143
999 283
1172 877
1244 1019
851 655
1630 1405
1848 68
1276 1753
771 1271
1405 146
652 1899
711 1976
1337 406
1396 74
1966 498
1682 179
1705 218
565 735
1661 1389
1289 1146
922 104
1583 810
79 1834
160 203
579 1888
1311 1388
828 773
1715 447
1332 1121
1659 806
1250 1135
1326 1191
197 1010
1385 568
435 392
1863 386
1154 36
1807 131
818 1498
810 564
535 1785
1709 350
219 1370
1315 1855
1217 301
1583 734
1896 1258
324 1558
71 1108
612 239
1459 1860
1684 1391
1272 260
1842 1454
1380 475
735 449
317 1180
943 1177
742 134
114 1414
1496 639
1536 908
987 870
1771 1449
682 1954
1075 165
433 1973
1768 1236
887 492
904 767
1497 1103
1736 981
74 1618
301 533
1601 1629
1434 1919
1781 1759
758 1827
672 1303
322 1002
1183 170
978 926
928 1144
140 1020
1682 1710
990 372
1902 871
452 1343
1143 1732
1028 1822
1404 811
1936 835
1714 693
1564 888
462 1681
1600 1016
1589 1562
1117 1616
1180 752
718 80
1525 899
195 838
1540 1380
1670 924
1502 583
1235 1241
1520 371
943 1164
1969 1284
679 970
391 164
1061 277
1732 658
522 458
1866 1176
1254 1068
1876 725
1644 1196
1137 1975
1828 793
1852 95
1728 683
811 119
768 1136
1806 435
347 827
136 550
131 127
108 962
1720 825
323 1742
350 24
1851 472
997 758
1686 1401
1049 940
134 1872
1947 1086
1098 1306
550 907
1431 1272
968 1218
1365 1861
192 340
929 218
591 1746
1295 1991
757 881
1262 517
1428 1537
1553 314
635 1393
914 1558
1379 879
788 148
210 1334
1103 1712
859 1097
193 710
1158 625
1412 1767
663 1452
739 1002
380 1728
94 1912
487 1401
589 1945
1803 1393
1659 1702
1023 3
1801 259
1713 837
1784 1716
301 33
211 1297
835 892
1768 1914
1237 517
