1000
17 52 43
18 38 150
28 31 79
38 45 123
59 101 85
82 124 104
104 135 81
126 135 145
136 145 212
138 173 57
142 161 281
163 176 145
179 206 8
200 222 280
204 231 203
218 226 160
231 241 187
234 271 204
234 275 288
261 307 45
272 298 128
297 327 3
317 365 269
345 350 240
363 396 138
388 414 259
410 417 37
439 457 241
469 498 35
489 513 262
498 518 31
504 546 60
527 536 47
541 560 134
550 566 11
560 588 25
566 588 111
577 585 102
591 633 231
598 604 16
624 638 19
634 684 8
657 662 187
666 684 138
667 709 85
672 692 159
685 704 147
710 735 202
713 742 142
735 736 93
752 797 112
775 789 66
783 799 286
797 831 8
811 822 49
839 846 76
849 883 250
855 868 11
872 915 16
897 906 138
916 958 77
945 959 211
948 989 124
972 1000 213
982 1019 72
990 1027 61
1005 1047 43
1020 1030 123
1038 1059 178
1046 1066 96
1050 1064 152
1079 1109 36
1103 1111 286
1110 1145 117
1137 1175 151
1158 1180 220
1161 1176 4
1177 1186 275
1186 1229 277
1213 1252 40
1238 1283 271
1256 1274 188
1273 1296 213
1281 1329 246
1311 1350 90
1321 1323 40
1327 1334 117
1328 1357 206
1332 1349 246
1358 1394 211
1388 1403 15
1393 1422 90
1411 1435 2
1441 1453 102
1447 1482 233
1468 1492 20
1482 1523 93
1504 1514 181
1526 1532 128
1530 1549 25
1532 1568 36
1540 1565 47
1547 1591 210
1557 1591 234
1560 1568 73
1587 1625 49
1601 1649 240
1619 1659 96
1635 1653 1
1662 1689 267
1669 1670 216
1679 1728 254
1708 1737 298
1727 1732 30
1731 1765 9
1741 1765 29
1750 1799 70
1768 1814 214
1771 1782 71
1786 1815 80
1810 1828 122
1839 1865 209
1868 1907 37
1889 1913 39
1918 1965 64
1935 1973 84
1957 1966 103
1980 2017 193
1985 2025 213
1994 2039 225
1994 1998 261
2010 2054 24
2039 2076 253
2046 2096 172
2048 2059 118
2057 2068 120
2058 2100 148
2063 2074 220
2082 2105 106
2096 2126 25
2115 2153 70
2116 2161 97
2138 2178 246
2166 2186 99
2195 2202 115
2222 2270 64
2231 2275 6
2251 2256 99
2272 2289 244
2275 2295 43
2294 2343 277
2309 2334 245
2323 2341 125
2351 2394 241
2370 2394 90
2388 2410 171
2403 2436 282
2422 2460 155
2429 2469 200
2442 2443 278
2454 2502 297
2478 2519 56
2495 2525 67
2505 2536 63
2506 2518 156
2531 2556 152
2541 2564 123
2560 2587 153
2568 2591 49
2597 2630 245
2621 2643 19
2627 2664 91
2651 2663 145
2666 2692 207
2673 2712 234
2676 2703 278
2686 2721 246
2707 2745 12
2709 2759 152
2734 2775 76
2750 2765 269
2773 2820 272
2789 2804 295
2805 2855 68
2826 2872 174
2846 2867 127
2850 2855 198
2860 2894 168
2884 2912 145
2884 2934 221
2904 2954 191
2906 2913 13
2917 2938 162
2938 2980 106
2962 2990 261
2986 3025 236
3005 3055 81
3032 3050 234
3035 3039 226
3057 3084 84
3087 3133 146
3087 3105 122
3098 3135 102
3117 3140 193
3124 3132 89
3149 3159 138
3165 3171 247
3178 3191 287
3190 3224 110
3199 3209 214
3228 3239 66
3250 3292 60
3267 3284 99
3267 3274 33
3272 3313 125
3283 3328 151
3297 3302 199
3303 3353 135
3305 3307 94
3312 3323 291
3340 3373 55
3346 3390 257
3372 3416 77
3377 3404 107
3377 3389 245
3398 3441 149
3416 3448 75
3419 3439 1
3445 3475 141
3457 3481 234
3464 3488 146
3486 3504 258
3508 3522 141
3519 3526 288
3541 3553 294
3552 3600 27
3574 3623 225
3579 3587 257
3601 3645 139
3612 3657 286
3612 3624 174
3640 3647 203
3648 3687 17
3658 3691 151
3673 3713 116
3690 3727 40
3713 3716 66
3728 3732 292
3740 3757 167
3751 3788 48
3770 3773 191
3780 3787 212
3797 3834 106
3799 3831 270
3802 3848 224
3812 3838 83
3814 3827 40
3829 3869 220
3838 3871 16
3855 3903 163
3864 3906 86
3887 3916 52
3897 3917 81
3919 3937 289
3942 3970 151
3954 3992 132
3982 4022 218
3989 4020 228
4019 4062 76
4031 4042 73
4048 4068 149
4078 4088 79
4081 4113 189
4110 4115 271
4139 4176 253
4160 4186 157
4169 4217 297
4197 4202 231
4215 4230 164
4219 4258 291
4237 4276 32
4266 4302 196
4269 4282 45
4292 4335 164
4297 4318 219
4299 4344 277
4309 4323 227
4317 4341 246
4338 4355 140
4359 4368 268
4365 4376 287
4374 4412 213
4382 4417 211
4397 4432 256
4417 4428 285
4436 4442 102
4462 4476 80
4482 4517 181
4485 4507 35
4514 4556 172
4538 4583 248
4539 4554 186
4540 4583 175
4540 4542 242
4540 4550 62
4561 4602 41
4570 4589 84
4589 4616 41
4602 4631 179
4605 4646 290
4614 4654 75
4635 4652 195
4661 4694 57
4667 4708 44
4673 4717 81
4701 4731 244
4713 4758 181
4731 4771 277
4742 4763 43
4749 4795 143
4775 4798 48
4795 4801 143
4804 4811 241
4832 4842 10
4840 4849 47
4864 4914 66
4869 4913 34
4872 4914 183
4879 4920 227
4896 4944 67
4913 4935 4
4934 4948 98
4947 4965 131
4965 5009 76
4979 4998 70
5008 5036 124
5020 5053 183
5029 5057 246
5037 5038 18
5040 5079 296
5044 5094 115
5059 5091 169
5083 5120 85
5108 5140 73
5109 5119 289
5131 5162 185
5158 5178 218
5168 5208 114
5178 5181 51
5183 5214 32
5188 5231 98
5188 5233 174
5211 5248 132
5212 5222 185
5233 5235 250
5251 5283 14
5276 5279 128
5287 5332 263
5303 5326 159
5310 5356 117
5326 5351 289
5351 5386 85
5360 5389 199
5370 5413 211
5375 5383 272
5401 5433 284
5424 5464 300
5454 5502 228
5457 5491 253
5465 5511 228
5488 5503 5
5497 5531 234
5506 5535 291
5510 5532 141
5510 5544 92
5535 5578 283
5541 5553 99
5555 5560 242
5581 5628 188
5611 5620 279
5629 5652 274
5652 5661 213
5652 5687 201
5659 5667 92
5674 5705 162
5677 5719 247
5680 5718 39
5706 5746 205
5712 5731 81
5725 5760 98
5737 5772 156
5745 5773 150
5772 5799 159
5795 5838 165
5815 5844 220
5830 5832 88
5850 5876 196
5875 5877 61
5904 5931 28
5908 5943 298
5926 5972 265
5932 5956 249
5932 5943 200
5943 5979 57
5968 5974 186
5977 6004 220
5996 6000 16
6009 6025 4
6016 6036 122
6041 6076 221
6046 6075 66
6047 6053 234
6075 6083 74
6098 6132 117
6115 6139 199
6127 6160 224
6139 6177 33
6148 6191 75
6164 6169 273
6190 6206 144
6191 6232 71
6192 6226 94
6200 6211 297
6201 6233 150
6226 6273 193
6230 6238 177
6244 6272 234
6258 6261 36
6273 6290 95
6290 6321 140
6294 6317 192
6295 6342 95
6302 6313 155
6311 6331 293
6328 6354 178
6347 6355 167
6348 6358 66
6364 6386 86
6368 6396 38
6392 6412 6
6401 6444 148
6402 6412 9
6419 6448 57
6431 6463 289
6455 6464 117
6479 6525 207
6509 6526 207
6537 6565 58
6541 6555 226
6546 6548 269
6551 6567 238
6575 6594 106
6599 6633 20
6599 6632 37
6622 6632 3
6646 6690 162
6655 6696 297
6672 6717 291
6690 6739 51
6703 6748 48
6721 6753 236
6724 6745 61
6729 6765 205
6745 6760 95
6771 6810 28
6790 6839 23
6796 6818 31
6823 6828 97
6838 6874 254
6851 6888 293
6866 6900 143
6869 6896 274
6889 6896 282
6918 6924 96
6943 6990 113
6959 6982 126
6972 7005 241
6996 7003 77
7020 7043 271
7044 7088 13
7060 7064 179
7088 7091 151
7117 7145 296
7138 7143 219
7141 7163 22
7158 7195 181
7185 7191 244
7212 7223 153
7238 7244 275
7260 7283 276
7289 7293 122
7308 7333 30
7312 7362 184
7334 7383 154
7361 7401 237
7389 7426 1
7419 7445 225
7422 7426 77
7432 7449 132
7441 7481 128
7448 7482 77
7463 7513 109
7467 7483 31
7488 7528 45
7488 7509 298
7502 7548 31
7524 7535 152
7539 7542 270
7549 7553 125
7566 7583 185
7570 7578 92
7593 7601 262
7609 7622 13
7613 7625 229
7641 7680 292
7655 7696 112
7658 7682 10
7659 7702 101
7661 7703 112
7666 7699 152
7672 7681 132
7686 7687 194
7702 7729 178
7730 7753 209
7736 7769 259
7736 7779 110
7742 7786 103
7754 7781 58
7761 7803 236
7777 7809 53
7783 7785 257
7812 7844 114
7823 7846 239
7838 7847 198
7849 7899 105
7869 7888 17
7892 7936 215
7920 7965 3
7940 7969 100
7970 7973 253
7971 7972 262
7974 7989 72
7997 8047 18
8000 8050 105
8002 8051 61
8014 8060 173
8043 8089 137
8056 8098 234
8079 8105 30
8100 8126 53
8109 8120 274
8125 8170 275
8151 8194 43
8179 8227 74
8186 8223 82
8199 8246 205
8211 8226 106
8235 8267 16
8247 8281 54
8261 8298 201
8261 8264 132
8270 8320 101
8296 8341 95
8303 8337 266
8322 8358 69
8352 8362 143
8374 8379 72
8400 8434 255
8403 8436 138
8413 8434 175
8439 8466 222
8465 8484 196
8466 8472 69
8469 8476 54
8474 8509 73
8478 8486 217
8508 8558 44
8529 8564 177
8533 8567 300
8545 8591 136
8566 8611 5
8571 8581 104
8591 8636 119
8601 8650 213
8616 8660 263
8617 8666 242
8636 8680 214
8665 8676 108
8680 8688 205
8687 8728 225
8691 8694 198
8704 8727 263
8710 8713 14
8722 8767 158
8741 8744 10
8745 8777 52
8753 8769 258
8759 8760 221
8767 8807 110
8771 8807 263
8781 8809 295
8792 8837 221
8812 8859 197
8833 8883 69
8839 8843 289
8855 8901 191
8859 8896 54
8877 8892 270
8903 8925 36
8917 8925 134
8923 8965 209
8951 8989 132
8966 9016 108
8979 9016 52
8980 9012 127
9010 9017 142
9024 9052 84
9040 9069 101
9059 9108 192
9063 9086 21
9083 9132 5
9096 9123 23
9118 9139 135
9133 9147 132
9148 9170 200
9172 9190 203
9196 9203 88
9197 9234 122
9219 9248 95
9234 9272 55
9234 9255 265
9245 9295 119
9249 9282 119
9251 9297 219
9271 9303 253
9289 9297 288
9316 9341 34
9323 9324 37
9352 9378 155
9367 9378 238
9383 9409 8
9385 9414 187
9414 9417 154
9443 9483 9
9453 9492 160
9454 9477 35
9457 9491 289
9466 9489 57
9477 9526 201
9498 9547 24
9508 9528 246
9536 9575 188
9547 9574 173
9555 9594 252
9573 9581 72
9590 9599 153
9610 9616 151
9610 9643 276
9615 9653 207
9615 9636 129
9628 9646 196
9630 9673 39
9645 9681 56
9672 9691 114
9682 9690 67
9693 9725 258
9716 9758 33
9740 9760 202
9741 9752 242
9771 9776 62
9795 9833 233
9813 9822 43
9838 9876 132
9844 9865 101
9867 9881 155
9876 9880 197
9895 9900 214
9915 9950 102
9928 9972 144
9951 9984 194
9952 9992 287
9969 10001 104
9976 10009 158
9983 10019 151
9988 10009 281
10013 10049 85
10032 10063 153
10047 10084 10
10070 10101 143
10074 10079 158
10081 10112 134
10096 10118 167
10098 10102 122
10128 10133 235
10149 10196 172
10162 10196 132
10182 10225 186
10208 10231 209
10218 10240 71
10242 10246 260
10252 10288 177
10263 10285 55
10263 10308 167
10283 10308 51
10293 10340 116
10302 10321 245
10315 10331 109
10324 10346 109
10352 10397 25
10356 10402 249
10357 10361 51
10380 10420 31
10384 10418 284
10392 10407 193
10401 10446 11
10414 10445 274
10431 10476 121
10456 10489 270
10469 10496 239
10487 10496 59
10507 10538 167
10516 10544 268
10537 10569 50
10541 10585 176
10556 10603 179
10586 10606 223
10615 10633 77
10618 10652 26
10622 10639 275
10632 10646 15
10634 10676 112
10646 10647 81
10664 10685 3
10671 10688 105
10687 10733 123
10693 10721 65
10695 10733 64
10703 10706 185
10706 10724 291
10736 10773 110
10754 10779 67
10784 10825 62
10809 10842 245
10821 10843 94
10847 10859 32
10851 10877 5
10855 10871 243
10861 10863 44
10861 10897 271
10868 10886 82
10896 10900 220
10900 10939 97
10903 10916 190
10905 10931 294
10933 10954 128
10961 10979 34
10971 11005 157
10995 11045 38
11020 11059 83
11036 11061 234
11041 11084 162
11065 11104 178
11082 11087 32
11099 11129 82
11119 11147 30
11122 11170 242
11135 11180 186
11165 11215 130
11173 11198 64
11193 11214 222
11218 11251 292
11245 11259 21
11273 11313 167
11282 11283 35
11287 11334 55
11298 11336 154
11299 11335 165
11326 11337 285
11342 11366 270
11344 11350 245
11370 11371 147
11389 11412 80
11403 11424 162
11406 11424 88
11431 11459 21
11441 11471 261
11453 11466 256
11468 11487 195
11493 11537 158
11518 11528 238
11543 11573 79
11550 11558 14
11572 11589 277
11581 11582 283
11608 11610 155
11638 11654 260
11660 11669 46
11677 11712 182
11685 11729 10
11687 11700 57
11697 11699 211
11717 11730 57
11719 11733 130
11724 11759 127
11728 11732 255
11746 11761 76
11766 11776 44
11788 11791 180
11808 11839 97
11829 11837 283
11849 11857 154
11860 11882 218
11869 11910 116
11881 11914 205
11909 11930 102
11927 11957 157
11954 12001 115
11979 11980 65
11985 11992 49
12001 12023 177
12009 12043 35
12030 12073 211
12048 12049 193
12049 12064 142
12063 12084 291
12064 12105 295
12073 12092 68
12095 12099 183
12114 12119 121
12129 12162 278
12159 12201 58
12186 12232 69
12206 12256 160
12220 12231 264
12245 12287 105
12264 12314 29
12291 12304 192
12311 12322 175
12328 12345 185
12354 12369 194
12381 12399 217
12398 12432 102
12402 12423 82
12420 12424 189
12450 12451 165
12456 12491 128
12476 12507 235
12499 12505 48
12528 12537 190
12528 12549 221
12543 12563 172
12558 12560 120
12586 12607 185
12602 12650 78
12607 12642 124
12631 12669 263
12650 12687 237
12679 12716 37
12698 12731 293
12721 12747 294
12727 12750 100
12748 12788 128
12777 12823 145
12787 12812 222
12797 12811 272
12818 12830 270
12824 12849 193
12847 12857 106
12865 12890 295
12887 12895 265
12908 12954 148
12937 12945 147
12944 12987 181
12974 12975 180
12985 13002 48
13001 13038 150
13001 13007 139
13006 13019 154
13019 13036 132
13037 13053 102
13039 13069 97
13046 13050 90
13060 13066 81
13072 13122 168
13082 13109 293
13098 13129 57
13104 13126 99
13104 13142 135
13134 13139 235
13158 13165 59
13171 13211 68
13201 13223 119
13214 13253 153
13216 13233 11
13240 13286 278
13257 13263 150
13279 13281 228
13292 13327 247
13316 13328 1
13317 13318 85
13334 13354 148
13354 13402 197
13373 13377 250
13380 13423 165
13405 13432 246
13413 13438 166
13430 13477 112
13456 13482 263
13474 13507 299
13492 13499 287
13506 13556 140
13521 13530 273
13550 13598 235
13551 13557 287
13567 13605 71
13597 13626 151
13606 13638 42
13613 13641 251
13623 13631 137
13646 13653 243
13673 13675 141
13690 13721 244
13707 13714 122
13709 13746 228
13722 13742 252
13738 13752 162
13741 13761 16
13752 13780 118
13765 13776 40
13773 13784 76
13799 13809 188
13801 13833 207
13805 13826 164
13826 13829 235
13837 13845 69
13837 13867 157
13853 13871 138
13872 13913 190
13890 13923 27
13910 13944 147
13931 13960 295
13944 13952 29
13950 13956 184
13968 13979 138
13977 13996 295
13993 14013 175
13994 14021 131
13995 14010 163
14014 14047 193
14044 14074 196
14067 14114 136
14067 14102 268
14073 14112 19
14098 14132 93
14118 14147 162
14137 14179 111
14158 14184 297
14161 14171 286
14185 14200 68
14210 14241 224
14240 14280 285
14259 14301 258
14287 14305 130
14301 14309 28
14301 14307 184
14328 14370 8
14356 14385 14
14381 14392 155
14394 14425 83
14414 14442 295
14435 14445 195
14440 14485 133
14454 14489 245
14474 14498 105
14478 14483 213
14485 14523 117
14488 14528 150
14490 14517 161
14497 14535 193
14517 14547 177
14528 14556 33
14538 14577 38
14548 14561 261
14564 14604 239
14564 14565 268
14581 14625 37
14584 14610 196
14593 14620 77
14623 14659 68
14636 14652 150
14658 14669 165
14668 14711 152
14696 14716 187
14718 14754 76
14720 14747 207
14727 14729 99
14729 14753 166
14756 14787 43
14767 14798 206
14767 14775 172
