1000
2 16 293
27 62 11
53 71 150
58 96 176
69 84 70
85 103 76
113 161 211
126 168 98
129 162 43
158 201 90
161 165 87
186 218 253
200 210 109
220 253 219
228 272 67
230 234 300
253 288 128
256 258 213
271 314 66
294 311 287
294 323 197
297 332 247
308 342 293
315 344 109
326 351 235
349 398 81
370 381 182
375 401 189
390 393 133
403 405 2
419 469 7
445 488 4
450 488 236
465 503 277
485 517 22
506 544 69
509 543 250
521 549 64
544 589 156
563 575 295
578 589 5
603 628 222
614 642 285
643 688 243
662 690 149
687 715 256
687 709 60
702 730 111
714 738 192
715 734 224
732 780 63
755 782 14
785 804 178
804 806 3
828 833 20
854 880 159
871 889 159
901 902 195
906 950 129
928 931 115
934 970 127
941 986 157
970 997 203
974 1019 166
1000 1031 227
1012 1022 35
1018 1033 247
1031 1058 203
1037 1076 66
1040 1056 145
1055 1065 35
1078 1122 105
1094 1117 258
1114 1160 80
1131 1172 116
1147 1170 102
1162 1185 290
1190 1191 94
1216 1236 248
1229 1276 70
1236 1244 190
1263 1278 174
1275 1310 120
1291 1318 233
1315 1350 14
1318 1358 111
1339 1372 49
1345 1362 300
1371 1405 113
1385 1412 172
1397 1406 217
1410 1420 167
1425 1437 37
1428 1462 8
1444 1451 116
1462 1491 138
1474 1504 70
1496 1513 217
1521 1551 192
1540 1551 119
1557 1585 252
1577 1627 221
1597 1602 214
1605 1606 271
1615 1618 272
1644 1692 28
1648 1657 250
1662 1698 103
1677 1681 116
1698 1732 206
1723 1734 121
1752 1790 249
1777 1801 162
1800 1835 242
1816 1856 93
1825 1829 233
1851 1870 215
1880 1914 83
1900 1931 249
1903 1919 133
1919 1956 2
1924 1946 2
1932 1941 42
1950 1956 78
1950 1962 297
1974 1980 208
2002 2010 137
2017 2035 11
2040 2071 37
2043 2091 72
2055 2062 139
2055 2102 10
2060 2070 111
2071 2084 285
2087 2106 142
2093 2110 69
2094 2133 213
2099 2143 260
2100 2146 42
2108 2153 221
2124 2157 205
2148 2177 250
2169 2171 11
2176 2201 166
2186 2232 259
2205 2232 192
2213 2222 24
2229 2258 112
2253 2280 81
2273 2277 19
2302 2344 298
2322 2354 212
2352 2371 189
2360 2365 275
2362 2412 272
2371 2420 169
2394 2403 278
2403 2410 137
2411 2451 160
2440 2450 84
2441 2459 74
2443 2470 29
2463 2498 259
2490 2493 239
2494 2502 203
2497 2506 170
2523 2527 77
2523 2548 48
2531 2537 254
2552 2574 45
2574 2599 43
2597 2617 164
2626 2631 274
2655 2658 178
2670 2715 198
2688 2726 119
2713 2733 50
2722 2727 285
2733 2768 11
2740 2748 201
2770 2819 20
2770 2797 249
2775 2800 105
2799 2846 66
2814 2840 240
2815 2848 86
2835 2856 273
2853 2902 2
2877 2899 276
2879 2912 58
2899 2927 119
2899 2928 277
2902 2921 40
2913 2931 43
2931 2972 205
2952 2994 36
2965 3012 7
2995 3001 243
3008 3045 84
3027 3063 242
3047 3069 240
3060 3082 170
3060 3080 81
3076 3098 137
3091 3102 128
3118 3167 261
3130 3144 126
3151 3178 208
3163 3207 111
3184 3233 254
3196 3228 33
3200 3243 251
3214 3257 129
3244 3251 266
3258 3265 197
3266 3278 61
3274 3291 287
3297 3333 74
3300 3337 109
3319 3334 31
3321 3349 228
3351 3376 106
3369 3390 145
3399 3424 184
3410 3418 60
3419 3452 206
3431 3444 298
3451 3457 108
3466 3488 2
3468 3470 160
3471 3503 241
3473 3491 187
3498 3524 173
3508 3548 73
3516 3564 240
3522 3531 137
3534 3556 57
3558 3590 44
3568 3580 51
3568 3577 294
3593 3614 53
3619 3647 37
3638 3678 154
3657 3686 126
3677 3704 222
3680 3701 144
3684 3702 202
3685 3719 294
3701 3736 94
3702 3710 46
3721 3752 291
3722 3752 18
3737 3782 162
3751 3770 99
3770 3791 214
3793 3823 60
3793 3813 207
3816 3846 39
3838 3847 59
3844 3869 294
3855 3901 244
3885 3923 39
3914 3917 97
3917 3953 264
3917 3930 129
3923 3972 248
3939 3963 16
3969 3978 298
3998 4040 98
4002 4043 37
4008 4026 17
4029 4077 3
4039 4050 299
4041 4060 244
4064 4067 284
4065 4071 240
4083 4120 211
4103 4119 264
4128 4174 202
4136 4177 145
4148 4182 62
4173 4188 79
4189 4235 238
4192 4218 14
4216 4240 26
4237 4286 2
4258 4268 69
4266 4310 251
4268 4297 60
4296 4318 173
4322 4348 10
4326 4334 72
4340 4356 172
4367 4397 120
4373 4393 174
4385 4419 41
4399 4408 230
4401 4409 208
4429 4438 104
4437 4487 133
4460 4463 189
4464 4473 21
4472 4496 297
4487 4526 212
4510 4557 50
4522 4532 233
4530 4559 219
4558 4586 102
4570 4584 268
4571 4597 205
4599 4617 47
4607 4657 76
4626 4647 123
4637 4652 26
4661 4706 68
4683 4696 83
4702 4732 63
4722 4755 79
4735 4745 199
4762 4790 213
4791 4816 275
4811 4819 29
4837 4839 300
4859 4882 61
4861 4880 144
4873 4903 150
4893 4903 30
4918 4928 23
4935 4936 90
4940 4941 9
4956 4986 157
4974 5016 247
4986 5029 250
5005 5052 178
5029 5044 71
5049 5080 73
5069 5119 98
5073 5106 259
5092 5126 54
5100 5121 256
5123 5139 83
5147 5149 68
5153 5202 30
5170 5208 241
5181 5199 231
5184 5202 178
5201 5243 51
5213 5233 154
5243 5271 28
5244 5290 273
5257 5307 255
5271 5297 181
5287 5332 4
5294 5305 124
5296 5346 198
5321 5340 264
5326 5372 87
5340 5370 273
5369 5384 38
5394 5412 287
5415 5445 31
5441 5489 69
5464 5469 10
5485 5489 258
5490 5536 193
5506 5523 22
5507 5523 214
5517 5563 226
5541 5560 296
5551 5597 140
5552 5600 102
5552 5567 297
5558 5578 11
5559 5604 223
5559 5566 126
5575 5576 153
5585 5599 233
5595 5629 124
5595 5639 7
5596 5621 11
5618 5639 4
5645 5680 121
5675 5697 67
5702 5726 150
5730 5739 37
5758 5777 224
5774 5798 132
5796 5831 147
5799 5805 178
5819 5862 12
5839 5853 81
5865 5877 102
5890 5905 176
5901 5946 218
5913 5920 176
5937 5985 234
5959 5995 60
5984 5996 101
5989 6025 294
5992 6030 157
6019 6039 109
6040 6054 230
6070 6107 230
6073 6091 176
6097 6129 64
6123 6163 5
6125 6144 156
6150 6196 295
6174 6205 24
6202 6221 88
6210 6260 296
6226 6269 20
6253 6267 14
6283 6332 33
6295 6311 227
6304 6308 195
6331 6374 54
6347 6355 269
6350 6359 69
6367 6398 91
6368 6376 77
6388 6390 249
6415 6421 99
6429 6468 186
6436 6438 121
6444 6473 193
6466 6496 147
6488 6489 300
6501 6533 227
6521 6570 30
6534 6550 173
6536 6553 126
6561 6607 229
6579 6610 244
6605 6620 210
6608 6610 129
6626 6668 8
6646 6649 225
6664 6696 274
6681 6726 192
6691 6730 59
6720 6759 21
6736 6764 199
6762 6801 87
6781 6783 266
6783 6800 109
6802 6845 245
6825 6850 32
6845 6879 100
6854 6877 184
6871 6876 31
6872 6900 8
6889 6897 11
6919 6957 111
6936 6960 189
6949 6983 224
6975 6990 142
6986 6995 174
7005 7024 265
7011 7061 279
7020 7059 227
7026 7070 250
7053 7070 94
7080 7089 262
7091 7140 10
7119 7143 226
7121 7149 161
7134 7155 57
7149 7180 80
7172 7187 257
7185 7203 85
7198 7202 231
7206 7238 38
7212 7226 150
7241 7274 19
7246 7271 95
7275 7289 288
7299 7337 249
7318 7335 54
7324 7342 54
7329 7367 133
7341 7369 63
7363 7413 214
7391 7404 72
7405 7413 118
7422 7425 37
7424 7442 276
7427 7448 262
7434 7459 55
7457 7482 100
7476 7512 76
7502 7549 99
7518 7539 287
7538 7543 169
7541 7576 189
7567 7606 74
7567 7616 266
7596 7629 106
7613 7652 134
7631 7678 102
7651 7686 96
7678 7712 111
7679 7697 202
7685 7695 70
7687 7699 263
7701 7730 298
7715 7757 278
7717 7724 144
7718 7750 51
7726 7752 217
7743 7745 70
7747 7770 127
7753 7778 157
7756 7806 204
7775 7791 262
7776 7778 141
7781 7790 273
7790 7838 37
7817 7866 229
7821 7849 104
7828 7850 91
7854 7870 294
7861 7885 115
7871 7916 39
7873 7897 228
7897 7902 294
7899 7932 257
7918 7949 204
7924 7929 273
7940 7949 285
7955 7988 3
7955 7957 144
7976 8023 172
7996 8010 118
8002 8033 128
8016 8040 96
8017 8024 12
8029 8043 74
8046 8055 187
8057 8072 62
8069 8077 288
8086 8091 290
8093 8104 16
8104 8112 105
8134 8173 232
8150 8175 236
8161 8164 79
8191 8213 15
8217 8231 55
8239 8272 9
8251 8294 63
8265 8271 126
8274 8302 228
8290 8304 183
8290 8303 126
8320 8369 283
8342 8381 198
8357 8397 166
8375 8390 253
8405 8449 275
8416 8462 101
8441 8449 296
8458 8489 249
8467 8513 197
8495 8524 151
8500 8531 86
8503 8543 71
8529 8577 15
8555 8577 128
8566 8614 87
8575 8582 15
8585 8629 115
8605 8617 134
8617 8648 191
8637 8669 6
8638 8662 87
8650 8685 120
8680 8721 291
8702 8737 148
8725 8751 152
8747 8748 278
8762 8788 262
8780 8809 13
8801 8851 22
8806 8817 280
8826 8843 132
8826 8874 247
8828 8844 270
8829 8879 16
8831 8879 248
8848 8860 192
8876 8881 102
8885 8931 128
8886 8896 258
8907 8937 65
8924 8941 287
8934 8983 182
8958 8975 216
8978 9019 86
8995 9013 273
9024 9037 128
9049 9080 54
9073 9120 12
9088 9105 36
9097 9108 296
9104 9116 272
9126 9171 268
9132 9149 21
9149 9164 107
9166 9206 76
9196 9238 235
9215 9242 158
9223 9258 294
9240 9285 299
9269 9274 195
9289 9335 282
9312 9338 50
9340 9352 193
9360 9374 138
9375 9413 172
9400 9446 273
9404 9415 285
9420 9463 196
9440 9475 159
9454 9491 103
9470 9503 166
9471 9508 104
9479 9496 207
9499 9504 212
9523 9533 286
9528 9561 122
9552 9597 278
9562 9609 194
9576 9579 269
9577 9623 140
9588 9601 230
9610 9621 60
9616 9659 152
9616 9623 69
9636 9654 283
9658 9674 126
9683 9722 290
9708 9715 159
9721 9767 188
9734 9741 241
9746 9756 191
9747 9770 173
9753 9762 283
9763 9780 36
9770 9774 259
9773 9803 253
9776 9788 28
9790 9804 18
9792 9817 150
9817 9858 283
9841 9854 276
9844 9852 71
9870 9912 221
9896 9943 107
9918 9939 1
9926 9966 217
9956 9987 84
9967 10016 104
9978 9980 176
9986 9993 247
10010 10054 54
10025 10041 9
10037 10050 30
10056 10097 34
10061 10092 54
10061 10082 91
10063 10109 76
10089 10096 24
10117 10136 273
10136 10153 6
10148 10165 211
10168 10211 39
10197 10209 65
10227 10230 39
10251 10257 134
10267 10300 121
10295 10324 58
10322 10337 236
10331 10351 157
10334 10366 106
10340 10348 201
10358 10375 15
10387 10410 200
10413 10448 104
10435 10453 219
10447 10463 33
10452 10479 117
10460 10465 142
10479 10510 167
10494 10534 263
10507 10554 260
10507 10512 297
10525 10541 47
10544 10560 232
10569 10572 88
10589 10609 284
10595 10645 64
10607 10657 282
10614 10634 150
10633 10642 252
10637 10667 160
10648 10660 247
10663 10708 100
10683 10696 192
10692 10701 188
10722 10750 28
10746 10776 2
10768 10789 153
10796 10824 10
10799 10816 154
10828 10871 265
10853 10890 119
10878 10891 110
10906 10931 82
10913 10949 289
10920 10936 101
10943 10964 171
10962 11001 289
10987 10989 191
11014 11041 101
11040 11070 123
11044 11062 15
11058 11088 134
11070 11081 119
11093 11124 227
11119 11168 72
11146 11156 122
11151 11179 132
11166 11201 230
11188 11202 15
11204 11217 161
11211 11238 148
11224 11261 107
11231 11237 55
11260 11267 107
11267 11316 165
11296 11330 255
11323 11349 267
11349 11374 95
11355 11373 26
11363 11409 125
11374 11393 265
11380 11408 101
11410 11418 218
11439 11461 127
11448 11465 190
11450 11499 67
11454 11459 88
11461 11493 169
11482 11486 210
11509 11523 122
11509 11537 273
11511 11534 25
11540 11566 99
11546 11558 61
11562 11607 81
11568 11582 255
11594 11595 169
11606 11631 54
11629 11657 177
11654 11702 201
11657 11693 209
11663 11693 62
11671 11712 128
11681 11695 46
11690 11707 252
11697 11713 243
11700 11730 130
11727 11737 151
11736 11766 126
11751 11784 234
11779 11796 96
11792 11822 281
11817 11830 151
11845 11884 37
11864 11884 78
11866 11890 298
11866 11892 118
11878 11918 2
11907 11945 48
11916 11945 91
11921 11938 59
11923 11946 173
11945 11947 273
11946 11975 223
11952 11953 32
11959 12003 274
11970 12003 232
11990 12024 55
12010 12032 109
12035 12057 89
12056 12075 113
12083 12094 12
12106 12154 273
12117 12154 249
12124 12146 250
12125 12141 168
12141 12166 248
12141 12150 281
12147 12150 42
12173 12216 131
12184 12200 53
12195 12210 188
12196 12243 183
12200 12229 97
12218 12264 80
12224 12230 275
12230 12274 1
12254 12276 176
12257 12270 247
12271 12307 269
12294 12300 88
12317 12327 89
12343 12391 10
12344 12354 189
12366 12406 108
12372 12394 228
12400 12427 131
12406 12446 1
12431 12459 198
12447 12476 197
12450 12494 65
12454 12478 199
12461 12475 293
12491 12538 95
12493 12496 88
12520 12556 122
12520 12562 275
12541 12542 97
12552 12601 200
12578 12618 150
12595 12620 170
12603 12628 102
12603 12637 135
12632 12673 266
12643 12644 128
12660 12681 137
12676 12681 123
12692 12737 286
12719 12727 269
12748 12791 287
12768 12787 6
12796 12805 171
12798 12840 42
12809 12836 109
12831 12837 181
12845 12892 64
12871 12897 251
12897 12917 279
12900 12925 63
12930 12970 32
12947 12987 102
12974 12996 120
12994 12999 91
12995 12998 148
13002 13018 209
13003 13039 261
13033 13060 251
13035 13060 15
13045 13051 18
13053 13095 97
13077 13083 19
13098 13103 238
13113 13133 205
13137 13172 248
13140 13160 233
13147 13170 299
13165 13201 265
13177 13203 235
13183 13233 186
13209 13236 272
13237 13239 23
13266 13306 251
13273 13302 155
13285 13295 70
13286 13290 261
13305 13347 290
13329 13379 53
13342 13366 192
13372 13417 197
13374 13418 290
13402 13443 268
13418 13434 157
13441 13453 289
13457 13494 299
13466 13508 4
13468 13501 87
13485 13492 283
13498 13532 252
13521 13537 104
13522 13525 40
13542 13550 272
13566 13574 225
13571 13611 61
13591 13597 142
13607 13615 98
13632 13645 146
13648 13680 226
13658 13692 268
13668 13678 142
13692 13700 250
13721 13726 26
13732 13745 79
13750 13791 210
13751 13796 248
13754 13790 101
13764 13793 157
13778 13789 144
13808 13832 35
13837 13880 168
13850 13889 139
13861 13867 290
13891 13916 38
13912 13932 226
13936 13945 129
13949 13950 85
13970 13973 48
13988 14030 297
14010 14034 5
14014 14050 239
14039 14041 281
14048 14069 172
14059 14089 94
14083 14093 297
14111 14120 99
14132 14155 227
14150 14165 140
14168 14214 93
14186 14217 19
14206 14209 177
14218 14259 269
14225 14232 261
14239 14264 279
14246 14266 223
14255 14293 282
14281 14295 61
14281 14284 177
14304 14310 118
14308 14346 15
14331 14365 199
14347 14393 130
14367 14397 70
14383 14386 210
14386 14418 263
14390 14437 190
14399 14435 225
14407 14418 156
14415 14454 113
14423 14458 8
14423 14425 55
14432 14461 128
14461 14502 44
14468 14489 11
14498 14515 183
14506 14520 184
14532 14560 193
14559 14584 247
14563 14584 36
14575 14576 11
14598 14615 199
14604 14619 122
14618 14634 8
14637 14684 54
14664 14705 163
14694 14741 11
14703 14730 196
14726 14759 190
14727 14755 107
14733 14775 158
14753 14796 253
14783 14812 139
14789 14834 221
14792 14836 86
14796 14808 168
14825 14826 213
14841 14873 246
14861 14874 56
14885 14889 117
14893 14908 192
14895 14914 107
14910 14925 17
14938 14978 109
14938 14982 220
14963 14974 226
14983 14992 179
14988 15031 158
14994 15027 29
15008 15018 54
15019 15052 20
15037 15077 135
15047 15081 274
15064 15108 11
15074 15120 193
15104 15141 69
15130 15180 277
