1000
1 28 93
13 16 224
39 43 267
52 85 53
66 71 15
88 101 52
105 113 26
105 122 46
109 152 255
126 128 178
131 146 263
131 169 82
157 197 191
172 210 271
181 198 69
186 215 48
216 250 132
234 261 91
264 294 159
271 316 156
282 329 286
305 336 249
320 331 273
335 374 235
340 361 171
368 413 171
389 390 254
405 436 68
408 416 149
409 441 299
411 436 31
424 467 163
450 474 118
455 503 129
461 464 295
467 499 217
495 533 109
505 544 168
525 547 156
534 567 122
560 591 94
578 586 256
579 611 232
603 651 176
624 663 110
633 662 42
648 649 140
677 693 294
683 685 207
689 729 179
702 710 119
725 743 251
725 728 289
740 761 248
750 770 176
752 788 160
774 801 242
804 839 211
834 875 299
844 864 263
852 853 250
868 889 22
898 921 275
922 968 60
938 956 117
941 957 33
970 1015 81
1000 1016 151
1003 1035 160
1011 1052 102
1037 1054 138
1048 1053 43
1056 1077 85
1077 1110 243
1087 1129 137
1105 1138 290
1127 1174 34
1143 1186 36
1150 1168 252
1161 1211 150
1184 1232 203
1198 1205 210
1220 1234 116
1221 1245 262
1230 1250 246
1248 1264 218
1248 1267 26
1264 1298 207
1291 1318 204
1316 1346 166
1333 1358 298
1363 1380 170
1376 1408 38
1391 1425 259
1420 1439 13
1420 1433 147
1444 1469 82
1465 1485 32
1468 1483 274
1472 1475 245
1488 1495 35
1515 1537 122
1544 1547 12
1573 1585 269
1583 1591 163
1600 1610 55
1624 1646 251
1653 1671 62
1663 1679 167
1669 1680 37
1692 1719 241
1707 1754 171
1708 1709 217
1733 1769 214
1762 1773 212
1773 1793 270
1790 1799 213
1803 1818 288
1807 1826 203
1811 1854 272
1827 1865 295
1846 1871 214
1871 1900 29
1871 1880 9
1877 1878 220
1897 1936 57
1915 1960 282
1921 1940 61
1927 1946 220
1952 1981 178
1955 1964 258
1971 1988 201
1974 2022 16
1979 1981 27
1988 2000 213
2011 2032 173
2030 2055 54
2059 2082 21
2060 2092 214
2075 2117 245
2086 2132 105
2091 2135 59
2109 2158 200
2133 2177 295
2149 2182 273
2161 2207 125
2187 2194 79
2217 2260 115
2229 2252 64
2246 2258 223
2252 2296 193
2265 2303 272
2273 2308 287
2291 2297 204
2308 2341 74
2317 2341 148
2329 2375 177
2340 2379 258
2362 2370 171
2386 2392 69
2413 2447 106
2443 2483 236
2444 2485 56
2472 2487 268
2497 2516 129
2509 2531 228
2515 2521 201
2530 2579 248
2547 2574 258
2574 2576 284
2600 2638 137
2619 2638 134
2646 2696 182
2657 2680 32
2665 2697 9
2680 2720 246
2702 2751 103
2707 2755 67
2713 2757 191
2743 2781 276
2752 2760 142
2768 2799 212
2782 2799 131
2790 2829 95
2806 2815 135
2835 2859 287
2848 2870 252
2859 2883 139
2888 2909 90
2892 2910 7
2893 2899 64
2902 2933 276
2914 2940 195
2941 2966 249
2947 2961 116
2956 2979 52
2984 2996 209
2992 3036 47
3000 3040 296
3014 3035 9
3020 3057 106
3046 3050 28
3049 3081 155
3054 3086 260
3081 3099 57
3096 3108 158
3110 3155 61
3140 3175 29
3142 3157 46
3152 3179 209
3167 3175 84
3167 3203 113
3182 3231 190
3210 3214 141
3222 3243 93
3242 3259 82
3242 3247 278
3260 3277 195
3281 3284 212
3307 3355 59
3321 3358 5
3348 3356 165
3353 3375 149
3372 3373 98
3387 3402 150
3390 3395 127
3413 3458 249
3427 3469 204
3456 3458 274
3485 3495 115
3513 3528 300
3528 3550 4
3550 3600 1
3571 3614 291
3600 3627 9
3610 3645 164
3639 3640 121
3643 3668 107
3673 3697 226
3677 3694 59
3680 3718 50
3687 3706 231
3707 3715 129
3723 3734 161
3741 3745 210
3753 3775 105
3762 3792 256
3775 3802 85
3796 3832 161
3800 3836 27
3807 3843 257
3830 3835 41
3840 3845 38
3865 3888 245
3882 3905 239
3904 3937 173
3922 3944 86
3935 3969 101
3946 3989 290
3955 3985 224
3975 4003 59
3998 3999 131
4015 4037 26
4027 4038 73
4055 4105 109
4056 4106 108
4071 4096 171
4072 4086 186
4087 4089 242
4100 4145 52
4123 4129 80
4149 4165 38
4149 4192 269
4160 4204 195
4190 4220 32
4200 4237 227
4218 4235 21
4223 4256 18
4224 4235 272
4243 4278 16
4251 4259 145
4253 4263 172
4264 4270 213
4284 4288 164
4293 4311 125
4316 4327 290
4341 4351 262
4367 4413 173
4396 4403 13
4396 4413 253
4400 4429 58
4407 4441 221
4437 4462 27
4452 4472 78
4476 4511 120
4486 4531 53
4500 4521 165
4510 4549 202
4521 4569 111
4534 4564 41
4536 4551 283
4547 4572 100
4551 4593 136
4579 4621 103
4580 4584 155
4582 4597 111
4583 4603 144
4595 4619 43
4624 4625 282
4636 4662 19
4653 4680 226
4663 4684 79
4680 4688 276
4703 4724 101
4716 4753 155
4720 4751 13
4738 4778 141
4761 4767 258
4782 4796 281
4787 4807 33
4803 4826 219
4803 4821 190
4815 4817 121
4832 4846 167
4836 4869 246
4844 4866 213
4850 4877 84
4853 4878 15
4866 4885 27
4889 4927 66
4893 4913 243
4901 4924 173
4931 4948 183
4943 4944 242
4947 4958 174
4971 4998 227
4978 4981 281
4989 5026 103
5012 5027 177
5040 5078 121
5049 5057 24
5049 5075 118
5077 5124 215
5079 5097 291
5094 5112 241
5119 5153 74
5137 5169 171
5166 5210 299
5172 5184 60
5202 5248 168
5223 5239 2
5240 5249 56
5256 5297 270
5266 5276 156
5280 5312 24
5281 5290 250
5284 5293 195
5297 5344 267
5315 5330 222
5318 5329 282
5330 5354 292
5347 5351 32
5368 5414 38
5372 5422 15
5380 5406 239
5400 5441 131
5419 5468 20
5433 5476 136
5446 5465 81
5464 5507 109
5472 5512 139
5492 5497 17
5516 5565 196
5532 5565 114
5542 5548 96
5568 5596 82
5584 5617 210
5603 5637 40
5628 5671 267
5629 5658 292
5638 5661 119
5646 5659 94
5673 5716 154
5686 5694 213
5712 5729 157
5737 5768 46
5739 5772 206
5754 5774 270
5779 5813 126
5804 5826 262
5823 5827 150
5851 5852 287
5865 5910 122
5868 5882 141
5874 5877 255
5877 5897 276
5885 5926 256
5899 5943 148
5914 5921 290
5931 5961 174
5935 5952 87
5951 5977 273
5971 6018 104
5998 6032 14
6010 6012 14
6013 6018 71
6043 6066 127
6052 6089 152
6064 6079 200
6071 6088 229
6095 6124 74
6121 6165 177
6127 6148 234
6137 6178 155
6153 6191 232
6182 6204 266
6188 6224 90
6195 6213 227
6196 6219 81
6216 6243 219
6238 6245 166
6254 6270 115
6272 6277 258
6283 6312 258
6307 6318 2
6320 6352 126
6333 6346 107
6361 6395 164
6389 6439 275
6401 6421 203
6403 6424 23
6415 6424 6
6442 6464 255
6455 6504 73
6456 6503 285
6478 6498 294
6502 6524 271
6519 6540 152
6525 6539 249
6530 6564 110
6551 6584 74
6564 6600 186
6581 6594 175
6607 6649 255
6616 6631 61
6642 6679 184
6662 6665 166
6677 6714 231
6693 6734 43
6708 6731 262
6731 6771 177
6736 6771 112
6752 6797 84
6755 6793 262
6756 6800 199
6768 6780 294
6768 6783 176
6792 6809 121
6819 6866 282
6844 6852 38
6869 6875 161
6894 6904 63
6903 6918 238
6925 6953 212
6939 6967 250
6968 6983 84
6992 7003 139
7019 7032 171
7039 7043 120
7050 7064 262
7077 7112 43
7103 7123 1
7115 7162 286
7118 7159 77
7145 7147 143
7163 7179 15
7181 7229 68
7208 7231 170
7238 7245 202
7250 7286 245
7250 7299 170
7280 7301 120
7285 7311 115
7291 7311 158
7314 7356 85
7334 7373 12
7364 7391 233
7370 7407 99
7387 7404 92
7412 7417 250
7434 7452 99
7462 7484 137
7462 7476 205
7489 7519 20
7498 7506 136
7511 7521 179
7523 7563 247
7527 7534 87
7555 7588 198
7577 7618 278
7577 7614 76
7598 7631 228
7616 7659 50
7630 7672 142
7634 7662 271
7648 7651 185
7649 7669 117
7671 7679 281
7687 7727 124
7704 7727 282
7716 7742 24
7724 7752 141
7751 7771 10
7760 7776 251
7765 7807 33
7778 7787 239
7791 7827 114
7815 7828 164
7841 7874 262
7855 7894 31
7863 7899 178
7876 7925 122
7887 7897 114
7888 7901 92
7917 7963 37
7933 7965 119
7940 7972 252
7950 7961 135
7958 7973 215
7978 8018 56
7998 8032 292
8023 8050 153
8033 8070 246
8036 8048 261
8040 8049 176
8059 8091 127
8065 8108 101
8081 8090 209
8103 8151 1
8108 8143 36
8121 8157 77
8145 8176 12
8163 8177 65
8164 8203 126
8177 8204 90
8192 8240 29
8195 8229 201
8225 8227 217
8254 8276 74
8262 8297 27
8289 8318 78
8314 8348 73
8342 8355 103
8343 8387 279
8359 8384 234
8371 8372 82
8384 8403 26
8412 8444 135
8419 8451 111
8441 8470 203
8444 8456 183
8469 8472 13
8490 8494 26
8512 8537 151
8529 8572 207
8553 8563 178
8572 8604 170
8580 8624 221
8580 8596 182
8603 8625 112
8616 8617 55
8643 8674 36
8655 8686 70
8663 8672 179
8681 8704 180
8693 8730 12
8698 8718 152
8699 8710 147
8704 8707 148
8734 8761 154
8762 8787 76
8769 8785 36
8783 8786 55
8810 8831 91
8814 8854 229
8821 8842 147
8850 8862 225
8852 8882 126
8878 8905 217
8882 8903 143
8900 8945 278
8923 8931 299
8926 8956 146
8941 8988 184
8957 8968 286
8957 9006 104
8982 9025 238
8992 9018 140
9009 9051 190
9020 9061 159
9025 9070 3
9038 9060 112
9042 9081 46
9054 9066 174
9062 9096 124
9063 9086 119
9090 9129 155
9101 9122 248
9113 9159 26
9136 9141 10
9136 9145 85
9152 9182 145
9180 9212 101
9182 9189 155
9190 9202 74
9212 9251 186
9213 9253 24
9229 9244 119
9235 9257 270
9248 9266 139
9266 9294 184
9270 9291 38
9285 9326 110
9302 9342 113
9310 9319 92
9319 9347 172
9327 9330 72
9343 9362 90
9354 9370 159
9376 9404 51
9394 9414 29
9398 9437 191
9401 9425 183
9415 9462 125
9432 9463 296
9445 9461 295
9471 9507 94
9478 9481 85
9482 9526 286
9512 9543 65
9514 9531 11
9515 9536 18
9520 9554 234
9529 9577 44
9530 9559 298
9558 9597 57
9562 9573 264
9574 9620 4
9587 9629 299
9611 9647 163
9627 9650 185
9639 9666 239
9660 9700 212
9685 9730 60
9698 9708 168
9718 9758 152
9733 9742 5
9742 9768 213
9758 9797 180
9776 9821 78
9781 9819 207
9790 9834 181
9792 9833 55
9811 9859 200
9833 9835 196
9859 9894 110
9864 9886 147
9893 9927 287
9903 9913 109
9907 9953 295
9914 9919 3
9931 9945 192
9936 9943 143
9952 10002 84
9952 9973 224
9964 9983 124
9977 10025 192
9989 10006 194
10010 10050 12
10021 10056 160
10023 10060 281
10032 10081 240
10047 10091 26
10057 10089 20
10061 10069 262
10089 10107 249
10115 10125 88
10143 10166 270
10167 10196 75
10194 10243 134
10219 10238 196
10242 10254 110
10245 10251 87
10247 10293 101
10262 10305 155
10274 10307 21
10274 10322 48
10281 10296 105
10300 10318 86
10321 10363 168
10346 10366 268
10350 10367 182
10377 10418 132
10406 10440 59
10432 10451 285
10441 10454 240
10445 10457 186
10460 10468 123
10471 10488 233
10497 10540 286
10500 10545 289
10520 10558 8
10549 10568 218
10558 10562 125
10578 10590 108
10606 10645 233
10609 10650 57
10610 10617 212
10623 10645 123
10645 10678 38
10663 10681 266
10674 10718 128
10691 10717 127
10700 10704 182
10706 10743 177
10732 10734 106
10734 10754 224
10753 10789 50
10763 10765 205
10789 10805 5
10795 10796 243
10820 10848 41
10842 10874 120
10870 10898 217
10878 10882 153
10904 10943 205
10917 10930 222
10933 10954 259
10958 10995 242
10960 10968 259
10976 11010 5
10994 11020 25
10998 11047 147
11004 11033 40
11021 11069 160
11041 11076 26
11054 11072 299
11055 11089 1
11069 11098 49
11083 11122 238
11113 11124 277
11137 11177 4
11162 11177 143
11170 11217 75
11196 11232 160
11204 11221 111
11232 11235 125
11254 11293 50
11254 11268 291
11284 11315 209
11313 11320 144
11318 11328 183
11336 11356 166
11338 11366 255
11360 11404 28
11378 11393 286
11394 11441 187
11410 11449 280
11417 11466 75
11443 11479 34
11473 11474 45
11477 11489 69
11504 11505 135
11504 11534 38
11511 11518 212
11540 11566 191
11553 11582 134
11564 11574 1
11587 11616 125
11595 11620 97
11596 11629 167
11608 11622 26
11617 11662 7
11628 11651 138
11640 11665 221
11658 11686 242
11658 11666 263
11659 11676 183
11676 11712 216
11692 11711 276
11706 11713 114
11736 11762 14
11744 11776 12
11745 11755 167
11760 11802 77
11789 11790 92
11813 11818 170
11829 11830 209
11836 11860 17
11844 11845 251
11864 11881 154
11881 11920 120
11898 11909 31
11928 11941 128
11930 11978 244
11953 11983 91
11977 12008 85
11982 12023 34
11996 12003 78
12004 12051 262
12012 12034 25
12037 12085 134
12037 12060 154
12067 12096 36
12070 12118 170
12091 12121 8
12113 12114 88
12130 12139 250
12135 12145 255
12143 12152 109
12168 12214 134
12184 12201 96
12193 12202 114
12217 12259 219
12236 12250 86
12260 12293 241
12267 12274 138
12278 12283 286
12286 12322 50
12314 12355 49
12326 12347 195
12342 12343 103
12342 12370 51
12371 12374 85
12373 12383 154
12397 12421 170
12409 12446 252
12422 12465 115
12423 12457 31
12441 12485 243
12449 12477 130
12454 12495 201
12481 12508 249
12481 12516 147
12506 12548 56
12534 12580 128
12536 12563 181
12536 12565 75
12551 12576 39
12555 12570 116
12574 12613 90
12583 12599 196
12605 12628 1
12627 12630 145
12652 12695 74
12656 12661 85
12672 12696 176
12685 12687 199
12699 12735 26
12699 12736 232
12714 12739 275
12730 12740 257
12733 12737 201
12751 12757 219
12751 12779 65
12766 12804 6
12789 12815 202
12811 12855 200
12812 12853 60
12830 12847 175
12860 12869 274
12862 12866 46
12863 12897 256
12887 12901 132
12915 12917 119
12935 12950 66
12956 13002 183
12975 13021 170
13002 13033 49
13004 13053 1
13017 13051 108
13021 13050 207
13024 13047 10
13045 13092 107
13062 13077 46
13071 13091 34
13075 13077 164
13088 13136 162
13091 13094 31
13095 13135 296
13118 13133 47
13121 13141 127
13135 13143 196
13145 13192 55
13167 13175 243
13171 13216 264
13191 13236 240
13220 13265 76
13247 13283 84
13253 13259 42
13261 13308 121
13269 13292 83
13290 13306 300
13315 13348 164
13339 13354 11
13364 13395 43
13373 13391 196
13379 13396 280
13385 13398 168
13385 13395 94
13389 13415 295
13396 13405 98
13425 13462 160
13433 13464 98
13439 13484 183
13459 13472 242
13460 13493 136
13467 13504 245
13470 13480 213
13490 13517 131
13518 13562 213
13546 13595 300
13546 13586 294
13566 13574 237
13575 13613 268
13584 13627 228
13609 13647 70
13617 13625 276
13629 13667 188
13651 13658 267
13667 13704 32
13667 13711 48
13676 13717 91
13703 13741 229
13713 13762 212
13735 13753 44
13756 13773 150
13766 13797 215
13786 13795 62
13791 13825 260
13812 13841 175
13828 13865 228
13841 13886 25
13846 13876 277
13870 13880 165
13882 13884 142
13907 13922 103
13921 13952 35
13945 13980 212
13950 13962 210
13976 14005 73
13984 13997 281
13992 14017 104
14006 14047 15
14006 14054 105
14009 14059 72
14029 14049 291
14034 14055 161
14038 14053 223
14044 14070 119
14072 14102 297
14083 14094 120
14108 14119 219
14133 14181 216
14134 14169 63
14137 14177 218
14140 14154 63
14154 14158 75
14157 14179 23
14164 14206 21
14181 14224 164
14191 14197 77
14212 14226 86
14232 14265 99
14253 14298 158
14265 14281 188
14273 14283 66
14303 14339 183
14310 14316 96
14311 14315 97
14317 14327 125
14331 14358 225
14344 14389 58
14350 14373 180
14358 14402 295
14385 14402 171
14391 14430 158
14402 14403 285
14421 14444 71
14437 14477 231
14456 14486 105
14484 14509 179
14514 14528 193
14524 14565 4
14532 14558 181
14543 14592 34
14571 14602 49
14579 14593 100
14593 14625 60
14623 14625 7
