1000
13 49 178
13 61 256
43 56 10
51 70 248
54 101 98
84 119 251
85 127 232
85 90 294
109 159 42
129 178 276
132 141 177
148 150 191
175 205 244
199 208 86
221 233 219
243 289 265
273 323 151
293 313 54
307 325 22
321 341 216
329 349 34
347 362 40
359 407 199
381 429 85
408 440 282
412 454 181
422 433 260
433 445 94
456 490 171
477 483 278
489 500 79
509 530 159
525 557 26
535 545 1
556 583 40
565 592 280
581 631 283
591 638 228
610 634 286
610 627 168
616 648 249
626 673 92
641 646 275
641 662 6
661 680 186
690 703 126
700 735 262
715 747 37
720 746 188
735 760 241
745 795 108
771 791 290
779 815 105
804 824 201
824 836 227
853 860 152
856 895 167
864 914 87
886 921 230
900 929 106
928 967 177
939 970 175
949 983 213
969 977 222
971 1011 123
989 999 297
994 1018 263
995 1025 145
1003 1021 267
1019 1068 20
1028 1047 245
1034 1065 127
1060 1073 104
1061 1084 234
1064 1091 238
1064 1078 224
1088 1096 287
1117 1153 223
1145 1178 222
1157 1181 122
1166 1167 258
1174 1214 68
1201 1238 64
1218 1258 44
1247 1294 15
1257 1303 290
1274 1294 230
1286 1295 205
1290 1297 106
1314 1364 197
1343 1353 280
1361 1383 79
1383 1432 132
1391 1431 103
1402 1437 259
1413 1426 298
1414 1457 17
1443 1492 11
1453 1472 200
1453 1490 273
1463 1490 114
1470 1493 140
1488 1494 108
1497 1538 98
1497 1516 44
1516 1550 267
1536 1551 192
1550 1556 153
1577 1590 56
1605 1606 265
1613 1637 131
1618 1626 296
1624 1626 270
1648 1675 143
1676 1693 206
1703 1717 223
1723 1738 187
1728 1750 160
1752 1790 123
1765 1797 193
1775 1818 31
1804 1812 143
1811 1841 38
1811 1836 239
1834 1846 33
1859 1900 27
1873 1898 90
1896 1933 266
1902 1930 65
1917 1935 275
1920 1961 107
1928 1961 6
1931 1972 130
1937 1941 20
1940 1941 45
1968 2011 215
1983 2010 13
2013 2038 94
2042 2089 39
2051 2058 274
2070 2093 227
2085 2109 224
2087 2094 249
2098 2140 212
2109 2139 191
2116 2129 16
2126 2151 23
2151 2174 164
2164 2188 247
2180 2218 190
2196 2225 209
2220 2243 80
2230 2235 274
2258 2293 248
2265 2307 8
2268 2269 103
2276 2322 184
2282 2293 59
2282 2299 191
2284 2302 9
2292 2312 30
2322 2354 225
2336 2369 56
2357 2381 180
2384 2408 108
2392 2397 61
2419 2445 210
2436 2482 172
2437 2479 277
2456 2497 50
2470 2472 64
2491 2512 287
2503 2544 290
2508 2521 290
2522 2546 218
2532 2553 134
2551 2571 96
2560 2565 138
2580 2604 74
2606 2620 196
2621 2625 119
2622 2665 194
2642 2648 218
2666 2693 84
2686 2694 1
2696 2697 198
2704 2745 222
2715 2756 8
2744 2759 159
2763 2777 282
2785 2799 128
2787 2830 246
2792 2838 72
2807 2816 44
2809 2831 90
2821 2845 38
2834 2876 291
2834 2874 296
2840 2845 297
2843 2852 91
2872 2901 24
2895 2939 204
2919 2936 228
2943 2963 57
2954 2975 114
2956 2968 70
2963 2991 49
2986 3017 168
2989 3007 5
3000 3025 104
3021 3031 141
3033 3081 235
3048 3053 43
3067 3107 163
3076 3110 235
3092 3104 49
3106 3148 289
3109 3116 199
3109 3148 190
3132 3176 267
3162 3196 85
3177 3224 262
3195 3233 75
3200 3207 124
3213 3248 273
3219 3234 232
3221 3239 274
3229 3237 240
3234 3264 190
3244 3278 181
3259 3270 202
3283 3307 68
3306 3332 150
3316 3317 173
3341 3358 131
3349 3395 65
3379 3405 82
3404 3421 269
3431 3455 248
3459 3509 129
3473 3490 117
3486 3497 130
3510 3516 122
3536 3569 108
3564 3567 41
3589 3638 113
3617 3652 202
3622 3654 52
3623 3666 58
3647 3675 269
3673 3685 10
3703 3752 204
3727 3777 125
3750 3783 255
3764 3784 109
3781 3786 246
3790 3828 225
3807 3818 248
3829 3861 82
3850 3885 104
3879 3899 134
3889 3909 52
3915 3941 54
3917 3961 109
3940 3980 223
3953 3998 105
3963 3972 157
3973 3985 142
4003 4011 5
4019 4066 275
4028 4055 9
4034 4047 299
4057 4086 17
4084 4117 44
4105 4148 289
4118 4141 266
4137 4150 183
4155 4198 142
4160 4200 166
4169 4182 165
4183 4208 87
4194 4197 145
4201 4242 66
4225 4251 24
4244 4257 15
4253 4279 169
4282 4320 85
4308 4309 243
4335 4384 95
4339 4347 3
4349 4371 129
4363 4394 32
4393 4430 84
4420 4456 212
4423 4439 192
4451 4484 269
4477 4501 284
4483 4529 56
4486 4525 273
4514 4564 238
4540 4571 294
4550 4558 232
4561 4567 56
4566 4598 260
4583 4592 215
4584 4607 67
4584 4603 266
4603 4612 191
4610 4613 10
4623 4665 110
4623 4653 230
4635 4666 87
4644 4650 147
4650 4669 38
4667 4706 60
4672 4688 44
4677 4704 271
4702 4714 158
4716 4729 112
4732 4749 85
4734 4771 68
4749 4795 59
4750 4799 25
4750 4768 215
4765 4802 283
4789 4807 282
4791 4806 203
4796 4803 74
4803 4827 262
4828 4830 119
4829 4853 76
4845 4883 49
4867 4904 123
4897 4915 218
4925 4930 114
4925 4933 15
4951 4972 73
4971 5015 11
4996 5023 222
4996 4999 268
5012 5058 255
5012 5057 300
5025 5071 131
5036 5059 5
5058 5079 13
5080 5119 89
5110 5123 3
5113 5156 209
5137 5182 1
5165 5175 121
5166 5169 234
5191 5193 12
5219 5249 192
5234 5280 198
5252 5259 27
5271 5295 228
5292 5333 34
5310 5351 276
5328 5376 4
5358 5394 56
5378 5404 235
5391 5426 248
5411 5452 82
5439 5475 293
5468 5489 15
5468 5474 19
5472 5499 122
5485 5514 263
5497 5540 163
5518 5539 115
5534 5542 193
5560 5602 34
5581 5589 235
5594 5624 206
5603 5611 259
5616 5650 126
5639 5642 135
5647 5672 15
5672 5700 141
5693 5710 60
5719 5756 97
5727 5755 156
5742 5757 116
5763 5802 231
5784 5821 118
5785 5807 3
5803 5813 122
5806 5822 137
5824 5853 35
5842 5886 149
5860 5899 205
5860 5876 259
5872 5890 101
5897 5922 264
5921 5964 224
5934 5971 98
5945 5966 39
5967 5982 200
5967 5968 13
5972 6018 152
5994 6016 132
6006 6021 194
6023 6026 85
6028 6076 244
6048 6066 205
6053 6059 226
6070 6075 39
6098 6117 189
6106 6139 268
6115 6136 159
6145 6172 116
6149 6196 183
6164 6205 144
6184 6224 282
6197 6202 118
6199 6223 91
6227 6239 183
6239 6250 212
6247 6257 43
6257 6297 22
6283 6333 63
6284 6297 201
6308 6333 28
6324 6372 34
6331 6343 69
6342 6366 32
6354 6404 166
6366 6375 31
6382 6431 17
6386 6417 209
6411 6436 259
6413 6445 32
6413 6439 56
6434 6465 228
6449 6485 280
6470 6497 11
6486 6502 65
6491 6528 294
6514 6532 247
6533 6576 191
6535 6578 113
6537 6574 130
6563 6590 199
6591 6639 99
6594 6618 102
6596 6641 295
6609 6639 128
6610 6657 89
6613 6636 111
6624 6641 191
6649 6656 13
6660 6710 94
6661 6700 16
6690 6732 227
6706 6707 5
6732 6751 190
6751 6801 176
6758 6773 123
6762 6783 269
6780 6788 281
6809 6854 18
6839 6885 273
6840 6851 99
6870 6871 135
6874 6880 114
6897 6900 89
6907 6908 281
6920 6932 189
6921 6959 143
6923 6950 43
6942 6965 20
6964 6974 61
6979 7018 282
6979 6990 211
6993 7039 263
6994 7016 57
6994 7023 209
7020 7046 124
7045 7066 104
7065 7111 51
7080 7125 87
7083 7107 195
7087 7096 200
7097 7119 60
7098 7108 144
7128 7175 258
7149 7150 292
7164 7206 85
7175 7213 18
7187 7207 54
7209 7251 39
7237 7269 256
7240 7261 81
7253 7260 211
7279 7287 49
7282 7297 268
7301 7325 173
7314 7355 162
7344 7388 195
7353 7397 151
7357 7389 253
7359 7382 174
7361 7374 186
7377 7385 69
7389 7401 227
7389 7411 280
7404 7407 115
7412 7429 71
7420 7422 46
7420 7431 270
7432 7434 60
7457 7469 38
7460 7487 120
7489 7517 75
7493 7509 187
7523 7551 286
7542 7571 204
7544 7551 182
7551 7587 141
7569 7619 158
7576 7623 87
7600 7620 104
7628 7658 9
7641 7675 167
7668 7699 10
7678 7722 276
7684 7694 81
7713 7724 145
7733 7741 69
7759 7764 125
7780 7826 5
7796 7841 289
7824 7830 134
7826 7869 84
7832 7878 145
7843 7853 235
7852 7856 77
7863 7896 17
7869 7873 34
7893 7938 142
7902 7940 289
7930 7974 216
7940 7982 280
7949 7975 159
7962 7980 243
7966 7968 180
7991 8031 70
8001 8006 152
8007 8056 46
8037 8043 11
8064 8110 194
8085 8114 140
8085 8097 299
8086 8118 45
8106 8120 20
8114 8123 132
8139 8167 42
8139 8140 88
8169 8196 266
8187 8223 288
8206 8220 118
8233 8239 190
8251 8275 42
8256 8280 207
8275 8308 154
8293 8309 284
8315 8347 25
8320 8357 130
8321 8346 172
8349 8373 203
8356 8383 38
8369 8408 176
8395 8411 186
8406 8423 96
8406 8442 75
8414 8443 95
8422 8436 279
8446 8484 45
8459 8483 183
8478 8484 257
8480 8507 185
8485 8512 33
8509 8550 216
8511 8529 228
8536 8561 93
8537 8552 196
8560 8563 188
8580 8586 169
8590 8595 61
8613 8655 115
8639 8681 91
8656 8696 186
8670 8720 290
8679 8717 162
8686 8707 122
8715 8757 234
8717 8742 67
8735 8770 249
8748 8790 242
8767 8805 246
8784 8812 218
8798 8815 18
8821 8861 289
8844 8872 190
8874 8891 185
8902 8908 70
8929 8964 23
8934 8938 142
8962 8975 97
8975 9016 9
8975 8981 114
8978 9025 262
9006 9026 54
9035 9051 156
9038 9051 57
9055 9099 49
9068 9113 269
9074 9094 265
9082 9098 153
9110 9113 179
9135 9161 107
9145 9195 238
9170 9182 258
9190 9212 14
9199 9220 274
9205 9247 275
9231 9264 12
9242 9267 191
9249 9298 129
9276 9289 295
9303 9304 180
9330 9339 163
9359 9392 212
9366 9407 293
9380 9424 106
9396 9426 183
9400 9433 125
9412 9416 280
9431 9440 108
9461 9489 140
9482 9512 173
9505 9527 213
9512 9524 158
9513 9523 81
9517 9557 172
9528 9548 151
9551 9565 256
9566 9590 110
9572 9576 24
9598 9648 256
9622 9669 133
9622 9661 281
9645 9672 215
9649 9687 1
9655 9666 264
9685 9721 2
9688 9730 257
9691 9728 33
9701 9724 170
9724 9756 154
9744 9762 292
9760 9786 290
9770 9800 213
9777 9821 251
9785 9817 159
9801 9848 26
9830 9848 56
9860 9875 211
9869 9901 196
9877 9920 21
9899 9916 181
9919 9959 21
9938 9980 280
9955 9994 125
9982 10026 28
9994 10015 43
9996 10044 145
10016 10066 253
10026 10058 100
10051 10084 153
10065 10111 261
10094 10120 171
10095 10107 134
10125 10131 207
10139 10158 106
10149 10168 139
10169 10212 3
10170 10210 225
10179 10192 230
10205 10211 134
10222 10271 211
10238 10242 122
10259 10295 1
10282 10299 177
10300 10320 182
10300 10311 277
10315 10352 18
10341 10350 135
10362 10372 272
10364 10409 54
10377 10391 58
10380 10415 210
10385 10420 218
10386 10402 40
10399 10405 188
10406 10423 264
10415 10433 138
10432 10454 85
10439 10483 28
10443 10474 18
10473 10506 119
10484 10489 300
10496 10506 242
10507 10510 256
10508 10512 204
10522 10533 86
10551 10578 240
10557 10578 122
10567 10613 211
10569 10618 107
10588 10616 226
10599 10617 290
10599 10642 143
10600 10637 24
10630 10670 153
10633 10638 272
10641 10653 126
10663 10710 86
10669 10711 116
10676 10694 53
10689 10731 65
10703 10704 279
10719 10759 67
10746 10786 109
10750 10783 223
10760 10766 171
10776 10789 101
10793 10820 278
10802 10826 292
10832 10876 31
10836 10872 280
10837 10848 239
10846 10866 82
10867 10908 227
10878 10928 39
10907 10946 6
10916 10924 27
10927 10953 230
10939 10946 135
10945 10971 222
10961 10992 109
10962 11008 214
10964 10971 196
10980 10996 164
10981 11014 132
10991 11030 266
10993 11016 194
11005 11054 23
11022 11062 121
11026 11066 266
11043 11049 65
11073 11081 18
11083 11125 94
11092 11140 295
11106 11145 93
11123 11168 156
11134 11151 156
11145 11190 186
11172 11197 280
11192 11235 109
11216 11240 137
11239 11264 45
11248 11279 11
11272 11314 6
11283 11301 293
11285 11303 284
11292 11335 240
11301 11322 113
11319 11344 32
11333 11369 283
11349 11396 20
11371 11389 267
11372 11414 265
11386 11434 97
11407 11445 21
11419 11433 11
11437 11459 175
11455 11467 120
11461 11501 230
11467 11489 56
11472 11510 120
11481 11514 127
11496 11525 265
11523 11562 246
11524 11553 223
11547 11563 123
11565 11611 297
11585 11610 262
11587 11635 190
11606 11625 274
11631 11673 168
11658 11662 228
11686 11723 137
11697 11738 247
11715 11728 62
11724 11769 194
11746 11785 2
11746 11752 224
11748 11777 281
11767 11814 39
11776 11781 69
11778 11823 117
11799 11819 181
11823 11831 290
11837 11872 126
11865 11892 122
11885 11900 205
11886 11920 256
11899 11938 73
11901 11921 116
11912 11927 140
11929 11965 101
11932 11965 140
11946 11949 90
11973 12016 182
11989 11997 188
12018 12022 262
12029 12032 240
12043 12093 56
12061 12100 153
12063 12079 48
12071 12093 7
12078 12126 97
12079 12123 201
12108 12114 196
12108 12138 191
12113 12155 181
12126 12131 48
12128 12167 271
12130 12150 204
12133 12148 286
12159 12197 111
12188 12211 94
12191 12193 102
12220 12235 234
12229 12245 47
12244 12260 272
12255 12305 40
12278 12290 122
12299 12300 184
12329 12377 53
12344 12353 123
12355 12402 280
12373 12416 281
12375 12416 289
12388 12425 151
12391 12410 16
12391 12397 47
12414 12452 267
12429 12449 285
12454 12460 57
12458 12461 158
12460 12507 115
12464 12482 1
12469 12498 90
12481 12508 44
12490 12520 181
12508 12543 25
12508 12529 167
12523 12552 116
12543 12561 190
12563 12593 35
12563 12579 116
12589 12606 281
12617 12657 70
12632 12675 300
12648 12683 176
12669 12693 204
12671 12719 193
12680 12706 84
12690 12713 62
12699 12714 153
12726 12742 165
12749 12781 111
12763 12795 288
12789 12818 299
12800 12803 51
12825 12855 211
12832 12838 243
12834 12880 245
12835 12837 224
12838 12864 98
12849 12894 23
12862 12866 96
12892 12939 141
12918 12965 43
12931 12950 195
12933 12939 82
12937 12942 175
12941 12942 128
12947 12951 30
12968 13001 209
12986 12987 156
13014 13056 32
13019 13032 136
13024 13025 297
13046 13079 155
13057 13092 268
13074 13091 172
13087 13094 92
13115 13156 166
13145 13148 253
13157 13203 250
13163 13176 54
13173 13213 17
13183 13199 32
13206 13222 80
13216 13222 119
13237 13247 199
13242 13273 125
13272 13314 129
13277 13317 35
13292 13316 200
13308 13313 261
13313 13346 276
13321 13332 223
13327 13375 145
13355 13358 99
13376 13387 139
13390 13437 255
13414 13415 186
13432 13435 187
13450 13494 137
13450 13471 177
13475 13524 192
13490 13508 158
13493 13519 13
13502 13511 73
13532 13542 145
13534 13549 39
13539 13568 26
13544 13584 284
13571 13587 284
13598 13647 271
13610 13613 31
13618 13622 91
13648 13668 70
13649 13660 243
13660 13704 139
13673 13713 195
13695 13720 255
13718 13746 163
13730 13764 258
13755 13763 191
13783 13833 247
13806 13856 98
13813 13832 263
13820 13827 174
13826 13864 230
13854 13881 165
13859 13862 160
13862 13886 174
13863 13872 169
13887 13933 66
13895 13902 99
13919 13962 49
13943 13968 190
13965 14004 51
13993 14027 36
14022 14039 242
14037 14044 233
14057 14060 178
14058 14095 188
14061 14079 281
14082 14128 74
14094 14122 151
14104 14119 210
14117 14155 123
14118 14124 122
14123 14166 232
14126 14159 74
14142 14164 38
14168 14212 281
14195 14206 113
14205 14244 41
14226 14230 172
14246 14274 297
14275 14320 66
14279 14295 123
14306 14353 97
14329 14336 13
14359 14366 105
14379 14419 255
14397 14435 136
14398 14427 282
14414 14453 131
14422 14467 196
14451 14480 213
14454 14496 80
14461 14486 66
