1000
1 34 229
22 56 27
31 76 239
34 35 171
40 64 62
64 101 172
88 110 214
100 108 87
105 126 55
111 129 29
135 145 229
145 173 160
145 184 257
163 203 239
188 233 146
208 213 91
226 263 155
250 285 283
262 292 277
280 329 110
305 307 196
335 342 297
347 353 269
368 375 262
371 379 152
384 393 73
410 440 218
417 467 278
442 481 282
443 469 29
451 469 174
452 470 296
469 476 92
474 485 41
497 530 224
502 503 62
516 527 210
543 586 241
559 567 6
566 616 251
586 619 94
599 608 105
601 618 100
616 617 272
639 660 261
653 658 295
655 657 198
676 721 59
705 739 248
716 754 102
716 741 274
720 732 36
725 757 171
747 759 151
758 789 32
766 782 259
778 819 247
801 832 85
821 842 65
840 842 195
859 873 14
876 882 297
897 900 163
912 947 161
915 963 11
926 965 217
928 970 115
929 953 294
937 943 95
943 954 244
960 985 242
978 1013 178
985 994 176
1014 1050 134
1035 1071 126
1041 1066 190
1071 1115 261
1089 1122 124
1112 1116 141
1142 1154 170
1144 1153 63
1173 1191 189
1199 1244 117
1220 1261 105
1244 1255 83
1248 1269 103
1275 1324 187
1296 1341 124
1299 1333 152
1302 1347 279
1328 1361 255
1331 1352 46
1347 1390 140
1374 1378 284
1377 1421 154
1377 1379 276
1381 1391 210
1391 1420 53
1393 1425 183
1408 1426 24
1418 1422 176
1431 1481 110
1433 1435 275
1455 1474 9
1473 1492 23
1489 1509 86
1500 1550 99
1507 1545 283
1523 1526 77
1528 1546 4
1552 1571 6
1568 1591 25
1569 1609 262
1579 1625 79
1600 1608 71
1624 1639 235
1641 1667 200
1662 1699 256
1682 1691 189
1696 1702 265
1707 1750 108
1737 1741 84
1756 1778 59
1766 1807 159
1782 1821 91
1789 1814 187
1813 1826 297
1836 1854 39
1845 1871 264
1872 1903 95
1876 1917 15
1890 1909 126
1894 1896 237
1902 1914 116
1926 1963 130
1928 1960 219
1951 1963 10
1956 1969 256
1970 1972 245
1970 1996 49
1987 1999 171
1993 2016 155
1994 1996 209
2009 2053 88
2038 2082 169
2038 2056 35
2055 2072 260
2077 2084 108
2083 2092 177
2100 2119 274
2129 2132 263
2148 2190 48
2155 2171 204
2172 2211 165
2197 2203 149
2212 2240 27
2219 2232 163
2228 2248 4
2230 2254 299
2230 2260 247
2243 2256 275
2268 2278 89
2273 2302 147
2283 2321 244
2302 2312 69
2311 2327 298
2327 2343 278
2355 2393 211
2360 2371 153
2363 2388 208
2382 2406 39
2406 2421 195
2410 2451 137
2417 2428 260
2421 2430 235
2423 2443 101
2451 2478 95
2474 2487 51
2488 2517 194
2498 2533 141
2498 2539 297
2504 2551 81
2513 2552 181
2534 2553 241
2557 2602 244
2573 2577 113
2601 2650 3
2624 2646 75
2653 2691 229
2655 2662 66
2665 2694 129
2680 2710 260
2681 2722 124
2683 2720 209
2699 2738 180
2729 2746 214
2736 2772 36
2741 2768 203
2748 2749 204
2762 2812 282
2766 2798 104
2782 2789 255
2808 2850 222
2820 2838 275
2844 2884 7
2850 2885 50
2851 2853 206
2874 2877 13
2885 2909 221
2907 2910 83
2937 2981 138
2944 2968 8
2963 2985 207
2980 2995 152
3005 3041 147
3020 3029 223
3033 3036 8
3043 3058 81
3061 3075 243
3068 3091 59
3087 3135 207
3117 3126 229
3144 3190 99
3164 3209 102
3178 3221 78
3179 3205 230
3183 3186 216
3208 3212 111
3227 3251 292
3231 3234 117
3248 3276 239
3275 3287 183
3295 3322 172
3307 3345 38
3314 3361 173
3343 3370 257
3368 3392 254
3368 3373 215
3397 3436 280
3424 3450 39
3443 3480 20
3468 3485 194
3476 3484 24
3504 3552 142
3518 3558 48
3518 3566 185
3538 3575 78
3555 3570 83
3582 3619 78
3606 3648 92
3629 3667 292
3634 3680 207
3660 3678 148
3670 3686 153
3689 3725 299
3697 3741 233
3724 3754 38
3730 3749 259
3731 3759 69
3754 3797 248
3774 3782 65
3798 3831 113
3809 3826 237
3810 3821 141
3834 3841 246
3843 3872 281
3848 3879 255
3852 3870 169
3859 3867 211
3862 3889 144
3877 3887 220
3882 3932 51
3896 3908 278
3917 3924 163
3929 3972 23
3940 3987 217
3947 3985 275
3961 4006 82
3965 3984 289
3967 4002 1
3970 4001 132
3982 3987 38
3995 3999 205
3996 4016 213
4006 4037 151
4030 4076 138
4037 4067 48
4041 4084 27
4041 4076 1
4048 4068 227
4053 4070 274
4075 4115 201
4075 4088 243
4093 4142 129
4106 4147 155
4136 4142 35
4139 4140 72
4145 4184 58
4173 4194 162
4183 4184 234
4200 4220 210
4203 4248 10
4214 4222 131
4230 4236 230
4237 4264 139
4260 4266 150
4261 4297 222
4268 4309 106
4269 4309 178
4283 4286 286
4297 4347 84
4309 4316 33
4320 4367 177
4337 4386 262
4355 4376 73
4361 4377 297
4379 4415 14
4407 4418 208
4412 4450 159
4427 4472 216
4446 4448 235
4453 4484 248
4468 4477 184
4490 4540 157
4492 4518 269
4496 4518 104
4503 4534 201
4529 4572 196
4554 4560 269
4558 4573 14
4572 4618 10
4599 4616 147
4616 4645 67
4625 4671 282
4630 4638 194
4633 4671 95
4644 4664 144
4655 4668 188
4674 4712 197
4699 4710 199
4715 4762 142
4724 4753 235
4734 4751 299
4743 4781 109
4746 4748 259
4765 4766 187
4775 4807 106
4777 4816 65
4805 4820 238
4825 4868 104
4841 4852 47
4847 4860 220
4866 4916 128
4878 4916 215
4906 4908 208
4910 4958 123
4940 4948 95
4963 4980 90
4971 5006 20
4975 5008 6
4997 5014 174
5008 5039 293
5027 5051 144
5030 5048 287
5056 5103 85
5077 5090 146
5078 5099 233
5099 5132 74
5124 5138 59
5146 5191 248
5169 5212 87
5199 5245 155
5209 5257 80
5227 5235 79
5246 5268 176
5272 5291 123
5286 5332 173
5290 5295 105
5303 5333 62
5305 5322 74
5319 5366 146
5347 5392 207
5366 5373 54
5373 5394 60
5376 5421 130
5393 5404 155
5402 5430 183
5431 5436 105
5456 5472 61
5456 5481 43
5482 5519 25
5488 5500 22
5494 5514 299
5507 5539 206
5517 5532 72
5540 5545 261
5551 5587 132
5557 5586 174
5558 5566 224
5564 5592 210
5567 5614 110
5567 5583 216
5586 5630 296
5586 5598 200
5596 5642 149
5626 5652 45
5642 5692 295
5644 5663 63
5663 5690 290
5678 5714 87
5707 5718 260
5710 5756 93
5732 5743 5
5751 5774 227
5752 5777 123
5782 5818 59
5807 5808 266
5832 5843 102
5836 5886 98
5860 5900 160
5870 5913 161
5889 5926 46
5892 5935 235
5918 5922 37
5918 5934 187
5926 5950 222
5948 5976 245
5971 5993 45
5986 6014 12
6014 6059 100
6030 6037 177
6052 6085 73
6071 6120 217
6077 6108 207
6106 6144 283
6127 6131 209
6147 6160 56
6175 6198 180
6178 6220 108
6201 6207 111
6214 6252 202
6220 6236 72
6247 6285 89
6249 6266 237
6250 6300 65
6254 6302 43
6279 6317 188
6284 6305 163
6294 6322 134
6294 6325 104
6320 6361 92
6345 6363 193
6366 6408 182
6390 6425 261
6403 6404 196
6430 6467 196
6440 6483 170
6456 6468 74
6471 6501 275
6484 6501 239
6504 6506 49
6518 6520 232
6533 6536 169
6545 6564 111
6571 6580 138
6593 6604 1
6621 6632 151
6632 6654 142
6657 6660 133
6666 6698 204
6682 6702 137
6710 6721 114
6713 6741 4
6727 6745 192
6755 6804 52
6759 6780 189
6762 6773 220
6773 6808 297
6779 6807 71
6782 6813 108
6797 6829 248
6803 6826 288
6808 6818 202
6825 6873 267
6829 6831 78
6830 6843 122
6847 6896 254
6851 6900 256
6856 6892 223
6861 6911 249
6861 6871 160
6876 6918 262
6883 6927 13
6901 6942 82
6908 6924 127
6936 6985 108
6958 6989 87
6976 6977 292
6990 6995 138
6994 6995 139
7012 7016 184
7015 7019 242
7039 7048 199
7039 7083 3
7048 7060 124
7060 7103 54
7065 7066 275
7068 7087 231
7070 7106 128
7098 7128 156
7105 7125 248
7111 7149 243
7127 7143 123
7142 7173 91
7165 7167 125
7193 7213 273
7218 7238 169
7221 7240 255
7224 7246 230
7234 7246 189
7251 7268 144
7278 7304 188
7305 7311 61
7314 7358 58
7342 7373 173
7350 7375 148
7362 7397 74
7377 7396 45
7383 7406 67
7390 7423 145
7407 7426 104
7433 7455 187
7451 7494 27
7454 7465 113
7460 7467 52
7464 7512 32
7473 7494 3
7499 7543 226
7500 7530 268
7503 7544 16
7524 7530 86
7525 7559 86
7540 7562 198
7559 7575 101
7568 7590 97
7588 7599 38
7605 7612 177
7614 7622 167
7619 7646 15
7646 7664 47
7667 7702 178
7689 7696 280
7694 7706 251
7711 7720 289
7727 7755 63
7736 7764 124
7756 7790 69
7781 7807 6
7798 7846 41
7815 7855 174
7825 7860 227
7837 7845 186
7865 7883 276
7865 7895 221
7870 7908 275
7871 7916 163
7897 7914 31
7925 7949 162
7932 7975 38
7935 7967 217
7963 7967 250
7985 8033 211
7994 7995 124
8013 8027 147
8024 8039 185
8053 8099 281
8057 8087 168
8081 8093 237
8100 8144 55
8101 8116 71
8122 8150 81
8130 8148 124
8158 8187 240
8175 8208 181
8175 8215 4
8192 8233 64
8222 8230 80
8232 8243 288
8256 8306 121
8265 8266 269
8290 8297 235
8290 8312 181
8317 8362 44
8326 8348 149
8329 8338 159
8345 8387 192
8368 8401 194
8393 8437 27
8408 8439 161
8422 8460 95
8450 8456 116
8460 8468 104
8461 8474 120
8479 8525 36
8480 8492 74
8500 8507 89
8504 8542 232
8509 8543 226
8536 8573 112
8548 8574 26
8550 8590 201
8561 8578 268
8580 8584 239
8591 8594 140
8604 8652 73
8617 8661 92
8636 8644 262
8640 8646 53
8663 8667 18
8692 8722 189
8711 8731 298
8727 8743 253
8748 8776 60
8751 8761 55
8776 8814 211
8777 8798 138
8787 8803 228
8804 8847 248
8827 8841 127
8834 8849 206
8834 8867 201
8847 8875 35
8861 8907 49
8863 8899 188
8877 8901 23
8884 8921 135
8886 8934 227
8907 8940 81
8936 8967 92
8956 9001 186
8959 8962 170
8989 9018 4
9007 9039 132
9036 9084 250
9063 9096 105
9082 9117 22
9106 9152 276
9124 9160 273
9132 9162 74
9159 9162 214
9186 9190 224
9205 9228 54
9229 9243 238
9247 9252 289
9265 9290 256
9288 9319 284
9297 9330 25
9325 9362 290
9335 9344 97
9350 9387 272
9362 9395 7
9373 9407 298
9387 9413 249
9415 9465 90
9433 9456 186
9457 9499 111
9464 9493 200
9469 9494 100
9475 9488 45
9479 9504 101
9482 9497 45
9484 9494 249
9492 9519 93
9521 9539 216
9546 9586 149
9548 9554 175
9557 9598 293
9560 9565 196
9560 9596 26
9565 9596 172
9571 9612 142
9580 9585 84
9585 9587 196
9610 9648 249
9623 9668 90
9646 9672 297
9666 9693 162
9694 9720 81
9718 9726 213
9730 9755 60
9759 9763 97
9789 9800 270
9791 9825 111
9793 9826 205
9810 9835 151
9821 9871 160
9830 9842 8
9842 9872 141
9861 9887 232
9875 9912 258
9881 9911 133
9895 9915 285
9919 9936 209
9940 9952 261
9950 9995 3
9976 9991 250
9985 10023 138
10001 10048 120
10026 10076 134
10028 10072 29
10058 10059 245
10085 10111 152
10092 10105 99
10098 10099 150
10100 10121 93
10101 10149 250
10114 10144 91
10143 10173 223
10159 10188 6
10174 10200 215
10179 10216 31
10189 10211 107
10205 10240 219
10205 10220 239
10221 10260 37
10234 10240 60
10236 10286 112
10249 10263 264
10251 10286 126
10265 10305 179
10274 10304 300
10295 10330 51
10297 10341 94
10327 10353 252
10341 10365 219
10348 10355 123
10362 10368 3
10392 10437 34
10399 10437 208
10409 10424 184
10415 10464 12
10441 10489 209
10466 10478 44
10486 10522 57
10499 10520 279
10504 10552 69
10506 10543 207
10522 10555 70
10551 10560 86
10572 10608 95
10599 10621 273
10621 10626 209
10636 10673 53
10642 10686 218
10648 10655 138
10676 10698 181
10677 10709 191
10684 10707 268
10686 10687 6
10687 10732 146
10715 10721 20
10715 10734 24
10724 10762 129
10732 10766 198
10758 10784 121
10762 10788 168
10782 10805 137
10797 10809 164
10826 10872 272
10851 10885 253
10863 10869 8
10866 10906 3
10875 10916 35
10902 10934 229
10903 10914 71
10932 10934 141
10956 10971 196
10977 11003 210
10992 10999 97
11000 11047 77
11003 11047 91
11032 11047 31
11047 11087 126
11050 11066 257
11055 11105 93
11067 11091 123
11078 11103 96
11105 11116 183
11133 11145 10
11153 11197 198
11156 11159 16
11166 11203 246
11179 11187 17
11194 11201 41
11194 11225 152
11208 11250 138
11213 11223 237
11216 11224 263
11232 11274 102
11237 11277 218
11255 11261 150
11263 11297 274
11291 11296 273
11312 11329 5
11314 11323 213
11328 11365 247
11336 11360 83
11357 11379 142
11371 11381 284
11383 11396 141
11396 11422 153
11412 11462 176
11441 11452 201
11451 11458 192
11451 11486 157
11461 11489 222
11461 11511 210
11477 11512 283
11487 11492 183
11503 11507 211
11511 11525 199
11533 11546 95
11562 11589 226
11578 11606 162
11606 11643 89
11623 11654 28
11625 11643 89
11654 11676 256
11658 11673 286
11678 11690 162
11704 11718 78
11710 11718 115
11737 11776 52
11759 11804 276
11783 11785 213
11783 11790 81
11808 11857 154
11824 11848 107
11825 11832 67
11849 11860 22
11875 11885 24
11898 11916 289
11926 11965 295
11942 11972 115
11956 11976 238
11986 12030 21
11998 12011 149
12027 12038 285
12053 12100 40
12079 12106 60
12091 12118 60
12105 12149 288
12116 12163 71
12139 12179 93
12169 12172 54
12173 12187 259
12184 12231 192
12213 12237 256
12214 12234 84
12240 12264 11
12267 12287 245
12295 12320 36
12324 12348 17
12327 12336 135
12347 12372 160
12351 12371 201
12358 12408 100
12360 12400 24
12380 12415 261
12402 12425 98
12405 12407 249
12414 12459 135
12422 12456 96
12438 12458 131
12454 12459 15
12466 12502 247
12496 12500 5
12517 12554 194
12547 12582 152
12565 12585 299
12575 12599 232
12577 12586 287
12599 12607 28
12627 12645 244
12638 12645 212
12657 12690 229
12671 12702 86
12686 12697 71
12695 12729 17
12708 12757 154
12734 12766 14
12735 12756 223
12759 12781 172
12759 12778 84
12788 12816 130
12794 12811 175
12802 12848 236
12804 12830 14
12830 12864 64
12860 12873 165
12881 12927 129
12886 12917 227
12897 12901 102
12917 12956 138
12929 12934 288
12959 12962 207
12961 13011 117
12979 12997 23
13006 13050 270
13026 13028 166
13033 13081 282
13053 13090 188
13068 13114 176
13088 13102 118
13108 13128 162
13128 13131 146
13139 13147 160
13169 13196 193
13187 13219 293
13200 13208 228
13202 13233 183
13224 13255 196
13224 13238 21
13227 13260 255
13246 13284 291
13250 13260 11
13250 13262 293
13271 13305 258
13276 13300 70
13286 13304 193
13312 13337 108
13320 13363 52
13333 13364 136
13356 13358 289
13374 13391 273
13398 13429 189
13419 13468 216
13427 13461 114
13436 13476 52
13451 13469 130
13471 13485 34
13493 13495 249
13494 13512 82
13509 13542 34
13521 13537 254
13523 13551 108
13545 13553 163
13572 13603 114
13591 13633 15
13620 13644 6
13623 13665 113
13628 13673 160
13651 13696 122
13662 13665 166
13668 13705 279
13679 13682 127
13703 13735 13
13720 13725 93
13728 13759 280
13748 13767 300
13776 13778 114
13790 13823 133
13812 13849 239
13828 13878 154
13829 13832 282
13838 13863 127
13857 13902 184
13866 13886 118
13885 13923 3
13894 13932 297
13901 13903 285
13926 13969 120
13929 13942 202
13945 13969 189
13965 14008 178
13968 13990 296
13989 13998 282
13999 14003 88
14026 14048 8
14026 14046 20
14030 14068 258
14053 14066 142
14062 14102 105
14067 14096 174
14067 14117 21
14072 14075 174
14077 14115 252
14087 14129 253
14091 14134 14
14103 14107 249
14109 14112 95
14134 14150 110
14157 14161 69
14181 14222 19
14189 14226 11
14205 14221 253
14218 14268 164
14239 14288 154
14256 14291 81
14275 14311 74
