100
3 33 86
24 51 64
32 48 188
61 95 162
66 70 194
93 112 20
108 152 190
123 126 279
149 197 198
161 203 276
176 212 268
201 234 86
204 240 209
217 264 113
222 242 219
225 227 35
237 255 184
242 248 248
249 274 275
276 295 163
287 314 209
299 300 28
300 318 172
323 352 19
343 387 294
361 408 117
378 406 142
392 416 76
411 448 168
434 449 227
437 439 183
463 505 173
482 484 215
487 519 24
513 540 6
520 559 175
527 531 30
531 554 287
561 574 92
577 598 285
584 606 68
611 625 22
618 667 46
629 649 47
635 666 241
650 664 19
679 719 269
691 739 189
693 720 219
695 743 197
701 734 103
711 717 160
711 755 255
719 720 82
719 754 225
745 780 244
759 802 28
788 797 76
795 832 37
822 839 256
823 845 139
853 876 191
858 895 96
858 867 249
869 870 217
892 916 230
918 966 30
929 940 187
958 977 123
986 1020 300
992 1025 137
1020 1043 295
1030 1051 224
1039 1088 197
1055 1057 42
1058 1097 22
1088 1131 157
1116 1132 107
1141 1158 102
1149 1157 250
1173 1221 178
1188 1232 247
1200 1233 181
1219 1259 157
1236 1265 112
1256 1284 78
1258 1294 284
1276 1294 92
1302 1331 136
1317 1360 251
1343 1373 217
1351 1361 26
1352 1363 10
1369 1382 13
1379 1387 174
1386 1416 55
1413 1451 148
1441 1474 220
1458 1470 295
1469 1516 40
