100
26 50 76
35 36 265
54 82 18
78 122 187
104 146 256
125 163 273
147 153 91
148 168 246
152 189 243
178 209 155
201 202 68
224 267 34
243 253 208
266 309 79
269 298 21
285 326 111
296 340 21
323 325 224
338 346 164
359 368 228
385 432 134
390 397 130
414 435 154
417 441 122
447 487 92
464 502 175
478 508 78
500 520 99
511 534 71
518 564 167
540 581 49
544 549 42
555 559 144
581 628 49
608 627 7
622 654 157
641 643 47
662 704 227
675 691 144
688 726 235
709 734 64
733 755 186
734 765 254
753 782 187
765 773 33
785 788 298
799 835 136
804 812 185
807 854 296
830 868 192
830 831 37
840 861 286
852 883 50
871 915 41
875 890 239
878 918 42
903 935 181
926 969 147
945 995 16
964 1008 223
993 1027 163
1003 1030 23
1028 1070 74
1050 1078 17
1080 1126 105
1100 1106 189
1120 1136 25
1142 1143 192
1169 1198 193
1196 1198 216
1203 1243 155
1230 1242 169
1249 1299 135
1262 1291 138
1263 1310 124
1290 1294 193
1308 1324 161
1321 1334 67
1348 1374 88
1375 1420 222
1388 1413 280
1393 1430 245
1393 1440 130
1402 1421 188
1423 1468 218
1447 1457 240
1473 1485 139
1492 1515 280
1522 1555 210
1533 1564 127
1552 1584 300
1554 1557 277
1561 1576 70
1576 1596 70
1583 1616 126
1599 1608 41
1611 1626 60
1632 1648 134
1653 1666 30
1678 1727 277
