100
13 55 241
17 29 239
23 47 268
34 59 279
64 78 144
84 96 35
87 132 159
97 105 150
127 147 23
142 164 12
154 163 31
172 183 32
197 247 131
210 234 140
230 278 280
245 290 16
251 295 239
261 302 136
281 292 57
308 357 280
322 365 78
348 370 219
350 387 290
363 399 279
385 425 210
401 415 10
407 433 80
407 413 214
417 457 98
420 421 283
443 485 273
455 469 263
471 499 87
476 492 187
483 517 142
506 556 30
519 558 204
526 549 199
529 559 110
536 576 224
561 596 45
565 575 220
572 586 91
584 604 196
589 617 209
619 668 265
637 653 15
655 705 42
664 683 233
670 676 248
682 727 14
705 719 88
730 776 228
758 760 224
773 780 222
801 817 218
815 851 251
823 833 78
826 859 17
849 864 6
856 897 268
869 891 176
887 905 185
897 928 40
912 921 77
936 980 180
951 973 265
956 998 73
976 1006 241
989 993 167
1011 1055 299
1038 1081 19
1047 1061 37
1076 1111 250
1089 1100 234
1107 1149 102
1135 1173 16
1151 1153 62
1167 1187 119
1167 1210 24
1167 1168 45
1171 1177 8
1185 1208 127
1213 1225 84
1222 1260 96
1234 1264 151
1251 1274 99
1276 1312 183
1277 1311 150
1307 1353 217
1330 1377 263
1339 1361 153
1356 1365 25
1385 1417 78
1413 1416 260
1427 1454 56
1453 1486 286
1483 1486 243
1506 1520 205
1524 1559 116
