100
19 45 209
47 61 50
65 112 75
75 93 43
95 113 154
100 148 87
126 157 179
136 177 294
138 177 232
141 182 10
154 184 101
169 175 267
197 224 78
202 226 156
232 253 87
241 278 278
271 303 183
281 313 134
296 305 275
296 315 279
302 332 111
323 347 72
324 348 193
338 359 262
344 391 86
364 404 51
384 423 96
400 445 251
405 407 186
409 454 200
423 470 166
449 470 285
456 470 161
481 485 129
510 537 44
524 569 185
536 544 231
557 586 237
557 574 10
558 589 225
578 581 295
585 601 202
591 600 6
619 625 80
632 652 234
635 652 228
652 691 226
654 689 123
660 688 108
661 705 12
669 704 20
699 746 232
714 717 32
733 734 250
760 781 210
785 810 102
785 820 120
803 841 236
830 845 271
844 878 190
852 870 245
858 907 127
875 919 150
878 915 253
894 913 172
906 948 33
930 971 47
944 957 107
970 985 245
970 993 144
973 989 158
987 1034 41
990 1037 240
1009 1043 183
1013 1026 232
1030 1062 250
1030 1076 153
1031 1069 8
1056 1103 162
1074 1080 258
1079 1093 53
1102 1130 108
1111 1118 213
1141 1189 299
1147 1189 204
1151 1194 82
1163 1202 247
1174 1216 163
1194 1243 12
1213 1228 299
1224 1256 9
1247 1259 60
1250 1251 170
1258 1263 37
1277 1327 298
1277 1308 298
1302 1310 82
1306 1320 264
1325 1367 149
1327 1353 51
