100
21 35 27
41 48 170
70 98 295
86 130 3
107 119 27
134 141 63
154 156 183
165 208 218
180 225 217
193 216 248
213 222 35
235 267 98
238 264 137
263 269 49
275 288 73
283 304 177
295 312 75
303 352 90
309 335 113
324 362 73
340 361 123
369 399 183
372 381 300
382 386 12
386 425 278
401 423 203
408 437 297
434 455 252
436 461 191
456 501 143
461 497 45
478 507 287
478 503 53
496 546 82
526 530 64
526 529 150
546 571 198
547 554 297
561 576 279
584 629 197
587 636 300
605 643 94
621 637 81
651 694 245
672 679 43
697 715 87
708 749 12
713 725 197
723 732 126
750 794 300
760 778 161
761 774 175
771 814 68
782 814 5
811 825 5
829 833 259
858 865 181
884 903 151
909 916 142
913 938 252
915 952 241
941 988 84
941 954 60
960 995 112
984 993 202
984 998 283
987 1034 230
1001 1046 44
1004 1023 71
1016 1025 161
1035 1063 39
1040 1073 178
1043 1056 241
1048 1085 143
1074 1099 13
1088 1137 168
1111 1123 201
1112 1156 221
1115 1148 272
1144 1189 176
1172 1181 93
1196 1217 266
1203 1230 106
1211 1251 101
1238 1288 285
1246 1254 210
1262 1295 114
1287 1293 41
1290 1314 232
1310 1314 154
1325 1359 245
1350 1362 141
1355 1369 291
1369 1401 57
1393 1443 2
1402 1447 230
1431 1474 21
1446 1469 74
1470 1485 228
1483 1527 99
