100
2 24 166
16 26 85
19 44 148
45 58 190
59 87 202
89 99 100
117 152 142
135 143 50
156 173 253
172 185 187
192 210 45
199 202 81
221 256 32
231 280 152
237 280 185
260 305 161
288 303 170
292 340 162
315 349 93
332 359 141
349 383 220
366 392 181
367 393 61
380 423 32
391 419 259
395 405 144
414 434 224
432 451 135
452 500 225
453 497 64
454 464 249
463 466 24
472 515 152
499 505 49
520 533 72
529 550 59
544 571 180
554 574 152
562 570 27
565 576 220
593 603 56
606 626 7
617 665 264
641 667 261
658 685 101
658 669 30
664 668 202
671 714 109
686 710 287
693 697 51
708 756 177
720 762 171
742 743 292
767 791 111
782 813 225
812 850 80
822 854 211
825 832 297
854 891 210
869 883 41
876 903 226
882 905 175
883 927 78
911 933 216
922 967 293
940 975 55
964 1009 84
967 978 97
985 1027 279
1005 1008 220
1014 1056 124
1044 1081 157
1070 1109 203
1081 1086 69
1111 1115 225
1123 1157 249
1153 1182 163
1153 1159 233
1177 1216 5
1203 1220 81
1210 1217 286
1234 1236 296
1247 1272 97
1276 1317 116
1286 1312 84
1289 1319 131
1293 1307 95
1312 1358 51
1340 1364 93
1359 1383 97
1385 1395 171
1393 1400 156
1408 1421 53
1423 1433 199
1448 1468 161
1455 1465 68
1484 1488 100
1509 1529 94
1535 1560 295
1558 1582 291
