100
13 63 250
21 23 221
40 54 67
54 75 89
73 110 212
80 119 58
93 95 87
107 121 21
129 150 262
153 168 56
165 192 23
190 217 213
191 233 125
210 216 248
228 243 143
245 254 13
274 281 3
298 347 162
301 348 61
313 328 299
335 343 17
345 351 233
360 402 26
364 391 121
387 422 205
401 435 278
414 428 233
441 490 162
469 497 23
481 490 54
510 529 254
513 557 241
543 549 83
548 576 282
559 584 258
585 619 11
586 635 93
606 621 203
618 639 116
647 651 168
650 653 211
666 691 89
673 722 272
691 706 190
708 717 77
710 719 19
721 727 72
736 757 109
740 751 277
763 783 11
771 806 2
801 803 60
825 835 179
853 878 273
865 902 181
890 921 32
907 956 46
918 940 59
934 979 99
963 973 290
968 987 17
983 998 164
1013 1025 58
1020 1043 113
1025 1055 168
1032 1045 295
1043 1056 150
1051 1061 82
1076 1108 171
1092 1102 112
1104 1139 202
1120 1125 267
1124 1168 246
1127 1153 109
1152 1185 190
1167 1208 66
1188 1198 258
1190 1198 289
1206 1212 9
1224 1234 107
1225 1237 232
1242 1289 156
1257 1282 102
1274 1304 179
1279 1309 95
1303 1339 96
1330 1358 191
1359 1385 259
1384 1393 208
1386 1431 241
1392 1406 224
1410 1456 213
1416 1463 36
1422 1461 112
1422 1465 151
1450 1466 63
1461 1505 271
1488 1538 8
1512 1531 107
1541 1560 64
