100
17 66 2
25 46 165
51 98 294
58 84 76
83 109 151
107 125 253
134 146 245
143 146 97
144 156 183
149 178 43
162 182 108
167 202 101
178 206 296
199 237 243
210 259 67
222 234 173
240 254 156
264 310 268
293 305 224
300 340 296
309 321 145
311 355 138
341 364 38
346 381 6
363 393 262
377 388 63
407 455 146
422 450 282
434 445 255
451 459 263
465 509 252
479 504 235
483 521 232
488 525 244
511 513 131
535 576 183
551 559 7
577 614 38
585 598 215
593 633 300
615 635 277
619 656 105
626 628 201
641 642 26
663 692 82
671 709 259
684 724 6
689 716 233
700 746 22
725 733 136
739 764 205
749 786 96
766 801 228
772 798 158
790 835 95
794 806 192
800 823 169
806 840 218
820 862 215
846 880 42
858 869 195
876 888 76
881 915 44
898 929 239
928 939 16
953 984 114
971 981 58
983 996 200
985 1006 17
992 1000 19
1018 1047 153
1018 1029 60
1038 1040 170
1044 1061 130
1048 1093 44
1065 1094 295
1070 1073 248
1072 1105 81
1084 1089 167
1103 1148 78
1110 1119 116
1111 1156 216
1137 1185 287
1157 1193 136
1180 1230 262
1181 1209 37
1184 1230 60
1209 1244 249
1219 1259 37
1248 1253 15
1271 1303 106
1301 1331 220
1302 1306 208
1313 1354 296
1341 1365 247
1350 1378 154
1372 1397 129
1401 1418 249
1419 1446 184
1438 1468 138
