100
5 46 173
18 54 122
48 51 73
67 71 267
75 87 113
98 106 60
98 136 250
104 109 119
105 138 108
118 143 216
123 167 10
131 166 113
137 165 290
146 162 74
174 177 46
182 190 211
191 222 39
205 227 227
227 250 282
249 268 19
259 298 130
259 302 59
270 281 60
291 310 68
302 315 174
303 307 149
305 332 209
310 311 263
318 358 299
345 366 48
375 402 274
379 397 222
402 433 10
429 436 263
444 479 43
459 466 166
460 482 104
483 512 171
506 539 25
521 559 129
535 551 87
556 559 173
577 612 141
602 633 26
611 629 25
619 652 280
626 645 122
636 681 59
648 664 12
658 677 29
687 725 255
702 742 100
721 738 247
721 731 150
726 775 232
742 753 115
758 766 20
785 799 2
795 832 161
825 850 112
834 852 193
863 894 256
879 917 186
890 935 38
899 936 60
915 957 29
916 950 149
920 929 36
920 959 94
934 939 285
939 969 297
968 981 138
969 1011 34
992 1025 25
1010 1039 218
1037 1068 242
1038 1071 135
1068 1102 209
1092 1123 103
1118 1152 258
1148 1162 43
1163 1193 35
1177 1201 82
1195 1223 178
1222 1241 63
1242 1243 171
1271 1272 38
1279 1291 108
1299 1345 221
1325 1327 19
1347 1372 219
1370 1394 132
1395 1435 266
1424 1445 131
1436 1464 47
1450 1459 114
1459 1479 48
1488 1495 78
1504 1505 300
1529 1533 140
