100
14 38 222
32 39 177
62 97 161
69 115 116
93 114 20
109 149 94
121 154 178
126 164 216
134 156 184
156 185 153
179 191 246
201 247 188
216 236 20
238 268 17
249 257 46
267 285 57
288 321 63
317 325 69
336 385 163
360 397 144
367 401 217
377 412 53
395 428 130
414 447 2
431 472 290
457 507 297
467 469 247
477 479 206
481 525 58
500 517 123
522 556 272
533 544 155
542 576 90
564 588 258
569 584 162
596 642 138
615 630 50
623 637 200
651 681 269
659 670 299
684 730 34
708 722 16
712 743 70
730 759 253
755 757 154
761 782 151
788 809 230
792 839 27
815 819 79
830 834 222
840 880 37
862 895 193
873 885 174
882 889 133
908 943 178
932 979 41
946 954 280
972 1015 54
975 1001 222
976 993 166
993 1001 147
994 1016 228
1013 1040 5
1036 1073 267
1048 1079 95
1058 1080 163
1083 1096 158
1110 1135 38
1129 1135 169
1131 1178 22
1152 1200 134
1159 1200 194
1184 1219 150
1208 1226 276
1220 1226 36
1227 1256 4
1242 1255 17
1270 1289 25
1281 1322 52
1289 1320 182
1295 1328 232
1307 1338 161
1337 1361 252
1365 1403 108
1394 1426 90
1416 1466 45
1437 1443 100
1459 1489 24
1477 1485 56
1492 1528 76
1495 1516 271
1500 1506 299
1503 1522 68
1510 1528 219
1527 1563 153
1548 1567 257
1563 1600 66
1577 1583 259
1579 1611 154
1598 1647 147
