5000
542 1354
48 670
1033 48
7 1776
1669 595
1127 1560
412 1296
1148 1561
1692 95
1405 1388
1906 1783
670 1873
758 1277
1554 951
1198 231
1291 1846
1033 1301
1978 553
1125 1304
221 1016
338 593
485 994
1867 1661
1722 83
66 398
1288 1790
933 1165
574 1465
896 1886
97 402
1002 1623
593 133
375 416
676 1233
116 1283
604 1253
641 135
106 876
467 503
55 649
1047 959
274 740
1127 686
205 1986
1948 988
1029 1728
287 818
1183 1458
652 326
244 861
1368 1981
1827 789
912 1676
1628 625
39 988
202 870
1079 228
682 309
467 517
763 1988
1668 1511
927 1371
165 921
1290 457
928 1443
1516 1234
403 987
887 677
1172 62
1102 1638
272 1423
1645 1822
966 281
1489 1173
1028 1847
1360 386
1336 549
649 1887
1258 1365
1427 917
1989 553
457 1879
102 1347
1348 1393
522 408
1572 1750
1006 1156
806 1148
959 670
1214 1182
876 1640
484 814
976 1613
1334 1272
1302 1010
1654 1422
1638 1413
809 1604
1268 1248
823 181
112 1534
130 1647
102 82
110 532
482 622
1499 1910
831 895
981 1145
1830 1716
1239 1315
1058 175
1381 2
1696 65
1131 1930
1855 383
63 734
876 892
1300 1111
958 652
993 327
35 1368
1095 1459
423 833
1784 808
568 1457
1080 855
1065 1739
172 1431
622 1934
1108 601
392 1668
439 89
550 1245
1297 490
137 1744
545 313
1168 1755
880 350
1528 1746
533 93
628 1471
217 564
1266 398
1033 648
779 581
119 1212
453 1591
1649 1068
1255 709
1496 328
68 1718
126 57
1610 985
532 1505
312 1708
1180 1408
365 651
18 1664
1442 1238
1242 1311
414 1288
1764 1134
481 1254
1290 458
263 1378
12 1263
949 1653
697 1285
1210 877
159 1325
109 448
1846 1592
51 1598
7 1238
374 1396
1818 1806
1803 475
1619 1076
1083 1536
54 708
1009 565
32 575
8 626
1582 661
536 757
725 208
817 818
919 46
1288 1992
1875 1526
1212 650
1474 1650
1469 288
944 208
541 1631
29 1595
767 1047
461 1111
132 1784
561 881
598 579
834 55
179 1180
241 1032
1536 1779
187 1271
370 521
1778 1303
1105 1429
1411 527
92 1065
708 485
1034 1245
1571 654
1031 1691
1069 1805
649 433
769 1643
358 1580
61 107
898 1761
415 1130
790 118
653 1131
1185 0
674 574
1850 1214
1654 1424
844 563
246 1427
1633 1544
510 719
1003 580
832 152
191 818
3 999
997 1868
1156 1767
1206 675
1637 473
1963 1205
70 1970
1705 195
1123 713
1544 584
1576 680
708 1716
1208 1320
1101 652
941 379
482 84
1126 1846
1185 535
692 547
212 1050
1451 1116
914 1279
119 1060
579 105
1492 1401
1199 1355
1960 99
350 1684
1745 709
901 1034
1644 96
991 580
1822 632
254 1178
798 87
1101 1140
1054 915
1478 269
1484 42
784 924
757 1186
603 471
1700 161
91 157
1673 355
966 395
1249 429
1515 1143
1151 338
1505 1362
721 1837
715 1950
909 1309
358 733
189 10
1669 1248
1958 1198
1195 560
1006 322
1100 1253
1479 1157
305 496
1052 30
708 489
1942 1141
1430 1730
757 490
1910 1614
1918 1553
1335 1010
1936 1679
1587 685
1496 1586
1116 1700
1801 1903
1084 992
1342 1597
1868 230
1686 1984
1215 1512
1135 761
990 834
915 1214
192 738
1110 896
1122 1592
1344 1302
281 159
733 1225
1852 1966
1792 1749
459 936
664 183
1298 806
1987 1080
464 734
19 744
603 1981
1620 955
277 290
1011 353
1033 101
1234 1156
570 790
1689 661
47 1937
385 260
1189 353
1890 1025
729 708
972 673
1492 198
1287 1117
527 1383
1903 770
498 1635
1345 247
1873 331
569 925
192 219
1763 342
1457 1069
183 1310
895 1317
486 1363
355 1625
1145 1457
768 880
69 1684
1042 1145
102 1187
1422 591
1008 1650
1182 794
1664 863
1013 1371
1900 218
679 870
1139 1393
752 1713
1980 1674
926 1680
1676 1721
656 1377
158 758
1483 143
923 176
781 636
1205 125
298 390
1515 1821
53 200
1238 1489
1870 176
595 34
545 1979
835 1054
497 169
1788 990
340 430
1689 1175
374 571
1201 1208
1961 389
1217 279
1489 1493
303 1182
769 1078
1100 321
899 415
1048 266
1005 495
373 624
1995 507
1940 1628
1155 476
1281 145
1218 283
1036 1545
1020 1525
494 1613
1308 1330
822 1170
1313 1980
628 1924
1600 1250
799 1621
69 1110
1734 1239
1100 596
304 1711
718 625
417 1694
770 1924
1260 1251
1586 557
1195 458
1834 1894
1954 439
1458 1872
190 878
382 1882
833 1971
1060 1175
1951 35
509 288
1336 396
1588 1888
1139 1411
1394 895
1826 82
1115 857
39 853
399 486
1697 991
207 1138
1725 1980
41 563
192 317
705 1388
214 271
283 83
1916 1095
1524 1271
630 910
1801 1640
412 636
1070 147
1740 962
799 1799
385 116
231 1356
1662 1329
729 486
1273 1832
1661 1070
1589 1198
496 572
1174 1272
757 1654
1207 1874
1324 1506
1879 552
787 1466
79 651
1110 80
256 633
258 1210
1162 69
186 1352
1144 1512
344 1689
550 1059
703 1424
945 1190
310 1891
639 1412
347 7
949 155
1399 444
1112 739
1916 1778
864 105
1364 307
686 352
1435 1762
248 1565
950 337
205 472
1913 81
1098 796
499 539
157 667
184 766
923 831
1118 1115
1309 328
692 1976
1777 1237
1035 1538
1769 735
39 1732
162 129
807 1970
202 938
1607 899
1251 651
77 267
540 1541
331 679
590 267
497 1011
512 1042
1284 629
511 112
379 398
326 22
998 366
42 566
949 1538
125 1023
1768 1005
549 110
309 733
1144 251
1745 780
154 972
1301 221
264 50
255 78
921 1508
1066 1572
1744 528
1789 921
1303 1146
887 1955
1370 1800
260 66
1940 402
1121 1259
622 1675
702 1776
445 507
1934 788
1391 869
1168 1183
358 408
252 539
1865 1801
1875 1230
990 275
1431 796
274 657
1538 997
282 1281
659 1966
1124 419
987 1269
1938 74
1539 1952
1197 593
112 1441
723 151
1945 580
1265 1311
413 662
1272 888
174 1640
622 1946
868 1545
1586 491
361 1981
741 663
1257 991
842 1900
1455 1815
853 1309
419 551
1295 229
463 1306
926 820
548 301
235 1707
761 606
1206 190
151 1165
1882 608
260 1483
864 1535
591 1751
133 1433
1866 1364
1590 727
544 698
1721 1119
1319 1908
1505 842
44 1533
1416 398
1374 222
1299 1848
1534 268
306 929
315 1534
1754 1134
1212 445
1159 1629
1795 552
1440 1243
1024 1483
46 916
648 1506
751 174
1652 973
1582 537
1426 1127
779 711
827 1915
130 1898
1488 603
129 270
130 306
1814 679
699 818
960 258
904 260
1059 1750
613 67
1366 1758
533 616
1053 1988
453 1051
1652 103
1103 1845
987 1013
1306 410
1097 170
1638 1324
323 1897
1518 1047
328 614
530 1740
129 1593
1070 1291
1939 663
1772 1927
666 1098
208 1243
322 1943
639 1516
513 239
1913 392
1181 679
997 1013
246 638
1594 1221
305 607
1084 250
397 1884
1110 1647
1391 1648
169 1454
148 1579
571 1375
1158 1533
1408 869
1670 539
372 1273
1073 1136
1601 1155
1199 656
1687 1205
1319 1258
1928 406
1690 1662
1535 857
1197 417
70 1941
1294 1818
20 1103
1173 993
147 830
214 1823
680 706
454 641
892 731
429 677
1039 1657
1893 531
93 838
1684 929
1645 1111
1579 568
721 608
1361 507
866 1284
1421 1002
781 513
1748 410
1696 1706
1069 1016
547 1104
1190 1326
271 1561
1318 873
402 788
1089 1283
613 1156
1615 89
594 1297
189 1208
1719 1447
128 1327
993 240
1060 550
755 293
1900 1266
501 695
59 399
863 1058
23 492
1940 126
66 1827
821 1877
1995 236
1008 566
1786 1883
388 145
1249 1786
233 1799
1885 1702
1503 1640
701 948
1444 700
1856 1597
1712 1635
951 1395
1700 179
268 732
534 1569
225 324
1381 380
529 38
1643 993
332 135
606 1965
367 1000
709 1657
912 1802
1493 631
372 1212
212 1849
271 491
407 91
280 1448
1063 860
392 1039
955 1009
322 842
1209 863
1464 292
698 1689
781 359
1226 1639
606 283
76 922
261 1286
1439 1378
559 757
260 1976
1967 1823
1160 537
999 1609
1638 1220
858 679
1758 887
939 1579
713 1413
1167 1262
659 1120
1102 1251
37 751
1050 1230
410 662
1365 888
355 45
1926 1004
1991 1665
1196 1540
447 837
33 884
1730 1914
1304 340
824 1319
950 61
995 1504
1896 1520
323 995
1298 1878
1617 567
974 343
79 1325
702 1798
18 899
1352 196
856 1575
45 26
317 1443
454 287
1187 654
243 627
1324 1461
742 1188
1750 1319
155 132
151 1484
1523 380
1384 958
151 582
903 503
403 1946
1169 1901
1211 103
1395 369
163 1848
247 1455
1454 1957
1407 767
160 667
1930 1729
1436 1214
1854 1615
776 927
360 79
269 1722
571 1052
750 1648
1061 573
1314 1793
694 1730
1077 1171
798 979
1777 332
1129 1754
695 1878
315 856
1707 1331
55 601
1619 1637
292 420
375 184
150 1410
451 279
1230 1620
353 1582
1972 181
1172 1822
512 1956
1358 1666
332 1372
1684 444
1089 1413
1186 1312
314 1512
427 1997
222 1077
1494 1322
185 85
1049 1670
157 1945
1473 770
1999 1937
774 1744
566 624
515 882
591 61
161 1644
468 91
187 1372
1319 1949
835 526
1317 1840
1503 1928
724 1618
453 1311
1632 370
1394 1672
1782 383
553 993
1971 1825
541 1223
167 1230
826 864
1211 1090
112 1582
428 714
1209 325
1795 1667
1164 1170
770 541
836 482
268 92
1651 919
482 1598
1091 65
1284 1006
77 1207
1658 582
1820 432
1720 1174
667 627
790 1598
511 1518
1439 796
822 1414
1094 1832
1958 1131
1302 252
1045 1963
1933 365
1917 648
709 503
943 588
454 1691
1849 481
443 417
195 1683
508 300
1785 1878
280 1818
1295 391
1640 1876
1692 848
792 1903
1673 1873
713 689
1034 689
1349 487
1622 1387
1024 836
227 1778
1297 580
1970 1237
1573 1014
759 1518
890 84
1691 348
657 1040
1976 962
1378 763
1265 1579
1675 64
1468 618
1909 1416
987 1485
1491 1919
1412 601
52 1351
275 217
825 464
1087 1442
900 378
355 1771
1483 1271
1797 1481
1760 1705
1626 974
1905 1371
1493 1211
301 1438
1863 1755
765 1265
1924 1195
1606 1655
800 1033
120 747
1476 736
401 1404
47 555
1486 1057
1462 525
1991 813
755 130
1094 1930
1863 414
394 1546
173 1440
941 1966
1721 80
1391 594
1269 651
442 1226
389 1036
1622 1147
664 908
8 928
1345 660
9 1796
3 493
1723 1074
1767 1392
1892 101
1124 1147
1109 1832
1371 613
69 1518
778 1415
1922 754
475 666
1373 1278
536 595
1234 1685
1404 1773
1096 1396
1398 1557
471 1480
1612 7
706 1005
671 1359
452 261
212 347
1505 1863
1777 1944
912 1712
209 434
1962 480
395 1295
759 306
33 741
782 934
395 1880
1085 244
669 510
1277 1716
989 1654
217 1158
1937 1033
565 1312
664 1230
1731 1382
1876 306
1562 681
1887 1259
1976 666
95 1998
1160 708
1650 1264
1958 1961
1536 1155
966 1569
1876 1410
903 647
1748 183
1873 1865
227 240
31 1063
1126 1979
241 1850
1100 1284
282 55
864 471
790 1111
601 1815
464 609
778 1549
67 1536
1590 738
1360 1758
181 455
63 1757
669 995
154 1053
1334 1295
597 1449
560 293
998 572
115 970
1099 156
1959 174
1502 17
1468 1447
999 720
1288 1488
491 383
1065 1837
1724 1050
50 390
1814 1339
443 600
19 572
1922 1400
977 1379
332 954
1966 925
1035 1873
1020 1293
1329 831
1975 128
92 1904
1202 712
1463 228
240 1576
1247 504
1296 1902
1869 484
1097 1836
381 1625
1101 999
868 1253
1607 232
912 864
891 1770
801 687
681 133
1608 1363
365 815
670 1321
511 424
1409 1015
1536 9
1364 1289
994 594
768 1021
1507 162
177 1902
1414 1958
778 949
488 1880
1815 1674
501 1310
731 365
1871 1175
1328 1548
547 1510
1850 101
906 791
391 1900
1250 1200
1295 1686
1172 1904
1395 1311
1536 1541
1538 821
1799 396
441 1666
1707 1600
240 1620
1631 1294
1926 1237
770 923
1928 1889
782 1558
195 1464
988 1419
153 433
407 1989
431 424
94 632
737 79
972 389
175 731
1035 905
606 1340
885 233
1707 1231
1544 467
803 1105
1101 1477
77 420
1344 1738
522 1980
1790 1315
1702 1184
1590 947
98 1323
1707 1107
898 991
1569 311
20 1824
341 1951
868 142
515 142
682 1813
1329 814
1869 265
1875 419
657 1481
836 1983
173 37
1581 1592
25 520
1719 1134
1769 915
1260 1848
950 84
338 1207
1998 1200
762 571
1662 270
887 1351
1579 1630
476 1021
1478 1298
1817 1171
54 1389
878 769
97 1900
740 778
1567 1772
840 283
160 1579
298 1545
1390 1748
255 1201
650 1662
709 1022
771 1750
1117 1053
146 573
1977 334
1345 945
1763 76
634 1571
661 1969
1893 1465
438 720
31 1911
159 557
1589 548
705 1605
1376 93
1783 1147
712 677
1117 1170
1093 1809
1540 1590
1060 144
201 1661
1544 50
761 1744
179 1513
156 1880
1091 783
581 89
1957 886
1818 132
723 1169
31 9
976 1497
1476 1939
1961 1272
1875 1480
1120 1061
362 455
549 480
1776 1393
1615 95
13 258
925 1452
265 730
699 1323
504 1577
393 1834
1500 8
499 42
315 1911
1765 514
462 1466
1458 1476
917 240
855 852
743 863
1235 1164
1251 529
1384 1968
772 600
744 1413
212 665
512 912
1860 1322
1347 325
247 1994
483 484
143 1393
599 1019
1375 1212
495 1795
1021 1647
1986 1665
325 754
1132 1276
1901 1582
1708 1946
1583 1541
412 189
1445 25
700 1976
766 1993
490 877
1674 693
261 1256
1376 1064
970 703
761 986
202 113
302 1438
1431 981
1089 478
1945 106
1221 620
1231 818
789 4
201 1977
1454 1828
1950 1677
1291 762
1895 560
1964 471
1587 1083
1592 779
1530 1615
539 1836
1162 503
801 1722
1395 1104
1434 576
913 171
523 611
425 1765
110 756
1709 814
323 1551
281 1893
244 585
1382 1971
547 532
160 96
860 304
453 1649
1226 1509
1016 103
1245 682
1947 1710
650 1831
84 1741
704 1451
1246 1152
1014 566
674 246
467 1330
1797 705
1078 1666
527 455
778 1341
1402 1187
1998 777
1605 290
1919 1620
137 303
922 526
25 263
1239 1686
1130 173
871 1758
1750 1244
1139 826
1618 1569
946 914
948 1564
334 999
775 1632
612 1902
1304 1451
1586 413
1393 1887
904 1994
887 1258
415 632
1495 1101
1718 501
925 1381
942 740
1007 1520
166 1947
837 452
858 109
200 19
1178 626
1354 1241
987 1819
723 1452
744 1044
425 1923
307 1850
1598 1759
1663 1021
1651 1564
1425 1741
809 1485
1087 1142
1982 1849
1636 520
378 128
740 1400
1869 1123
833 492
1236 1870
1942 1223
244 1700
1163 473
455 32
638 342
17 566
264 516
147 234
286 1168
434 672
434 831
1250 1832
768 698
1510 680
542 1293
1259 801
373 577
1336 807
1542 516
1492 1836
1866 700
1785 227
828 1612
1621 20
1697 681
1649 101
275 1920
1631 1382
264 1150
1948 763
802 1525
1060 1735
953 1227
299 1459
9 498
1077 1304
1275 815
1429 1441
452 1623
756 1489
17 331
749 1879
624 1382
1644 1401
955 400
705 380
501 346
1311 540
609 622
1550 84
1023 374
1139 1342
165 448
597 698
1239 1437
1598 1665
1534 1556
1168 1754
1611 1437
1715 1802
1763 1726
1334 876
1595 1906
1657 1699
1954 1010
290 131
185 1544
1744 507
28 1140
1137 1807
473 646
811 1652
309 1432
77 1090
1918 204
1785 1277
1386 330
1399 1463
843 1665
280 1744
1007 1490
1182 1554
66 701
1358 414
0 1176
671 575
1162 57
95 1309
288 1724
1044 131
1948 849
996 1508
565 1926
748 975
631 1052
1333 829
1974 1743
155 5
1453 1918
1728 803
1916 1284
611 707
955 427
1927 22
1934 1263
171 649
206 587
1466 650
630 983
1958 311
1406 1885
1457 988
1384 1370
855 1314
59 312
1153 1964
148 871
119 337
711 813
167 1421
807 1342
1684 1677
1092 441
234 1915
1982 912
654 401
1107 913
476 715
1219 1510
1904 1428
751 1188
1859 1123
948 1711
1972 1142
1737 1944
1504 321
908 414
1628 753
851 1963
1653 1536
708 1786
578 943
1112 619
292 1532
1261 850
1563 499
1703 729
1880 1762
29 872
526 1721
255 1816
15 1350
1403 877
564 915
131 1578
1221 1248
150 513
936 218
1600 1368
1410 1347
1320 224
389 351
838 1637
151 297
610 778
916 741
732 744
337 773
1358 934
66 1585
515 319
371 924
842 669
1452 125
1212 1634
1167 1756
1365 1780
1359 548
538 834
659 818
382 983
1105 339
1850 1458
1607 67
1324 680
798 982
1047 1737
220 180
1140 888
1434 1587
182 1058
93 1096
550 1244
600 1337
1341 251
1504 1152
1674 1956
1624 1218
979 1545
579 565
1093 1135
322 594
1157 340
993 36
1776 1718
1764 278
1290 199
1212 702
811 1788
1303 638
1987 210
1803 817
1174 866
467 375
1028 1344
1078 1896
342 216
1329 478
1007 1795
1631 914
1499 330
879 1078
1318 999
1656 556
1411 1410
1598 594
1451 1047
181 1718
664 294
1413 1417
347 1398
594 284
187 1617
1194 1402
108 1461
299 1830
1641 1962
1971 517
583 1831
394 1964
591 107
839 672
540 1481
685 798
322 288
854 1199
1236 806
935 127
966 391
158 2000
1002 942
425 135
899 118
509 572
1790 1223
1740 604
118 1059
340 118
1840 695
758 490
1606 972
1647 1250
114 864
1830 463
921 1097
470 1002
149 1406
1383 0
1838 1091
71 1300
0 888
270 1932
1129 591
1603 653
1755 1682
1627 1965
1443 1261
609 1462
1500 498
1039 1833
304 1409
1092 690
1449 287
351 856
901 1357
1219 664
53 691
1190 209
1843 208
1081 232
689 1839
1473 639
940 726
54 21
811 1339
1350 1982
1933 1824
1004 666
1243 559
419 1612
525 1703
1443 386
321 1491
1640 689
174 652
624 797
1203 1585
171 1974
1201 303
1017 226
1844 920
277 1413
713 1023
551 615
247 1616
1539 1871
423 1525
633 1546
1404 1591
1347 1998
374 647
1161 702
9 1678
64 1341
1017 1024
1822 279
1468 1384
1931 1506
1420 1101
1662 328
553 1472
1585 812
1942 562
1123 646
1496 1731
1622 1817
1653 163
1985 1594
868 1755
1392 718
180 1450
891 717
1047 1232
485 1424
269 1410
238 707
1863 916
597 36
430 1128
1272 1421
1250 257
1953 511
1302 1792
1654 1427
1009 637
1168 54
1730 466
820 868
437 1819
1899 1188
137 1274
1263 161
1683 711
1096 486
1741 1040
1153 61
1858 599
1951 1426
197 1390
1845 963
1633 1891
650 672
603 1056
120 1321
1543 476
332 1340
1086 1454
1429 1110
477 1300
1528 1082
993 684
708 915
330 783
673 196
339 808
813 936
567 411
164 1878
1481 221
47 593
1650 602
1419 1227
790 672
243 940
1483 580
471 314
770 762
1033 962
654 1868
91 1146
661 1585
479 35
961 1058
430 913
143 1329
420 814
1555 375
976 1204
132 430
375 1769
1730 1630
1436 426
1442 109
760 229
1823 1318
1672 1293
1791 1798
361 693
709 140
1906 1971
1150 1532
1452 1629
1916 1852
882 4
1788 1667
698 244
1043 1414
560 1824
1837 338
1935 811
1450 805
27 75
79 1731
596 1689
189 844
839 427
1227 1384
1789 1664
300 963
329 823
1860 1540
121 198
657 341
1986 78
1427 726
876 732
205 1024
1191 492
456 1883
146 1115
1610 160
1301 1995
434 227
1849 4
1084 1638
514 32
1678 1190
225 381
1178 991
579 501
1312 1436
1062 1919
437 1218
390 548
896 9
1655 440
1138 1106
84 1100
856 1397
197 616
911 453
927 31
1977 1787
1837 701
462 1026
1877 1951
50 326
833 1231
278 920
535 312
474 40
377 1520
1767 920
1989 1727
350 601
794 321
489 1387
1688 1210
444 218
538 1675
1948 251
1598 1103
1785 196
218 1055
1442 243
1395 476
1662 596
1775 924
183 1790
315 1134
1344 1263
1510 916
277 772
146 1687
849 884
1180 1664
1269 354
1356 1955
1499 965
1965 723
161 958
122 909
1681 112
546 525
1690 412
1389 565
158 1536
1101 693
1757 1580
529 1377
1279 756
1507 1257
1595 994
918 511
930 1360
810 1761
785 1670
279 360
1235 1735
156 1670
1937 1423
646 1829
455 833
1566 351
1620 77
135 509
532 24
1116 668
1772 551
919 839
1935 425
262 346
613 626
1143 1421
1941 1683
79 1513
519 1068
474 1635
944 1416
109 399
709 1461
826 1515
1598 1880
79 1055
1979 184
914 1678
1442 1835
173 1913
590 1931
981 622
554 1161
529 884
72 72
1086 1698
1691 1802
672 696
825 381
694 598
878 440
1605 1330
416 1040
741 717
1826 487
477 465
1010 434
1312 486
115 874
1440 1347
1976 623
442 313
865 1183
1710 1617
1398 312
1388 1944
1093 51
442 899
1267 642
1189 165
1935 1352
101 1470
1200 553
737 1569
1962 32
1571 635
729 1448
709 116
15 1980
476 940
1291 384
1099 1482
300 1432
433 697
1222 246
1513 309
1887 1560
193 1443
480 977
1028 1848
1493 1071
380 1946
1284 705
953 1011
1733 522
949 1016
1943 1640
1635 1759
440 1675
1584 1479
369 483
381 203
1382 206
555 1138
353 652
73 1733
1503 1290
1042 1248
261 423
1267 882
1748 1764
300 385
291 859
1771 1544
822 1408
1465 690
903 1919
734 36
1072 246
604 1212
1656 942
953 211
1242 1205
979 130
874 1786
1552 1630
1730 1263
624 1638
770 205
1696 1223
859 833
11 386
208 1527
912 1635
462 1702
1424 688
1766 4
1928 33
1146 928
1092 403
265 251
1960 1705
1178 736
255 1403
40 311
1260 1834
994 209
1352 777
1703 567
367 459
1939 507
1423 307
720 1636
415 774
1610 673
1256 1798
1618 449
1980 887
58 1897
1245 238
1648 1668
1231 682
1815 95
936 1535
796 1475
1175 1117
1655 132
1827 810
1488 1795
218 1806
1518 959
626 1995
388 182
156 1361
1018 201
418 761
1736 722
450 1976
989 363
656 926
1984 701
1422 1875
1526 859
1323 810
773 537
690 998
1692 1976
499 1548
1588 753
502 534
1257 1902
1419 161
50 728
1584 1936
1887 938
572 1467
1387 668
1579 1565
1286 1977
1749 1361
466 604
24 195
729 1593
1992 1345
532 1772
90 1826
63 164
696 1309
411 908
861 143
1096 689
1096 1505
490 637
1252 486
1785 1400
55 595
1470 1477
382 669
1622 1472
1950 1372
1424 614
127 198
1112 1601
1551 218
1525 1937
905 321
1888 137
1859 850
308 286
1515 1892
581 492
357 1384
1002 361
1701 1751
536 1064
449 61
1284 1022
149 1210
1563 1389
1103 1574
794 1884
601 593
403 167
1760 1990
310 793
1749 415
432 702
271 1332
283 1364
217 809
1075 83
823 670
1419 42
454 1526
1557 1707
242 1736
938 645
1339 115
484 247
12 139
123 682
784 917
1300 52
999 222
891 1560
1577 564
1910 596
1701 735
1039 1712
816 1077
684 597
1095 1599
1125 1973
944 322
477 1653
1598 689
331 821
744 1523
536 788
50 848
1913 1774
1758 1958
1820 719
783 969
333 351
1733 871
472 1767
1042 1700
361 1899
408 642
700 961
1604 1846
1618 1938
924 1899
1228 1270
1741 762
1227 1956
1056 152
821 1111
216 224
1818 593
1478 907
541 499
1687 810
1367 276
1909 205
677 1893
725 310
1557 876
648 1027
510 1450
1229 1622
265 1830
229 1502
900 1005
1254 1144
1504 440
447 397
14 1705
1658 1865
829 1846
1274 1198
1530 489
423 341
1551 1485
315 330
1765 880
303 1344
661 1962
1924 1239
1134 1897
1565 1786
252 731
168 38
608 600
1975 1772
48 1222
454 1178
1882 667
1746 1060
140 1324
1117 41
852 1688
1947 1648
1975 478
1549 575
13 780
979 1606
42 277
593 1766
1381 1171
1852 970
815 1476
745 1139
581 869
220 79
1865 1445
757 229
1483 1017
972 790
1924 583
1759 284
1282 399
1841 208
407 580
1395 1495
262 1157
1307 766
445 1140
1996 1179
1496 1942
1623 1246
541 245
123 889
1528 1433
369 1515
1425 1583
1862 71
1909 895
1528 1466
1590 524
247 1207
160 1364
857 843
1431 1750
280 1868
668 1958
966 239
335 1981
1922 131
139 330
1662 1052
319 273
1504 1586
294 1507
1564 1017
1255 13
1786 483
650 1968
382 745
521 1399
945 1245
155 69
1573 1886
1897 164
101 645
1974 1257
1662 1083
980 336
1831 277
681 81
842 759
1966 1914
335 2000
697 1985
1413 1082
1281 245
1665 1967
575 1943
1356 333
1668 624
1972 1246
1572 48
1790 903
1603 409
1409 1284
1901 1644
1533 125
1341 367
1259 997
1457 1496
1229 137
389 319
238 633
475 1427
1937 1052
1217 1454
1121 1071
484 311
644 1563
1422 358
1571 1912
1057 1385
1737 435
231 620
1748 933
355 756
886 1142
99 579
1909 536
698 1453
785 1422
1977 724
95 988
735 325
1795 1507
1005 133
1176 281
252 214
65 602
189 830
1410 1431
184 863
801 487
476 741
1298 611
1350 1013
1560 916
372 1432
1626 810
1277 1997
597 710
1999 1241
1486 1711
259 865
75 1349
306 1090
915 681
1133 655
8 1972
402 1993
321 263
1704 1856
1991 944
985 321
981 202
1611 1077
1525 1549
1922 1613
1922 1006
298 1728
932 1655
175 87
650 573
1721 1750
257 3
328 1521
170 1781
402 24
31 1444
1813 1678
1765 1004
151 1969
749 1614
533 592
717 751
1723 1114
673 1372
1183 552
921 451
252 60
1272 1849
1731 1121
1104 1297
1429 63
1916 1057
561 19
832 1461
321 142
1045 42
1043 1955
1407 832
1629 1025
636 782
73 1762
1703 108
371 1239
1468 1016
440 792
1445 1489
313 1437
531 251
1723 427
193 1283
1683 1632
315 1490
970 1978
572 787
1705 938
142 1976
1893 1845
1530 813
688 755
1844 1547
1575 1713
1092 346
216 734
157 1588
816 67
359 1156
1817 137
1094 1626
1055 422
101 723
1021 227
111 1809
228 187
1495 1277
1574 642
122 824
1600 1978
1372 1208
89 955
524 1743
89 966
1525 672
862 204
1000 702
649 1129
977 90
775 576
1228 1809
1124 650
1973 1616
507 948
877 275
171 1595
301 1020
1023 1831
900 610
65 1800
1602 1321
1581 1775
281 1732
1708 641
1016 872
335 306
1823 1868
1167 1487
1146 1010
675 1969
809 1640
1414 398
1793 851
257 887
1378 1894
698 286
1945 1076
1731 1482
1521 1654
1387 1922
338 527
875 110
945 643
1498 580
1547 848
1742 1314
1226 1
42 812
1290 480
591 175
341 1874
1647 546
547 1712
301 1459
1162 932
402 866
433 1956
145 1397
225 777
1373 10
426 1876
897 487
1466 914
1096 1166
373 1388
206 1395
79 1070
1193 846
1483 197
1659 584
951 380
1875 943
461 535
9 1450
656 171
152 1630
933 363
1935 1338
1963 1907
635 1843
391 841
1417 884
1342 1132
1538 903
690 1338
1452 555
419 1634
403 1279
344 679
139 254
126 1938
693 1484
388 658
1363 351
1732 836
677 1944
1650 1718
580 1882
1117 1521
432 748
225 295
1351 1436
1016 982
749 844
182 478
1443 170
1161 1160
1002 1823
1918 1941
339 71
427 1736
736 426
327 664
22 1626
473 1788
597 94
1706 298
1649 644
1365 938
195 1671
62 848
1952 557
1843 225
1608 1920
1252 1392
1096 780
1167 1052
406 1987
1838 1127
716 780
27 1313
1686 1340
724 1930
543 141
206 469
290 1386
528 903
335 1316
8 518
461 1865
364 853
749 1774
973 1286
1529 742
1110 1689
1160 1092
1823 1944
1029 402
904 460
1699 1064
198 878
1028 1456
408 730
728 866
1479 1593
1662 239
490 567
1041 1902
995 1155
1362 534
746 1751
1765 167
1556 514
488 1849
490 1005
643 1458
342 1713
309 623
1350 1083
653 1503
1434 796
1972 1468
1224 175
1271 1293
922 1630
1046 299
1451 578
652 219
566 249
1092 231
1428 572
1967 897
635 900
963 1725
426 1069
1189 913
1886 1645
687 1812
182 442
1195 1828
1254 1967
1346 1999
1168 461
745 372
331 1350
1073 1734
1475 1002
718 1066
442 1038
1753 784
4 1440
613 966
238 265
556 705
1658 552
470 1872
1211 1654
377 1999
684 953
1545 1413
1478 164
1656 1447
483 1964
357 1030
422 831
149 1003
575 1468
1594 976
693 1185
601 409
1787 1161
876 1580
989 153
324 1865
785 1968
1533 1789
1321 880
1249 315
854 991
1138 217
1771 1495
1779 446
1082 428
268 1104
967 1365
893 1085
880 1230
594 1324
1722 1952
841 1998
1075 1098
1617 334
43 1493
275 632
1606 1681
554 565
374 1327
445 448
1219 1838
564 97
97 69
1420 13
75 879
1168 524
827 1466
1927 1471
1856 87
1712 620
1954 1143
261 875
1093 1241
1577 360
1313 1381
931 1059
1419 348
461 1852
65 1290
1043 1615
661 20
1844 1928
42 164
1626 1714
903 576
529 542
110 1763
583 1433
1317 1282
996 851
406 69
1767 1599
1333 1361
1116 183
918 372
1226 460
1285 1778
1363 227
640 1478
562 1619
308 948
1764 1837
194 1534
927 991
1938 1819
474 1308
560 1895
766 925
1117 585
680 601
920 574
468 1475
539 867
1578 1250
982 696
1286 741
917 237
959 1541
991 559
1580 900
1971 1365
74 1283
292 1486
48 1076
1930 810
1672 840
1246 1801
260 1737
1698 1472
337 1020
1166 1281
1295 956
319 1354
433 42
1735 1037
938 929
1692 1802
466 1086
820 1443
1320 1102
782 1168
237 1415
396 686
1198 291
1497 913
749 44
1435 1682
1499 767
1674 355
1454 888
143 990
1437 623
1815 1760
815 239
839 1264
1978 1029
733 1350
1395 1803
391 1824
553 1611
481 1470
1352 1322
463 791
979 1423
1474 1102
809 1556
1889 1549
897 1545
1623 1684
1182 452
1527 1354
1886 1850
904 20
254 619
1958 1396
1718 313
858 1344
1354 1083
1234 649
813 1271
1531 1646
1930 924
878 1632
863 1970
1575 622
1328 981
615 405
1648 1929
996 1956
748 912
465 857
1889 1020
276 1465
1756 1789
973 1907
1775 1065
1518 1028
1221 1917
1997 926
129 1047
352 1092
1693 820
1217 1312
1766 1590
220 936
236 1925
1894 261
235 980
1266 1610
1931 1768
204 629
96 1138
860 753
706 1255
901 711
467 405
869 696
94 893
435 802
157 1688
1597 1640
295 1868
1954 279
120 55
1133 593
785 465
1377 1982
1144 494
817 1246
1075 498
165 1234
1131 727
1351 788
585 464
1522 1201
1069 763
1924 1070
738 1694
1288 313
334 1607
516 187
1010 21
1862 925
826 685
1912 1260
89 758
802 1270
261 502
1180 826
1442 1737
212 1718
1285 1943
1954 891
1737 1542
85 1588
1446 166
293 176
447 1353
1922 811
1655 1584
1752 34
667 1378
199 1300
489 1794
1883 1477
563 188
254 896
899 558
1730 1494
1669 777
1854 951
1997 993
1164 995
1887 1118
973 950
264 281
1190 1886
248 1427
1334 1332
1133 1663
551 1816
736 677
1028 1432
207 1433
330 993
215 1991
1743 458
695 1435
843 1317
1752 1912
791 293
1301 74
1445 1178
1600 697
1908 741
1652 937
1627 1076
220 1088
1998 1679
555 1730
1662 1127
1084 1254
877 1806
1478 1352
1183 334
773 1684
1415 1374
149 208
1325 850
1926 324
364 932
1071 832
1173 1057
739 1073
25 1778
1708 1162
632 308
1916 1883
1712 795
581 642
371 655
1095 609
1532 902
4 879
1104 1068
1536 936
916 1780
1485 122
706 1263
1179 1085
1320 1120
477 715
281 1514
458 1837
704 983
949 289
423 1199
1280 1957
619 1232
1409 1453
1483 31
1753 470
1946 1279
294 1294
768 186
1368 854
735 1880
88 507
1284 1009
118 544
994 1575
1202 1559
852 1274
1310 586
73 1129
19 1561
207 1302
1885 1057
508 1237
446 1269
6 1679
1200 930
1432 205
560 1572
1794 1644
1845 312
1245 1537
1011 1036
1223 1248
994 953
1567 1542
1470 1715
1871 1756
366 1993
714 909
1842 460
1921 593
309 1333
228 1052
1715 932
342 220
955 1292
1380 1145
815 1797
1793 1667
638 1717
1142 5
1599 1531
212 829
931 171
322 1663
1900 558
1634 285
1699 1752
1281 1534
700 1610
1224 1056
192 1911
1101 1054
1146 1319
396 1147
481 44
393 1980
293 1994
172 916
845 137
1668 481
1482 379
1410 1964
198 281
99 1126
1136 344
475 1800
253 932
1919 1020
1016 1528
659 616
1252 281
199 1912
1968 568
1247 821
1957 1819
1269 322
1222 1691
514 1958
726 1734
1331 895
909 1560
588 1749
257 664
577 1025
1150 1078
660 260
423 782
95 1829
1598 274
1781 1119
288 45
24 1066
934 1389
170 1989
1414 817
1702 82
1426 920
1460 989
107 1675
1524 371
308 1874
1177 1852
1673 1622
498 251
851 1438
915 942
180 549
1933 891
55 40
1972 738
633 1019
1037 1876
315 719
1617 541
1836 102
114 1710
1232 1694
1638 420
848 533
568 184
1934 1782
1521 1072
625 812
128 647
891 1390
1312 635
528 633
1788 1401
928 280
1541 781
85 240
1245 876
1871 1302
526 47
626 1078
1074 878
378 961
1627 1406
174 520
895 341
1895 968
1321 1019
65 1629
54 127
188 232
1449 803
1619 540
1091 434
0 1614
736 1028
602 589
1196 1123
418 114
1547 283
1227 1531
137 885
555 627
1314 587
1427 1292
1926 1707
1775 586
280 1529
691 486
680 754
1700 1383
1718 1331
273 1286
1264 474
1795 296
567 1268
135 1529
1366 49
244 1814
1589 494
128 1091
417 1805
707 1257
1607 1261
1260 444
1297 1620
278 229
540 1830
1483 1324
1135 100
1896 813
1729 1332
1133 861
1879 695
582 1389
426 194
1610 456
1608 1976
424 374
1999 1553
1817 51
1760 659
1317 1485
1857 1973
1401 1028
1702 1906
1836 294
1101 358
1196 1340
437 871
1261 559
987 1130
1295 97
965 1373
1893 95
837 1098
24 191
883 395
1928 461
839 833
1976 82
1549 1322
891 1778
1108 827
553 431
1727 528
486 182
750 30
518 502
1225 1321
254 1431
977 1078
1277 1512
1687 98
1967 1968
1343 1172
1262 1538
1427 301
149 1578
570 528
536 1012
1512 1699
1087 1786
1020 1466
869 1348
926 1814
223 382
1413 1161
1187 1562
633 1354
1532 393
547 1058
679 992
444 1911
1091 945
1723 1300
117 557
1754 1685
1339 1308
406 279
1967 1290
117 1645
1823 849
1080 1020
1806 1478
353 1593
1898 858
1991 290
1305 1456
1198 1456
776 0
1135 1781
1920 801
208 1428
1214 1592
1476 852
701 253
72 1124
907 1688
1444 1440
1651 322
230 293
216 1287
1664 775
1505 1178
1849 357
712 1842
879 1570
1312 16
1923 1418
583 1423
1339 893
270 1403
1320 47
143 1373
1766 748
1784 1353
909 1566
1529 840
696 1247
682 58
400 708
163 0
1776 1290
1379 1883
877 1724
1818 1659
1045 1113
383 1327
502 1896
259 187
1317 221
197 566
1325 361
702 1342
427 1482
960 875
71 1321
133 1546
1980 1333
146 1293
1894 477
147 431
1965 1482
276 1075
1289 1720
605 922
1627 1010
66 756
535 1810
206 864
773 1378
661 1255
378 812
621 1375
1634 1365
1867 469
823 1861
58 1144
1860 594
1060 1331
686 590
848 1550
1319 1328
1075 1560
1656 869
1425 1261
607 707
1287 1568
495 1954
1621 718
1374 783
599 1930
498 1512
596 1515
367 305
929 1653
786 1806
1836 1295
1242 1308
1464 788
916 1676
308 1995
113 932
1612 1866
1936 1064
1175 620
331 516
300 1593
1182 1514
1334 1136
236 1785
1101 1842
575 115
1745 1491
784 1442
859 1322
1541 992
345 1823
210 1311
1044 801
225 270
1960 411
378 382
1770 1835
1560 1526
1741 781
1042 1689
1177 357
1719 146
608 1097
713 1463
1807 197
791 1668
1359 293
1472 282
766 534
763 1834
621 1056
224 461
1779 1477
721 1631
146 1132
959 1097
1845 391
1434 551
523 1438
1332 534
1740 388
1339 1139
1347 470
464 449
554 79
189 1738
21 1091
1649 1014
21 128
717 742
1700 142
416 1306
1967 521
1798 1826
1485 821
1159 1402
227 1504
587 1627
586 792
203 1509
526 599
1580 309
1984 835
152 821
743 1464
490 195
155 1846
1676 1286
572 549
1094 1608
1883 283
330 708
1503 1747
889 1248
1390 904
464 256
1033 555
1779 1506
1314 1567
917 490
303 424
573 482
108 1163
1451 1800
669 1832
553 1086
1440 1971
152 1712
815 1498
397 1902
1518 1068
1904 816
1424 1734
1585 278
1397 1407
1251 13
831 146
726 1282
952 90
1393 519
1051 1085
1835 694
1624 1321
301 491
451 3
658 1761
739 198
769 410
1093 1988
506 83
1500 1312
1143 814
1570 886
1022 1282
1143 1951
1862 651
1236 656
243 1573
107 372
1355 1160
1645 311
1866 393
404 850
352 155
1038 170
219 1414
1325 764
543 1668
141 185
1271 705
1353 1194
1831 1808
667 1633
428 898
1432 1594
17 1847
407 386
1173 1959
586 1016
109 88
354 1149
286 619
163 293
1845 1746
868 1250
1697 788
1483 1108
379 1814
1938 724
431 85
1502 1411
1717 1242
1830 363
890 1601
730 1381
1114 927
298 185
882 1957
28 485
83 1720
1829 1837
1028 1666
851 1478
662 819
556 657
1526 1972
1522 1217
262 788
1031 597
1671 974
241 765
193 1930
1660 1081
1557 131
1126 1829
21 30
1364 1319
186 1748
213 196
1231 819
1526 950
1272 1529
1470 1049
1594 1410
1415 417
317 1992
919 841
1162 320
410 1715
1327 390
1342 1514
975 130
1296 1715
810 657
1579 562
900 1968
1007 1307
1644 1526
467 593
185 1533
320 429
346 571
341 556
1856 617
95 1797
1473 302
212 1056
1848 915
1858 354
1367 1785
1198 1054
655 665
1393 822
736 148
400 275
634 672
777 32
1813 1138
1315 500
1242 946
726 1770
1688 1964
1362 1115
1016 650
879 873
279 1489
1940 1177
1842 958
1534 1148
1498 1109
1305 439
1335 1172
1726 299
217 1809
1659 481
442 358
318 1169
1094 1501
1034 1696
1763 1865
734 138
928 495
956 8
594 279
805 607
1607 1702
832 872
934 1314
1472 851
1347 1642
53 868
1596 1144
1759 1876
858 1234
954 181
986 1750
1254 917
62 459
142 1224
1666 1834
355 428
507 1135
1923 1362
955 181
740 965
244 1208
968 1089
896 1666
649 674
679 1540
1899 995
594 838
6 1831
1800 1777
1218 1317
908 13
975 421
1614 202
1878 926
441 327
863 650
1867 806
1949 497
836 1491
1423 1279
806 856
1829 283
1213 212
1897 1775
1043 627
476 250
1588 1216
198 1010
573 1237
1265 1790
1431 1204
184 1778
1526 1451
1989 1881
247 1842
597 1478
683 298
1302 838
530 1982
985 1221
1254 1744
508 506
160 895
936 525
1146 44
941 1632
582 406
246 1692
1976 1155
1187 1319
125 1014
1548 677
1130 111
1105 1216
1219 1207
1905 459
1475 602
1289 1780
1043 423
1182 605
1445 151
259 836
1841 1984
1236 178
1098 368
178 1466
533 387
1648 742
129 752
978 1868
880 1857
1758 1038
1601 733
705 725
1541 1626
59 1045
1855 1588
1535 721
797 923
706 1341
600 1999
840 1082
1575 1287
1283 778
1925 1676
571 1048
476 468
1973 967
1606 676
121 1108
1987 188
1703 1236
518 1044
266 1436
942 1934
455 662
157 525
515 301
271 1056
1030 396
600 274
1272 283
1200 1862
1182 1516
987 702
505 840
1887 1522
1104 342
1695 837
545 197
1776 172
1735 367
397 411
302 1364
436 1785
790 853
738 526
491 120
1229 1742
621 133
640 57
261 74
1831 1481
1498 1594
880 1661
706 1268
1988 1051
410 1101
959 1285
72 1465
488 1827
666 326
369 462
1253 1028
59 823
124 1341
746 1272
1850 136
824 1847
634 380
714 97
1707 1299
1084 1430
262 345
69 1437
130 515
1451 133
805 640
127 1171
295 1996
591 643
1474 527
36 713
1194 1428
353 1659
24 1122
307 34
985 747
360 1261
63 1150
1362 788
756 674
833 1651
952 1325
1595 1425
547 597
1318 22
1328 842
1789 1784
625 383
1273 49
989 1821
812 587
873 1522
616 1604
1011 259
523 9
1768 1635
43 1499
1455 680
1454 348
384 600
750 1275
152 958
1956 279
1009 110
1294 1313
1432 411
1111 1532
370 1270
292 383
581 1496
1414 545
958 740
1815 1686
260 1099
1112 1726
1775 1939
657 1460
1115 317
423 425
1702 1097
509 1077
1244 510
53 117
1154 1417
1358 294
26 213
829 3
310 732
429 1821
790 881
1703 603
1954 181
1955 862
1785 1631
1944 503
1732 1795
1135 694
693 883
934 1396
141 1297
1812 600
1861 1335
245 1920
255 1232
451 569
337 659
497 130
307 1430
830 1210
348 64
478 537
1694 1730
983 420
1046 1628
586 553
801 251
524 1835
1812 11
732 1639
1178 1280
297 1082
28 408
691 1650
1752 1622
840 332
1095 743
1908 959
386 260
1774 690
1941 34
260 1197
369 261
1158 1182
1231 188
1344 1261
1272 881
527 1489
1157 1775
330 978
131 1579
1018 264
1192 843
72 1586
1536 823
1896 1787
1766 1068
746 638
362 1638
1385 1173
1852 215
1902 815
446 1864
1261 654
681 190
431 446
96 684
1990 740
931 1772
1820 53
1481 1238
336 625
985 470
452 1773
1676 401
43 1987
589 751
37 1616
1720 1130
83 1494
1483 776
1849 1692
906 213
1139 1531
1035 979
1588 1967
1314 630
1678 1966
1017 1235
501 1149
1162 1533
520 170
227 1738
1800 941
396 1661
698 854
1092 1234
1444 566
1840 1920
1735 1476
1956 1057
381 873
96 1499
1417 1899
1539 662
163 395
393 969
1039 1698
713 1856
1947 1402
507 44
1469 1303
1335 901
1456 1290
246 1060
758 688
1160 875
852 1736
1932 1143
1573 1944
0 1760
1103 579
292 1398
88 19
665 669
883 738
1245 440
936 41
1890 148
1740 397
588 1960
657 388
1775 522
1978 489
1488 1739
1390 1513
1798 1298
986 1212
1 761
1521 13
262 1431
144 1591
680 917
1003 376
665 834
6 164
906 444
1598 1200
95 388
691 252
1032 1189
67 1288
1947 915
914 1960
879 850
159 587
179 302
1174 692
1948 1627
91 1927
270 1105
668 1479
863 928
1909 1580
955 394
1705 263
1613 1889
1104 1952
1360 1128
427 132
1080 744
1931 375
1760 851
458 1352
1464 739
203 1912
451 345
595 939
272 1585
1852 569
1402 187
458 122
298 1011
1865 106
1127 60
451 1443
1791 1029
572 331
174 1509
814 1297
1429 1308
1062 1786
267 893
1231 1372
1942 933
339 648
1326 1340
1206 1354
1952 1832
266 357
1651 1598
193 1976
907 1619
1040 1691
1461 1460
283 1976
1670 146
330 1249
888 569
1316 1149
1034 456
1618 638
1007 1099
1963 321
1419 408
704 506
425 1377
1991 1301
1038 1987
782 739
664 1831
1933 174
89 504
51 1658
561 1240
1263 1010
1953 1538
345 33
1776 1463
1704 99
1257 1327
1392 1639
1809 1588
1270 795
1876 1121
98 1642
418 748
1145 150
468 1094
699 960
731 228
1141 1425
510 1210
1917 1893
1769 1584
447 1868
1005 1440
219 315
686 962
88 1862
1964 506
1588 1113
1113 1418
1100 1323
187 379
23 1536
392 1592
719 577
1694 822
1196 1668
1314 867
1341 1362
1806 1847
1686 1990
1966 1851
1688 539
716 194
755 9
1923 267
1345 1423
1102 972
918 28
1075 1976
313 137
34 1528
1600 1896
1794 197
1021 579
598 1001
1200 1929
554 672
769 101
923 1806
904 423
643 860
1687 1603
101 1445
1744 1507
1779 107
646 1748
111 569
1834 1132
1658 1072
1513 1313
690 1348
664 868
1699 148
627 704
1663 1040
171 1104
969 1598
129 1406
724 1725
1124 1583
555 830
625 598
1556 1777
451 510
428 1993
434 1307
1016 436
1165 1965
189 669
741 949
650 1219
1577 373
349 1591
1619 472
34 755
13 332
406 758
30 1854
1319 646
619 29
318 808
1737 424
31 438
1861 375
902 374
1787 593
1315 1495
838 181
1275 1702
384 1577
927 686
191 1207
611 409
1756 227
1257 1077
1898 1749
636 1831
1390 242
371 58
674 814
101 1345
711 1276
1163 266
1609 1411
595 1222
1025 343
792 806
732 1176
239 1855
1235 718
602 1124
1897 1673
53 1745
1680 1200
1970 1557
1581 1487
259 930
837 779
1429 219
41 1488
895 1375
1040 545
1440 1386
198 1255
982 1151
235 1492
1056 336
874 644
552 1060
702 814
12 1305
1458 1971
1578 328
903 1559
595 676
54 1316
200 874
960 835
1148 1972
495 298
1400 1788
1511 838
1882 1266
354 862
1236 830
206 1313
665 640
1480 526
238 870
957 1945
931 1882
177 513
1878 972
697 135
541 343
823 1863
552 1902
1229 1559
1761 484
1488 228
735 55
1427 793
865 1865
1135 562
1227 441
1625 1155
1424 1987
1587 1030
506 562
618 1709
1794 1640
923 1868
657 1422
1121 762
943 1786
280 760
246 1600
390 475
266 1552
1827 841
1363 1312
619 1674
1213 514
799 1328
341 1687
117 1040
1376 802
505 1114
668 1259
1140 1207
237 1745
821 1331
1336 868
1478 636
640 1821
1535 1965
1320 1136
1131 754
1491 15
1263 833
133 405
168 497
1979 1626
539 625
177 1894
1316 542
1450 411
1919 143
923 976
543 599
1701 1694
1568 1430
1525 1819
592 378
1127 1130
1919 1044
1952 1811
605 832
1355 1426
1571 970
1395 1796
1551 162
6 1124
1105 648
74 445
1172 394
24 523
6 1829
1077 979
774 1955
1942 471
1128 1409
1879 1005
144 1248
1777 716
1453 73
947 881
84 1972
383 489
1240 1566
1865 1996
298 287
3 1958
1090 553
808 1866
178 81
583 842
1460 442
1532 1132
1018 286
1823 1032
1093 2000
781 1178
221 235
1226 1463
829 1853
687 490
788 1596
969 1676
1248 173
705 992
1789 1494
1387 781
1466 1180
232 89
1318 796
197 977
909 1446
1383 1014
1827 1821
72 953
964 308
403 1837
1728 1651
144 514
1594 1983
469 995
263 1258
510 1931
963 1283
1925 158
732 675
1545 966
392 1172
80 1053
1984 1610
854 828
1514 896
398 1684
1290 1980
1025 284
1643 1783
376 1636
1374 652
1661 1761
614 703
491 10
1834 709
1401 644
1714 587
575 236
699 1017
1343 219
602 1287
112 435
389 1396
285 1715
459 1772
37 470
48 1797
780 51
356 1420
528 137
871 1149
1252 1305
1290 1904
1472 1496
809 464
1056 1675
1097 153
873 509
1395 843
287 731
736 1905
1029 720
962 881
845 1196
918 1524
1022 216
614 340
1120 508
269 322
1279 1895
1355 925
347 1071
700 1404
718 530
1988 1677
257 1277
1831 264
1773 1470
1979 372
1218 404
125 1279
1952 1230
204 910
357 1748
293 1068
1534 1069
1112 773
1028 92
988 743
1225 523
646 66
68 232
1123 821
444 675
968 672
1865 100
14 1446
1524 1720
1478 1544
1604 822
1938 1092
1738 846
872 867
200 1869
884 1190
770 1958
1089 171
1660 1783
325 692
390 41
404 910
950 1520
909 1832
1198 229
565 157
1924 580
1215 1899
1692 1098
219 50
838 1885
278 1813
1405 1707
1832 115
235 556
1344 516
1573 1305
395 630
1506 1242
529 71
1739 1951
1111 1775
124 777
1973 1850
1189 1811
955 1555
1794 605
1606 1542
1361 467
1860 49
920 669
1032 1631
1147 1163
693 1509
379 1845
787 345
946 173
1650 1577
1874 1236
904 169
1640 184
1824 570
151 1578
1645 1596
1480 1038
1591 1349
459 1045
1592 1199
1963 199
646 841
1755 276
1619 1004
134 145
1550 410
798 1619
1650 84
1968 644
604 1852
8 1271
1026 761
1597 359
538 1157
1740 524
962 1859
211 313
695 378
688 62
1688 619
1547 1563
1646 1166
1704 1981
1312 1910
755 393
1714 1675
1636 824
815 1194
987 831
64 1715
201 1315
178 1240
1383 1283
254 1078
1848 1516
19 1869
287 793
737 39
1423 1956
1128 59
872 221
1524 1690
322 825
41 525
1198 813
41 1924
634 1252
1126 1951
739 219
719 811
443 1993
686 1525
1420 789
1660 947
112 869
649 922
310 1155
518 243
1986 305
741 70
919 167
813 1503
38 317
1371 96
156 15
1226 807
764 920
833 783
156 1586
1733 964
778 1816
25 1851
816 1086
784 1446
103 126
1430 1832
617 821
651 927
1303 909
1559 1425
162 1834
655 1298
724 25
42 1822
1691 13
678 352
15 1536
1335 1554
17 1764
319 934
161 640
1759 323
1364 1296
1552 1141
239 1010
381 1222
578 1061
920 608
26 1708
922 562
1575 750
464 1386
1277 1947
334 1252
1171 527
613 1736
1373 536
1950 1107
275 1543
1764 1758
524 319
431 583
852 288
1572 1199
417 1355
1850 660
1645 326
927 890
1940 1474
1869 1119
1810 1051
1111 1752
711 1195
164 698
1323 1605
24 1773
1440 1369
480 1933
1138 323
309 1189
1244 890
757 62
263 1842
722 1524
1410 1776
1052 99
1922 377
1952 944
143 1970
742 632
603 1846
682 357
112 1105
633 1738
1534 397
335 775
1950 1617
1694 1510
911 1118
560 1095
1818 1608
974 574
1948 1
663 926
997 1995
1240 1273
340 929
1411 1297
1845 1968
1596 326
925 1977
305 1827
1604 1527
1580 1224
1846 1344
752 1423
512 579
1952 1410
1595 1512
808 1549
732 1522
634 1787
1789 1508
310 1842
855 208
1292 1481
958 1393
327 1446
329 1897
306 409
801 1144
1607 1257
559 865
1526 1276
795 1761
889 518
1832 913
1989 1114
1937 141
1183 357
1561 1548
488 605
1827 1488
1547 1621
1476 597
1771 1971
402 1144
878 962
1274 1757
211 1396
963 155
1845 450
1344 1813
654 1115
928 1964
1234 207
1187 1426
1145 1428
1856 774
1827 227
1533 616
1892 1549
1787 1480
20 3
315 537
380 1761
520 19
570 385
710 1855
287 756
1252 1694
1886 1510
810 605
605 800
443 1884
315 1380
1002 605
1136 1178
587 1492
1036 856
1481 1607
1752 75
1565 1018
583 1113
643 239
1863 742
1697 1182
1280 9
946 1786
313 846
855 1136
155 1717
541 942
1641 553
98 1849
1123 381
1311 1883
7 709
121 1147
1805 986
1495 108
540 745
1560 1215
1491 1345
964 187
1798 161
997 1200
1140 895
1524 1406
1659 1346
20 247
1007 1232
1720 868
125 503
1957 830
231 153
1925 81
815 654
279 1105
1641 907
67 703
785 1536
812 1548
195 1090
650 413
566 1159
426 1547
27 595
1264 1912
595 981
25 1755
1584 1752
1750 1798
68 883
184 326
1622 1456
1819 1136
1771 968
1932 1053
913 691
1856 1620
409 1729
941 817
253 254
1677 1384
63 1242
1985 534
472 189
1599 1704
1728 494
332 1804
1328 384
1444 979
1671 103
1894 537
918 628
194 1936
503 438
1621 851
1568 1680
1610 1578
1798 405
1846 138
115 1177
1598 1480
244 823
721 1106
66 165
102 522
1144 223
1598 89
1080 533
196 1939
504 1666
1194 28
1372 34
1105 544
11 225
851 1678
1399 930
1248 1794
748 444
222 309
358 1875
906 1069
267 49
977 1957
992 981
1084 292
175 1285
452 1639
1884 263
210 553
268 1731
59 1390
1742 1769
498 1847
82 796
1520 282
305 1971
1947 661
1156 337
238 28
522 434
782 447
1157 1516
247 1293
916 322
1570 1871
1905 822
943 1192
1327 41
1384 539
1502 696
1530 27
1091 718
1303 181
445 1716
1843 1795
850 58
1552 1744
834 1563
1466 1923
1379 1393
1604 1447
982 1586
1659 1260
956 1725
902 1640
330 1436
1989 1856
1713 252
723 1110
726 7
1682 1218
1557 285
1025 364
123 1226
1269 233
1029 906
1334 895
405 465
198 49
639 1420
1454 537
837 301
126 1309
1526 191
77 42
368 933
1132 141
1347 1040
419 1125
77 771
1936 1654
1288 788
1929 1021
1729 894
1539 351
1906 1556
951 746
695 208
1245 235
408 569
1061 1378
1135 528
1384 727
1646 1345
991 1707
1842 168
807 1206
1479 1572
1138 726
1526 1773
403 1512
1361 606
1347 1725
0 1912
702 1934
388 10
61 1660
598 1425
1166 846
223 234
335 1613
217 725
882 400
1196 1550
716 785
1080 774
273 1669
622 1750
562 1150
169 1619
1166 1813
1371 1979
741 154
218 476
1276 869
844 734
480 675
1844 577
1715 1567
15 121
633 1753
1595 231
424 364
297 878
1272 635
1565 185
53 1684
1162 1934
