5000
1051 1842
301 956
1806 1967
1317 1708
1911 42
1776 984
343 434
1100 26
1060 141
440 372
824 328
148 622
1518 1869
287 1532
1362 452
812 475
1848 742
984 813
829 822
539 1581
654 1376
464 1248
922 973
420 63
624 739
186 1497
52 1414
957 1347
455 1736
62 1756
1279 1838
680 1409
570 1660
389 594
1377 240
1454 501
338 1591
53 1896
333 232
1232 1802
1390 316
1980 426
489 230
1731 918
1015 258
1945 912
143 1870
593 1533
248 176
1561 651
1140 1859
1241 33
1688 1165
307 1643
6 340
117 95
1223 797
1995 696
380 509
518 708
1683 1928
672 48
164 301
1256 984
451 204
1548 843
680 1668
1674 1549
971 26
921 1981
1571 707
1802 653
486 1227
355 1748
1368 1510
1008 1021
69 1218
1119 1209
385 209
553 806
728 1516
1122 392
902 278
536 1987
1204 417
1411 871
1134 1247
83 1111
310 887
612 695
737 57
1792 577
1658 164
1521 868
852 255
1858 1602
587 1620
54 1894
1232 510
705 1511
1380 1074
367 927
468 1414
1246 472
430 97
744 836
893 95
470 587
1429 274
1446 591
1673 1266
381 922
917 176
51 1813
1334 438
393 1791
1616 1642
1426 493
1035 1668
1155 1179
1486 422
254 498
1618 1448
174 921
1906 1024
1605 673
908 1089
962 953
1809 532
521 1357
903 199
1486 1051
943 157
1507 1206
1826 1820
1758 1756
1081 1394
1545 994
1458 165
627 368
463 1474
202 1133
1832 1015
1991 1210
931 1496
356 176
615 1936
389 1150
1272 363
697 196
543 1158
1369 1438
500 228
711 661
1527 273
749 1410
1588 13
1405 1213
605 1729
276 1674
697 449
1783 447
835 1194
1475 686
564 1755
1756 1891
1569 725
1363 656
1032 1040
406 1705
1791 1732
1082 25
1253 671
854 1034
1111 1275
1593 1018
594 385
506 680
1616 1058
329 1513
109 709
1597 785
1858 570
566 1694
302 1898
1863 1604
764 278
158 1136
1806 1148
1057 1405
718 1039
423 1282
1589 1845
1060 1678
1282 64
1558 1918
1962 1466
7 112
1752 1197
887 1451
901 308
1697 742
791 673
1798 890
349 921
405 1802
310 454
469 408
1538 508
1332 1073
1153 870
1621 357
469 1231
1500 983
713 625
342 1846
483 1438
1422 1807
1523 212
905 1947
587 254
735 911
1820 1723
292 798
760 1643
1725 464
1152 1936
329 1768
816 1826
1965 1757
431 1221
80 1520
162 1209
1238 911
52 1627
889 288
355 1169
665 381
1420 1770
1261 426
1305 1904
594 743
1964 861
885 677
133 1555
1203 677
696 1256
264 212
807 676
1773 1637
1812 1412
437 861
424 903
1117 1096
1884 1659
659 238
861 1344
1614 150
820 257
1989 581
1514 846
927 618
1649 1501
1151 1928
1118 953
1705 105
1659 1946
282 598
856 481
127 275
626 697
650 1521
571 913
713 875
320 1523
1396 605
1631 1283
1070 346
730 1167
112 796
249 1596
1775 802
1742 1927
1455 1506
883 1529
1835 125
1485 419
314 1690
1052 1766
1697 1617
205 1988
881 2
385 984
1911 465
1003 1367
127 1949
732 1632
1668 784
1865 1967
393 108
985 711
426 1846
747 1775
1664 1115
1324 1675
1005 474
1498 1698
1193 1975
1592 1405
460 1453
328 106
1163 1482
151 1434
887 281
459 1479
1290 1626
1149 940
1103 435
899 1779
1496 1750
671 1200
1697 708
1403 706
1213 1450
906 1853
1 249
469 1663
1714 1385
732 33
680 466
287 1700
823 1078
346 1817
1040 1906
1505 1315
848 1412
801 739
782 1133
1212 84
1309 1301
917 1809
757 696
573 1812
1355 1286
759 926
387 1584
1108 1114
1360 1382
150 607
837 1780
920 1144
1694 249
492 1137
598 766
1545 1735
628 1004
551 1895
1394 1828
1946 164
314 1724
41 1904
972 1221
1986 1766
1776 1223
977 517
85 1197
1561 842
729 1155
136 1329
1597 435
208 1663
1693 370
693 980
1269 1705
1857 1361
1408 853
603 1033
1528 182
1138 1085
727 1273
612 1564
81 1883
500 1031
362 599
1246 866
274 339
1516 792
1815 1382
494 1635
1048 665
1414 1103
1493 102
877 1420
1434 1970
30 1065
1815 1977
1099 933
902 1713
1784 241
356 1852
1918 202
787 1547
1798 1073
1481 471
493 238
821 1487
68 1106
1034 655
1815 656
1995 522
634 776
477 372
1051 273
56 594
1487 357
468 1780
693 407
863 1723
1024 1050
1244 297
1111 1416
316 446
1452 1713
774 1214
1880 1951
1532 459
488 135
1566 1969
1033 653
1089 1029
295 754
591 937
1261 1218
500 448
944 1838
603 1659
712 657
1108 1721
933 504
238 1633
694 1713
1766 1436
1171 697
1966 1220
662 1581
1343 1101
944 510
523 431
1960 1231
264 658
286 631
678 678
875 672
1342 128
760 1949
984 1280
1675 78
306 599
430 733
1118 683
896 1736
1999 502
1266 1881
11 822
890 1819
1265 22
891 1360
836 1983
226 1040
662 874
1963 1196
1460 141
1423 688
1146 639
1327 1784
199 892
243 657
519 242
646 512
533 989
1700 1316
114 283
1882 1706
1245 191
932 1750
771 1900
1793 1824
1187 1316
470 1575
228 51
939 1185
1743 1701
53 1034
1690 754
1950 1557
917 486
1455 807
1435 840
449 1305
1514 314
932 1120
1137 1347
385 576
586 476
882 1228
751 606
1608 1966
614 147
434 1946
412 950
1573 1675
205 927
142 620
661 1753
3 218
1335 770
716 534
322 1281
371 1311
58 523
1779 62
71 1729
1649 1095
1625 1715
790 96
1795 332
1736 728
1445 1704
495 77
1538 780
825 1188
503 1069
8 1775
1174 712
1683 1028
223 1978
299 1994
566 969
763 695
1226 153
613 1745
1008 1779
850 99
849 1281
1412 286
1610 1080
1414 454
1742 824
912 799
1686 234
339 1182
1305 474
1387 36
1589 1463
1356 698
1743 1938
1682 1339
808 1096
145 1997
1451 427
754 1641
793 1936
1763 1288
182 959
174 1861
802 1005
322 686
1181 674
1364 153
7 380
1288 273
807 1927
1238 559
639 286
163 756
1900 1166
1394 448
365 1654
1275 1575
1314 642
1551 13
910 1047
45 983
1467 359
473 449
887 261
1670 1571
276 1933
544 602
440 429
1182 697
1731 1188
1009 1962
524 1189
1483 91
1997 1815
1874 1021
1923 1241
365 1994
35 394
1650 76
25 1852
1707 820
1596 1603
873 748
1546 670
1489 809
42 1059
571 75
1657 339
304 1448
1312 1517
485 1855
165 1254
1480 451
1401 1642
1997 21
1539 179
505 1521
96 1713
1787 608
1462 1424
525 1315
820 1124
1176 987
410 281
1090 648
78 1599
1163 1537
1783 1934
1257 103
373 9
1330 1367
1934 1979
1577 451
1100 851
1011 1458
387 460
1519 1676
274 1040
615 1295
1906 574
266 140
1090 208
566 1871
1192 197
1172 726
1751 32
1808 1329
1811 122
337 469
1206 1536
191 1514
99 984
862 513
1348 613
1194 1930
1919 1567
1105 324
1558 1530
1220 1486
1303 689
1359 1621
262 207
222 904
768 1844
1795 1426
1553 1384
693 683
1293 1682
1261 812
1610 1707
1299 1314
235 660
1644 1707
539 1483
20 1601
892 378
1447 946
663 1055
829 1967
1891 1200
219 1113
381 596
1822 1984
885 634
459 1671
788 1627
1951 1890
1145 996
1071 1918
304 1309
1183 1288
167 1660
1669 210
89 691
1987 1024
1544 1325
1981 1470
139 1416
232 751
607 1151
283 844
775 651
868 1875
1004 585
1206 364
1966 347
998 1151
1335 862
1571 23
1578 555
1738 1362
721 508
1259 1288
37 1971
1759 1807
55 167
1439 154
1865 102
1468 1071
759 380
1472 968
1713 991
1755 1082
340 199
22 815
343 782
720 231
235 1436
945 1889
562 1761
1086 1408
929 345
708 1839
1571 1778
293 1105
1904 1714
989 808
576 1861
1062 32
403 367
1727 1495
1735 1188
1606 200
597 587
979 370
1253 1534
1639 1552
609 1706
1131 915
1085 663
138 1473
539 1403
1826 1839
829 1329
100 1872
1130 967
467 1997
595 1204
1628 1098
1404 252
1755 745
1927 1653
1421 883
876 1379
581 1927
1626 1942
174 1719
440 1600
1239 984
175 276
619 1773
1487 388
1132 741
751 51
609 1122
905 88
1526 234
1758 1791
54 764
442 1962
146 216
1377 362
380 579
1880 761
206 576
1405 453
872 612
882 637
166 628
145 401
582 1651
841 186
535 1135
596 1429
1752 1151
1779 1185
1910 287
1330 1913
607 1181
1151 898
999 1941
1647 1729
1266 1423
279 1529
193 1742
253 1694
1881 1993
1078 1673
1095 850
1878 1827
172 1040
604 1331
1508 79
378 1352
976 1655
1194 1827
816 769
1754 443
146 1546
175 1669
1923 1191
1051 1184
1517 341
1221 1772
1318 966
1394 1315
1136 1269
93 1600
936 734
1690 1463
1913 1517
8 511
32 826
836 669
652 800
213 1075
1436 871
586 879
178 82
1226 788
726 1558
910 668
398 1199
1642 1964
1747 645
1606 57
364 1037
931 1035
334 138
1169 1440
727 1712
1834 627
1495 1788
379 202
1826 1407
840 281
224 1669
1816 1532
1371 1282
1944 1658
772 1047
298 510
1841 1072
666 338
1247 1610
16 1963
1724 1942
1590 1311
1745 1065
703 1908
886 1639
1343 497
585 1562
1942 303
681 1580
613 713
239 378
472 333
707 384
1131 164
397 711
862 908
1340 580
105 1730
1528 775
0 1699
1935 933
975 909
403 1499
757 340
759 1986
265 135
1726 1127
1406 1226
1445 182
837 937
197 1668
634 1634
1094 1974
295 1476
836 93
1553 1726
106 75
1482 886
1745 115
1079 941
938 1168
1284 1472
1672 1478
1535 1338
1715 1969
1839 1732
1488 472
520 1039
520 1930
641 408
1463 1834
632 857
1128 1851
74 1122
1137 1070
1412 1485
1679 84
1416 1026
882 1498
120 759
1812 1669
980 846
1219 1897
1911 492
1476 1120
766 608
1449 208
1360 1041
1713 54
555 632
984 1199
482 50
1829 1132
1938 795
1901 733
1769 848
641 833
12 99
1147 302
143 1777
326 1792
1225 807
1777 696
325 516
70 1684
968 1792
1786 1839
432 1714
1737 75
799 1932
892 1709
1357 1507
1583 1068
1798 645
60 1095
838 43
949 175
585 1339
889 1107
549 782
1467 1076
1427 48
945 966
1006 1832
1465 87
269 712
1441 1490
401 325
294 1926
1323 388
1533 606
718 542
350 1801
251 1741
1389 1679
508 451
1401 588
49 1307
158 750
261 1180
1642 1436
768 659
860 1556
187 967
1286 1896
200 90
113 1275
1028 1823
929 921
931 195
1534 1101
129 817
1226 563
1001 270
62 405
1985 1007
72 1649
41 171
124 1312
1201 1806
1438 531
1503 917
1736 1070
712 1410
359 1815
386 1004
102 276
1732 724
1603 181
1491 1745
1243 828
1826 694
1154 44
1204 1032
243 1324
753 1353
1640 1550
712 54
249 832
1016 1307
1229 935
1197 942
539 1686
1406 1032
1785 1711
101 1278
1119 1307
12 36
1140 756
494 738
325 586
17 1899
1042 372
1504 1380
1319 1283
1902 1776
897 1577
1333 1594
211 656
1470 118
1115 688
974 421
268 220
754 117
1218 94
1333 122
622 1135
604 1961
1499 824
635 1910
768 1584
883 55
1251 1634
825 1946
273 1323
1663 878
1 280
1464 1951
210 1307
440 1038
585 1479
1856 1668
685 812
311 1962
1685 378
1308 1110
478 1281
1152 1323
1382 601
1873 1730
1967 1194
626 405
1544 1311
902 568
842 1595
1187 83
1825 323
788 122
824 964
1577 1454
1838 944
43 310
1133 1707
1192 835
926 653
780 1884
1618 1160
1117 1657
1544 288
1448 316
1692 396
623 1196
722 88
1404 281
1047 1049
1319 487
1701 1399
220 1950
1902 965
555 1463
1005 1067
1024 1415
258 761
1575 1082
1241 148
1738 829
1721 1182
1600 842
1833 185
1857 1166
1886 774
1056 497
900 481
1864 517
879 1897
1650 1524
592 612
1449 669
330 270
1732 1495
1542 672
838 1679
636 442
1375 485
1069 1552
92 1976
1326 970
1142 1150
1544 1357
691 542
875 1546
47 1841
1369 1549
1480 987
291 1925
1336 1291
1120 1971
1301 229
528 1156
1893 142
794 1550
647 1166
985 773
1980 127
1690 548
1299 1587
150 667
378 105
957 811
1284 315
363 856
750 1251
1639 892
1554 430
1508 834
1267 46
350 61
1795 275
258 1728
83 1236
714 20
1459 742
610 735
1530 284
257 565
955 271
877 21
964 1375
357 995
1956 664
1523 1512
255 397
162 508
1979 1484
296 638
935 1133
1484 707
756 1147
245 1926
1084 1497
962 934
325 1024
878 1439
1057 90
1663 1358
1757 1752
1114 525
1538 1877
101 550
242 1402
1640 1270
641 1288
896 1682
1119 522
1921 1485
390 1020
342 1248
1441 659
569 1904
1495 1823
531 1110
63 919
1319 1336
338 1171
568 1050
1795 1262
1256 653
90 1777
645 1780
246 678
30 378
545 1243
978 524
675 737
1361 1796
599 472
1443 579
1102 1191
1395 1291
735 1809
1589 1524
1410 1044
215 1363
471 1086
1775 138
1948 1524
74 1413
1712 1816
424 1135
340 10
1972 970
394 75
725 1482
319 954
1541 1893
1911 1113
884 858
260 129
141 385
1233 1049
1054 167
1244 1761
833 1069
51 666
495 331
920 785
1417 1870
1041 1503
1460 1475
105 878
332 1010
1159 1631
967 1753
744 1420
1152 1882
1048 1542
1785 1879
133 1450
1723 882
78 1297
1789 1274
1437 533
141 1186
1076 378
1742 506
1948 765
252 1428
558 1457
145 1032
1684 285
1099 711
579 1768
1742 1086
1174 1875
878 1944
870 1176
594 1968
1480 434
620 1038
1029 1942
1900 1606
520 812
1232 919
1291 242
685 1583
678 655
285 667
1764 961
1405 1073
1403 263
277 997
286 502
976 1751
942 950
327 1807
1346 435
1046 15
1207 397
566 326
1850 1387
1978 1116
938 1070
1040 35
1147 1379
952 393
1207 1761
592 1165
164 1777
32 943
1466 1877
1019 791
1394 338
383 1471
541 328
203 1946
1819 1059
1817 1359
1708 445
1260 517
1403 1548
1983 1767
1271 185
889 1784
1364 1731
1015 129
867 1601
1845 1524
1963 480
968 1511
94 527
565 1848
415 1333
913 1195
582 1456
432 915
1740 580
1624 457
1374 1245
38 1150
1078 1414
1134 716
1019 1421
323 1978
1020 134
1493 1984
1153 1721
368 1787
851 1560
512 1011
600 1398
1993 1277
1982 1131
1476 956
1426 1854
1717 1271
703 1823
670 1546
1795 648
1710 586
1947 1427
665 1753
50 599
1351 1649
1742 37
968 1702
1943 359
691 351
651 1880
307 513
1135 788
814 1560
1012 764
14 603
1022 1832
782 1199
228 1890
1961 1808
31 201
707 170
877 146
755 1960
804 1451
1132 821
1810 197
1408 1410
1658 880
1814 346
1160 320
826 497
1793 1854
660 1692
1414 208
1268 160
357 161
847 221
1986 1922
325 1844
288 87
39 767
124 1405
463 1311
1994 1085
1636 991
674 1562
1289 1278
896 1458
1782 1448
1689 704
158 804
2 1023
1230 1152
1211 1726
1418 475
1008 227
616 1791
123 1399
240 708
624 262
1254 790
1156 1278
558 355
28 151
1373 1032
9 1105
730 568
122 1218
927 127
868 1388
1603 1842
1996 1538
325 1684
317 1555
1801 1737
532 796
1377 1708
934 795
389 1830
1647 780
1394 1748
212 19
1109 618
731 1339
1513 261
1328 314
507 1352
107 678
1834 853
1957 1139
1667 1381
1747 1577
532 77
453 1279
1956 981
78 943
1931 1008
1338 232
351 1662
719 1440
1710 410
1910 1713
1837 323
1325 719
1201 394
1206 982
1526 1757
1855 1908
474 944
218 744
605 1127
1870 210
1926 408
1129 609
1442 902
162 944
1064 566
888 1926
1891 1289
1498 304
1581 784
418 1097
1425 1385
1503 284
525 154
596 437
1028 489
365 1542
63 144
1473 1976
55 1058
1661 1054
235 1249
1035 956
911 1937
1954 763
704 740
600 1824
628 652
358 792
1392 1945
1252 894
301 104
1549 1142
939 827
289 1211
257 339
192 1356
1814 8
596 313
1729 867
681 275
1501 543
1470 805
230 1501
462 1001
346 948
1213 600
1481 606
571 1090
8 365
864 921
939 273
496 133
1911 573
171 1900
828 1203
1401 355
926 1422
1979 1181
1924 1942
457 1307
1978 1575
1607 1584
1720 204
1048 656
657 1489
198 263
1747 797
611 1411
406 95
1826 413
1676 530
1339 1433
1706 117
1935 81
156 1222
904 383
273 1596
1218 745
772 1448
584 484
270 476
1580 1181
1085 1563
1572 615
141 198
1657 1124
1307 134
1461 697
1915 1742
1997 10
1863 1486
681 850
1079 1403
577 1080
495 1005
1002 1665
1125 1640
370 915
7 1611
1393 379
140 959
1757 153
813 773
1250 1991
1228 199
1530 1397
1892 912
355 50
1712 234
1803 571
1095 1925
1124 1436
1800 272
1867 1420
1431 1383
1328 1863
827 148
779 60
206 859
1287 64
227 1787
183 563
1628 1480
1259 1586
1875 1899
1466 125
1392 492
322 1022
546 1712
1145 1987
403 296
1768 922
137 1057
545 1556
1772 425
1290 506
1912 1012
1153 485
178 333
93 760
1030 1213
796 1676
1223 182
1776 1844
854 1411
1545 498
809 1695
1434 158
61 124
653 855
547 1289
858 471
678 1556
1371 1509
734 860
1445 401
249 649
1141 1047
1642 867
398 18
1713 917
559 1264
1152 536
1899 1838
1336 848
1730 1891
1164 928
129 715
1005 87
287 1362
15 1760
1218 1221
1470 681
1953 325
1578 1794
923 1933
1521 1778
964 85
189 1880
472 370
1993 1327
848 1360
1898 79
856 1398
1325 1109
1866 1008
1594 1656
1920 112
39 668
306 1700
162 1888
633 1030
303 1439
926 1590
474 101
1553 58
508 1446
1913 525
1584 574
1018 132
1635 1745
630 1712
363 59
428 1279
1716 824
1159 458
501 256
1080 330
1024 1254
1025 1798
390 1239
1689 214
434 1489
1015 737
1578 568
1167 765
84 469
748 1248
639 455
618 816
1335 1586
1453 972
1088 1824
990 745
298 1728
1145 637
1017 1210
1357 1491
1645 891
301 1663
991 1500
1364 1257
105 518
1854 568
356 567
1167 1746
732 749
1914 274
1035 1585
398 1719
405 120
1854 723
636 758
1446 131
620 1802
762 1321
1309 723
1252 1940
16 1993
124 1950
1535 1781
576 128
681 1559
823 1245
88 1744
1385 1817
668 1894
543 1370
1303 61
40 691
816 1697
1521 1115
689 959
126 470
1638 564
499 1663
1732 225
1081 1931
876 1971
1452 1714
752 1114
1678 1569
806 1107
752 104
1257 1522
940 415
800 246
1735 930
1470 643
1318 1881
1709 367
226 520
101 1207
527 984
973 780
1620 706
413 1997
346 529
415 823
12 62
1108 608
592 854
1740 436
586 81
856 229
924 361
787 1393
691 629
1688 1068
872 563
1882 529
152 233
1011 1109
1487 945
1117 1816
1617 1455
435 398
1125 1815
271 580
583 623
1906 1185
410 352
557 1579
783 817
1697 1209
1219 264
1994 1223
1162 918
232 1409
1451 1749
204 614
1477 291
1811 401
454 483
1891 125
1022 934
1423 612
964 1243
1415 601
927 1303
1513 312
1900 408
1226 882
1164 1521
462 1938
1135 359
537 1910
1249 1287
71 838
105 540
558 942
169 182
542 903
643 1979
573 462
1188 1462
1711 1031
1634 859
400 708
1801 1645
1269 1040
59 1400
1861 737
1175 1710
1766 1206
1666 219
1102 1598
1750 782
1674 373
1809 421
1636 1497
1582 762
1319 510
809 1903
837 1388
1365 1354
1478 109
1894 183
670 1944
1698 317
543 1049
722 1432
1246 975
1723 1663
217 431
1848 340
1862 125
1155 1925
735 1497
211 325
342 1824
744 824
1525 164
1072 795
980 927
103 319
513 354
181 940
1443 1547
68 1143
1111 1378
903 858
1505 1104
563 472
1848 1385
1921 1029
1334 958
1567 458
1930 1842
1388 296
1041 1867
1750 243
650 119
1809 670
1719 394
413 1277
173 1907
772 273
791 1538
998 1931
93 1524
1228 1125
987 672
646 1324
1812 1480
643 703
153 1402
1644 1251
1476 231
683 73
783 250
1916 637
1874 978
1856 1570
813 1781
1822 1259
1237 1619
1223 336
385 946
506 1965
19 1087
1309 1529
781 1615
203 1586
1096 912
1290 1828
1126 1148
1252 780
792 713
126 296
37 1599
276 662
210 1177
258 1984
662 1471
1755 1765
853 754
1050 78
676 500
925 498
1277 1123
1464 735
305 1654
1194 1554
948 1679
1038 550
1447 1346
20 1315
1770 582
1693 126
1750 1385
1222 536
102 828
995 515
1705 1355
1910 1309
884 1027
875 431
227 745
1355 1577
1225 1590
224 478
386 1129
247 1496
1949 1356
33 17
1388 1600
1902 1683
499 1413
1960 1624
1410 1876
1011 363
949 287
1444 1058
1774 1243
837 486
1995 1354
483 349
1113 1309
1996 516
1674 1482
787 7
1624 246
1328 1731
89 692
347 371
819 1503
485 671
1416 402
989 1019
1392 1711
1580 387
987 1850
1997 1518
658 158
867 366
752 269
1834 1468
286 1231
1012 1874
573 334
1124 624
1660 832
1646 1918
1738 1244
750 161
121 1267
1782 656
317 1918
560 1868
342 1074
376 1281
1613 236
1987 1648
1423 1789
447 1194
708 1720
560 77
1289 1787
60 757
531 493
370 1132
1566 31
580 1095
724 1128
213 200
1874 473
1331 678
742 452
1331 782
710 112
904 1606
1092 1447
853 225
238 122
1794 982
1524 1429
291 446
754 1321
1862 669
599 775
1839 1334
661 756
555 877
204 300
1289 587
441 1512
1020 409
114 534
1126 1095
83 22
323 1742
1224 726
1827 1370
1280 1824
179 531
1649 1400
1014 949
929 868
1138 1315
1414 70
940 796
925 262
1761 1738
230 1958
1936 303
202 443
535 1287
963 1628
306 1555
1444 217
1488 1070
1424 467
1319 1766
1082 1755
1903 1452
642 741
970 679
1730 301
639 584
613 1547
1293 1264
828 906
957 846
1012 497
880 1507
831 1951
1567 1512
501 1312
556 1523
1294 588
1613 1930
1600 1782
1629 1619
1877 143
491 1874
1428 1240
664 1823
1032 1629
1259 1164
1235 1131
922 590
33 1627
1881 1820
1881 1959
0 108
1203 1270
1754 1818
1160 871
1854 1640
703 924
631 1457
478 1171
1473 1210
1767 928
1314 554
781 413
1560 1549
1813 1804
316 344
503 1145
1592 414
407 1484
1995 310
1986 1751
1395 1136
786 1641
1886 1579
782 241
1380 1377
1556 17
1612 1152
1048 195
1334 255
812 1599
1109 881
1165 733
691 1175
573 1385
1009 1597
9 1643
1534 1189
1664 329
124 1055
1947 1134
1100 1098
1697 589
1899 1028
332 562
1288 1421
1823 1139
659 1243
1622 943
856 1415
1294 1039
1331 1075
1968 660
1581 700
1939 945
435 598
1221 1014
806 1873
1007 1566
1742 1816
1651 1609
1087 664
596 447
1807 1400
1746 209
1033 1156
1555 250
1489 579
954 240
1431 1024
711 711
64 307
807 1944
402 14
510 548
514 548
1627 1576
501 1120
795 1186
876 731
1471 1165
921 1873
369 977
1022 891
1414 1707
1874 366
1402 486
1153 1020
374 828
716 684
488 650
344 838
1405 951
634 536
1072 1959
1242 898
842 1361
1645 988
714 660
1421 216
912 1659
310 1918
213 402
800 1268
933 1847
1124 876
654 654
160 1831
1451 1105
86 1931
1597 34
802 173
276 527
1206 1894
366 1054
1426 351
1199 1967
967 1918
572 1710
1107 1531
1716 69
1841 1937
228 1648
949 144
1744 1726
1242 577
506 583
732 64
419 1352
882 1100
740 1838
988 1798
1395 1357
1767 1436
861 455
1906 887
47 1616
962 1972
1936 677
1408 1342
937 178
1279 1253
1083 1364
1423 1283
1392 1820
1193 43
1550 1792
1255 1254
60 368
1311 1267
1999 768
1982 545
1449 3
878 1562
1142 776
649 1265
645 378
727 987
179 316
872 504
1167 950
1292 1809
865 128
22 1921
153 461
694 117
793 1161
462 1107
688 549
124 1859
209 1527
1469 1884
1406 888
815 1975
1484 1583
365 594
600 1102
1557 1104
1019 163
142 743
1484 1151
521 894
1414 1151
1571 782
1043 1423
528 1353
1514 1231
69 1068
457 1511
895 987
1588 682
432 1843
83 1160
1632 577
1970 1467
1692 454
1829 171
1158 1408
922 1385
1882 1099
1674 1165
1901 885
86 1716
882 1169
736 1048
599 1860
360 1030
160 526
597 1896
881 553
1644 1050
144 1463
658 1514
685 208
66 1846
1296 912
839 701
301 380
703 187
1601 590
1007 442
349 18
1456 405
1731 354
16 360
644 1183
342 638
1814 648
254 1504
802 1131
552 539
1638 562
1239 1252
1495 986
1059 1088
1550 179
1389 896
1354 750
1895 1061
861 1714
1099 237
1304 236
1218 865
1474 1348
579 1716
1208 506
371 880
1228 1112
1778 1040
595 1656
556 1564
270 1241
1051 723
1668 1059
704 1334
696 1608
1349 1622
988 628
481 1438
1425 614
630 1967
187 1197
1802 159
572 813
1785 1476
1199 614
1654 1826
562 1806
1492 1544
1752 964
1584 1413
1846 629
994 1193
1115 943
1370 78
453 1775
413 1511
717 511
811 548
734 157
1179 464
1342 837
1673 135
14 232
818 664
1891 856
1273 3
1348 672
602 1386
261 799
295 1712
610 971
1784 1057
1627 1264
146 519
1898 1191
4 1796
716 1564
526 1725
1034 851
1659 62
1861 528
1036 550
1114 880
1187 475
760 1701
1879 1262
374 650
1688 554
381 1851
1471 1575
1986 1921
833 143
280 228
1425 462
1918 1438
1379 1302
1280 1731
1145 355
671 1284
1655 1728
359 1478
1060 822
834 961
1609 43
126 737
1395 1792
900 1376
182 1885
1365 1471
535 108
623 1017
175 1303
1167 117
1869 1956
1551 423
1270 539
894 523
48 240
1395 1343
1214 1714
363 1773
1052 1905
1816 1046
1002 1011
1807 654
1803 1154
1928 1931
1690 939
1597 1453
1883 1175
180 1615
558 1331
1819 1827
1482 1456
1749 1288
1918 1916
1316 894
1324 443
815 1697
502 1085
1563 214
1104 1427
1134 1721
1124 1694
1301 1
1712 1415
1643 1968
848 1355
1448 85
246 183
1559 1796
294 1772
226 437
1420 1271
1330 208
1446 503
481 3
1465 639
842 1538
1642 428
1671 1477
1913 1936
1679 1576
1836 667
1656 248
1808 617
189 245
1946 1831
293 600
1318 1457
1090 1619
634 1559
1798 1
707 444
1272 1331
1421 1376
692 934
1317 1083
1415 631
390 1242
1514 1445
689 1890
1571 1907
494 1745
1123 152
189 1689
661 1383
440 1224
1649 1119
1229 922
1096 1124
1383 1718
715 1871
375 1628
1966 759
1831 1218
493 688
1120 741
1085 747
1793 31
43 446
1305 1104
1434 254
1355 923
822 196
210 1404
301 1613
128 1370
690 1188
1751 1795
762 1065
1445 1727
1326 104
1397 631
1021 1873
761 1147
1771 992
1589 354
1284 511
1290 465
1806 1238
1932 1729
897 190
1137 1535
854 97
998 116
1820 324
1787 856
1976 907
287 1370
198 480
330 1191
1861 1170
949 228
118 1253
742 1591
58 1786
375 550
1432 95
85 1415
550 295
1555 654
110 159
448 709
1280 1311
369 1656
887 739
1463 1808
1997 118
740 1152
817 764
1024 95
302 193
681 1131
369 1048
1317 1767
463 1750
301 389
1364 789
806 757
286 1720
1283 626
1014 1959
1445 198
595 819
30 318
1788 1665
777 1430
631 320
1919 1287
391 61
741 672
1695 1722
825 66
1848 1903
465 1990
992 227
1835 898
1122 1609
669 23
913 541
1799 483
1698 970
484 340
1404 661
1937 1843
1408 202
584 474
879 500
770 1853
1645 534
1564 705
1846 1836
1056 195
1059 154
49 1378
1090 1254
1763 525
1195 128
1697 1725
338 303
38 565
717 1991
1178 19
1447 1823
1056 619
1298 1015
1125 1821
1727 460
727 1021
1298 853
360 924
1838 325
1281 622
1770 1940
1593 193
461 189
818 370
942 271
58 501
1575 1338
1640 994
1089 1324
487 195
58 910
1172 826
1801 1432
1800 5
654 191
1591 1123
934 1019
1338 406
458 1792
1076 542
1503 85
1168 1117
1771 1470
1068 1797
280 1525
626 486
880 1499
380 613
238 1102
984 1729
1948 1578
605 95
1431 221
30 1887
1054 1731
886 1189
384 280
1865 1389
621 1835
1898 331
164 460
1637 1853
1879 1755
882 309
335 1012
1436 961
1979 284
395 931
1164 1205
1801 557
423 768
1 1851
1386 939
4 1793
738 654
1263 845
271 439
279 1969
619 1213
60 59
1091 435
1788 137
474 852
1839 1303
1694 727
466 1143
491 277
1287 1255
1778 711
1737 1091
568 389
616 4
1664 764
245 1968
1443 433
10 236
1762 1082
885 1611
348 1501
852 1174
1360 1702
1325 1020
963 305
209 1834
1982 638
617 1636
815 1712
1998 793
167 367
876 1341
299 139
1741 567
1060 198
1945 273
1325 1613
1067 681
656 65
1045 1712
651 1189
273 916
1986 1085
351 1083
1603 1422
1027 118
762 164
1390 590
1758 1851
195 1427
1759 1792
460 818
1577 1007
1332 155
659 815
346 1458
1525 633
1607 1972
731 1962
1488 154
948 415
1984 543
1024 1187
223 709
1715 1888
1408 585
294 1773
1040 1638
1773 699
518 156
1052 1794
409 1976
424 1552
1085 1812
941 1009
281 1127
1310 39
1975 1619
1345 571
326 693
341 1384
1394 1059
1978 281
1590 985
1739 1230
249 1550
179 271
1904 272
514 269
514 1724
1738 797
949 630
858 293
263 1449
827 689
209 1755
396 806
1986 1314
627 1977
130 1007
758 1126
1508 450
1932 213
1719 1095
1397 1407
79 1303
576 1372
594 1618
508 1690
199 1357
1117 1853
133 802
171 218
459 1697
1658 1302
1934 1448
1473 906
421 1662
819 2
1350 1180
1816 929
1009 27
648 874
319 574
960 1468
490 359
1809 372
1841 843
1298 1313
1801 1271
215 4
1458 192
555 937
1832 1774
1049 318
1904 1029
1176 647
277 1723
1348 947
1412 572
1010 1500
402 1532
1747 718
881 1718
98 237
1941 1587
853 586
1680 1073
249 1605
1154 1957
424 171
1527 1853
763 560
309 1573
276 18
1053 1224
869 1817
1358 1453
59 412
1391 72
1537 1346
1635 1390
270 291
956 1156
150 549
725 571
266 15
760 601
1094 8
530 82
367 86
1467 385
1599 1976
232 436
1697 219
671 736
223 1999
1405 1058
1271 5
1385 477
351 752
593 1248
689 69
1711 1043
508 1011
1405 697
541 1222
46 1811
1526 473
1424 1105
1498 1103
1074 753
968 44
1558 1869
139 508
268 867
1928 1038
1128 294
1510 1093
1117 1170
1011 1310
1663 1064
957 1471
162 1457
747 949
1729 305
1573 1066
1442 1182
700 194
1754 1124
1668 131
1599 671
1948 181
818 1110
604 1893
1409 1825
1730 1321
220 988
412 459
1080 1257
94 1270
1865 1387
1144 1825
1150 827
819 1833
1290 1910
1140 1580
567 196
1703 695
662 1575
272 1983
957 1158
802 1288
830 618
174 717
382 816
630 870
1846 1467
855 837
1129 631
1082 260
291 406
1266 469
1762 1397
924 559
496 256
278 1889
1289 1190
867 354
1987 1136
1412 757
690 1518
1518 826
142 894
1310 752
1287 373
1702 1399
1299 72
935 196
1964 183
727 872
649 295
833 1534
1654 1161
1838 407
691 1156
1089 279
852 1903
137 1027
754 362
1922 1798
891 1406
158 260
614 1444
1766 611
1124 1934
1942 1497
1698 754
877 224
96 1304
1733 976
347 1551
1847 74
716 1753
866 920
1424 1121
28 763
1314 249
605 1053
546 782
1520 596
1988 595
266 1200
1312 1911
1278 276
117 74
1914 522
398 1882
1273 1395
1267 1026
714 1042
1937 1378
449 808
750 550
1919 1440
14 770
750 8
36 620
1578 834
712 908
1839 826
509 57
1794 775
832 100
1156 158
1213 1251
1116 870
285 828
1466 1507
1950 1680
988 1268
1510 841
1921 1392
793 1525
1704 1248
1189 222
1253 1676
312 87
1253 762
534 718
507 875
286 1003
1862 816
821 897
1595 1192
1458 1981
1850 882
1233 235
1428 935
629 1559
848 454
572 11
516 255
1793 751
1225 1414
1351 1978
1981 1641
1164 787
415 1286
915 560
130 1461
451 1022
34 1911
1240 1252
215 558
778 1500
1804 1490
360 1305
1390 1590
1193 1130
713 196
394 1275
1917 240
1801 94
656 1881
137 567
699 1232
1648 1818
151 1603
915 298
1288 1052
866 1591
453 1594
1202 688
938 608
596 1238
1909 1643
3 819
2000 975
845 291
1647 205
1595 1832
1905 497
816 1501
257 377
668 998
637 1354
1414 832
1149 509
759 643
655 1123
320 1431
750 1678
790 1230
807 453
665 521
1545 576
1055 1333
1713 1371
1282 914
1394 1647
828 486
389 255
1113 1654
1733 1325
341 1810
587 1538
1005 580
1943 1571
416 1420
101 25
1193 1535
1501 993
1309 95
1864 555
1394 1252
1270 927
701 805
1780 431
582 778
1781 842
647 1448
95 151
1556 805
1073 1719
1395 1566
1891 1256
572 1320
559 191
1087 1307
843 136
929 1763
1910 977
1435 943
1817 813
1663 1819
1145 1171
1002 565
912 1397
1483 1213
647 166
1146 66
1307 1842
1463 737
1978 1708
1518 678
838 280
1703 1415
858 922
1415 586
1725 8
1577 103
382 1779
218 840
1274 1675
125 1952
158 171
436 357
1921 1352
720 210
1613 1611
707 611
579 1994
589 856
1774 836
1491 1418
1472 1483
1295 1056
1638 1159
365 1818
1089 1635
1752 117
242 1271
1551 871
1681 975
612 653
1191 1826
1183 285
1638 246
1290 562
526 724
358 595
85 198
485 1026
644 1880
240 546
1773 1153
1289 1573
244 246
1811 100
873 1407
1962 853
171 965
1462 558
1328 20
431 1767
1503 299
769 1980
1108 721
1845 747
691 783
1948 512
1746 1617
1203 1433
950 1041
273 947
1143 1214
574 1902
80 273
420 1367
1530 878
1156 1486
1628 1020
970 1282
1143 295
139 391
1655 368
331 1548
983 481
139 1902
1725 1600
193 904
817 160
63 477
357 1836
109 1324
758 1304
1157 1603
1898 1799
1596 275
1327 926
756 1763
1780 874
1407 904
1932 1545
869 746
1535 1362
1767 921
1003 395
1763 1111
631 1476
1056 1235
968 693
1595 1166
1057 851
1105 556
1402 1576
792 997
784 1802
755 1511
481 234
1152 273
1581 1812
730 1134
992 225
392 1223
1880 326
69 1804
1966 1697
701 27
592 1586
1632 1830
1288 538
991 1336
1349 672
586 1050
1918 1602
1914 1337
545 119
1929 672
1152 1232
38 287
44 242
362 1636
1272 103
1577 675
385 556
973 535
1981 1665
1173 243
1552 210
1346 1821
1945 693
288 797
1716 32
548 1334
421 1136
615 1334
1982 949
1075 1954
670 988
54 1462
177 129
1160 883
1598 1256
256 1250
1057 224
833 684
921 903
849 1041
1788 1272
1218 1748
1948 147
593 1042
1727 554
1737 1244
187 373
208 410
1046 978
1797 1227
1247 1638
1777 560
1072 394
788 1092
389 295
133 1117
1488 315
552 1056
1590 1480
1475 775
1671 367
983 656
278 151
1049 169
1141 1247
269 1775
1886 967
1484 1629
20 440
584 355
820 957
728 904
213 768
1416 1004
1289 911
1034 1119
1868 1551
1200 1765
825 722
840 162
1357 1427
870 902
1860 315
1847 579
1583 534
752 839
663 609
1488 700
1924 1890
941 434
360 1491
405 1744
605 1937
593 463
1776 1382
717 545
1957 1735
795 988
434 1437
1894 1784
1517 1716
755 320
1615 1718
1726 1358
486 367
1196 0
1009 600
18 572
1742 1705
1686 199
1951 359
1655 1083
923 934
1922 1510
1200 1072
1365 1086
1115 875
264 1490
1253 1004
1263 146
1770 700
420 1851
1027 696
504 1631
1726 1879
1064 1184
1249 803
572 1647
1225 1362
963 1283
438 757
280 352
1676 1087
1047 913
1775 1763
83 1946
932 1730
955 413
1114 1846
304 996
1153 1814
1138 699
1895 744
1530 82
613 1351
1125 1831
1255 1363
1532 615
1933 1453
1561 1960
1358 1483
1832 264
1011 1553
1972 1730
1317 81
1395 496
81 251
1831 1548
169 427
1488 1186
860 1949
1263 418
1999 577
86 1807
1052 285
1538 1141
294 1699
899 1405
1200 1907
639 351
243 1876
736 660
834 1657
226 1668
1791 1927
119 196
703 7
249 755
727 1789
179 491
1508 1075
572 1163
1854 1088
1364 489
1977 1138
977 254
1810 499
703 914
128 1492
734 966
1693 152
473 1576
1418 226
1564 856
807 1825
1498 1187
1509 909
585 482
1275 1434
1151 1247
1975 1329
1043 818
1731 469
1873 1908
206 1051
485 12
263 1770
305 40
100 1127
190 1428
449 1291
1904 1645
551 1615
75 274
1471 101
815 262
1229 1167
941 1947
541 923
422 1515
1528 972
1680 1679
1226 1282
1680 311
482 1869
1554 909
1195 1716
994 386
1856 1720
198 1998
1826 1777
161 1718
421 1511
34 1805
795 966
1707 605
785 871
986 1813
1820 1026
674 670
1205 1441
853 1388
1136 1457
943 474
531 1888
1450 1763
175 1627
1085 957
447 1652
2000 1324
826 857
1397 1931
1110 979
1127 1333
1811 1092
858 148
1624 978
338 1034
1476 118
1331 1063
1159 258
237 1859
564 91
1446 1270
1573 29
52 804
1113 1342
618 1947
1827 1384
1536 149
1678 729
993 1968
267 1936
1334 221
107 1207
465 1537
596 1365
831 1144
1979 937
114 138
1378 487
1990 1214
891 87
1376 774
765 1535
1840 149
1854 595
72 1930
1184 1014
1874 1591
631 1135
777 1427
65 1710
384 168
1607 1565
997 805
1302 1161
414 133
1002 1994
388 1313
852 856
1701 1817
878 1077
1945 1791
253 872
140 151
762 420
571 938
1048 131
1016 1753
1403 1442
510 929
1885 137
1379 923
1760 466
1333 1611
1333 1330
1453 458
834 247
1008 642
1382 1681
1637 768
1492 747
1430 430
1984 583
478 250
1217 671
150 1252
930 998
1621 261
29 131
1309 586
435 1814
238 768
416 1973
401 52
1687 143
1304 1939
18 639
684 1002
193 1535
23 1292
915 760
694 1523
883 318
988 1667
278 444
1472 16
189 146
193 1825
1502 979
1044 1754
1970 992
552 1757
1759 1322
674 705
1284 1242
1041 1321
913 10
1576 437
780 488
81 715
10 179
107 1370
2 1241
1866 532
1215 403
980 1767
1584 1732
1815 1802
65 1746
561 684
562 1373
940 198
1463 892
1563 432
132 108
1663 94
1373 696
1927 1021
1872 1140
1776 551
412 666
8 1172
811 391
600 1321
788 254
266 344
37 1268
1259 1419
849 1911
831 1032
59 698
14 481
755 1671
1325 1
567 1206
939 304
1789 1109
1356 260
766 1942
1066 1312
68 1360
103 344
64 1290
1399 1067
1137 942
1729 558
1492 1048
484 947
1595 875
1741 170
1814 625
1084 333
1070 209
1210 18
822 1098
431 1731
1765 980
1330 1424
866 402
346 131
752 1571
769 222
1511 1282
1664 598
677 825
1531 1001
1921 1960
975 1504
722 599
1256 1217
928 45
38 156
1862 1447
800 1052
1201 1961
488 777
265 524
563 22
925 1293
1922 1991
409 1972
914 662
1098 1948
1636 1595
35 563
1981 1203
1553 1864
750 593
223 785
1824 566
221 1834
1480 676
961 1943
1753 1358
1611 1275
1750 804
701 606
738 1581
1715 1930
1174 72
1058 1781
1710 246
1084 26
1712 384
1804 692
12 366
788 203
1389 702
196 410
1002 454
778 1187
595 1057
1085 17
1051 1566
452 1505
1742 1998
180 1349
1122 1149
1502 1569
158 1313
240 823
50 1320
1209 1677
115 1141
1872 1161
953 396
450 459
306 1605
736 299
444 1629
1224 1666
506 760
1961 345
950 211
1085 1206
1660 1779
59 1443
865 1463
1473 523
545 1555
1244 1704
1907 1720
527 1000
1858 1327
164 1899
89 586
963 1998
1010 1365
778 934
791 1351
1177 1634
982 779
1746 922
201 319
1383 1113
1151 138
1909 505
540 251
1053 825
1448 1428
130 1354
259 537
509 983
1820 610
1622 1514
358 881
1581 896
1902 1763
186 1712
1450 577
1046 1860
1514 1629
1407 1028
376 1884
1221 91
1875 1201
1248 1286
609 841
893 1758
1493 932
916 1032
300 1643
469 390
1543 124
1267 1137
154 160
1632 210
1786 1613
1857 1335
1363 829
438 79
954 596
771 26
757 1813
267 1787
293 882
1013 963
1603 429
62 1204
1194 898
928 1303
1879 1233
1016 1976
1638 1010
1556 681
1195 644
823 98
1598 297
958 1677
516 1018
1686 1666
983 803
1374 1312
1625 1175
406 1184
1952 1202
721 863
735 821
170 418
687 1041
1315 382
316 1290
382 1254
726 808
1599 98
618 732
971 191
1874 1864
261 948
1544 1564
523 567
1635 444
1460 174
211 1707
1153 788
226 726
1445 743
1663 1622
961 472
1411 727
568 1775
205 187
1660 1615
1153 130
1586 1493
804 861
914 296
548 567
821 1568
293 541
177 872
1690 1689
1100 1530
685 1722
1824 1688
1092 125
857 841
1338 1942
1746 1702
960 1107
1391 730
1611 1730
1687 1067
945 78
1637 1094
879 1079
995 817
189 0
169 991
613 1433
978 917
1479 736
1802 1632
1470 673
555 123
711 1672
1515 675
1821 814
1729 405
1705 1155
1542 1572
290 676
698 1354
872 611
311 1360
187 1769
1187 1603
1332 781
1090 570
533 536
940 711
771 915
1736 1496
1085 520
1625 1659
130 1388
1809 1719
502 520
312 1835
779 849
570 1361
1881 796
1155 1131
353 71
1262 1328
1405 100
1552 1506
18 1736
214 998
10 1403
1326 1137
723 1147
859 1127
305 1743
1928 38
1891 771
420 650
826 1141
521 325
582 978
1580 1247
180 371
28 1065
509 1607
234 164
1017 197
750 1999
994 1891
1674 474
1492 861
1763 1599
137 565
1932 875
877 1252
989 1575
1283 929
645 1405
562 1008
862 68
1014 172
1206 787
1803 1198
99 254
215 744
495 1811
1633 887
260 691
1270 1559
1281 374
1243 1298
411 1850
1711 1733
492 1189
1039 1999
1236 1758
200 758
845 1006
1077 22
289 1625
289 303
1259 482
1557 427
271 369
514 1780
242 917
1747 982
1749 15
1443 1240
282 29
1021 476
1506 104
1722 291
1237 910
631 1871
1587 1540
1178 433
273 1628
197 1518
812 979
572 602
1483 1549
519 864
750 1254
374 816
871 837
1624 1716
1368 388
1386 1406
719 696
264 868
1950 587
1629 323
341 871
1558 1438
1983 984
1284 418
759 611
983 1943
1018 579
1075 1214
180 1340
1847 827
1382 1828
1901 1344
1001 1471
557 415
1425 1471
989 1004
1903 378
1623 1500
1893 1458
534 358
125 777
1977 363
1503 926
858 1423
508 711
1306 1669
1661 766
1285 174
1097 1463
1167 1919
1869 904
480 1871
213 1321
654 1405
1647 1224
752 330
1838 1055
1255 1181
82 560
1985 117
504 589
641 588
722 1508
827 634
1134 1488
163 1523
842 1889
1044 517
1391 492
1964 1562
612 743
627 44
743 1212
428 1856
955 1429
1123 1075
437 519
1139 1594
1037 1429
1860 1135
938 876
1225 604
498 1441
729 746
1210 756
184 1769
1186 1627
610 1469
809 419
1894 1892
1662 30
1749 1434
1338 937
360 1684
930 766
98 552
1676 410
685 1003
1013 1155
900 1898
268 1223
961 385
1314 1661
1164 352
1997 1629
1579 76
1710 569
335 412
307 1208
1867 20
247 535
233 1245
955 1826
1073 236
1940 1341
1823 278
1296 1204
1333 1053
1710 553
522 403
1947 933
530 495
1112 1921
439 279
1500 805
222 666
912 1000
1772 545
13 1559
910 1414
1638 1690
972 243
662 1306
137 1368
1054 1911
1535 1962
1938 1341
1818 1869
1282 1517
1938 1325
688 209
1020 453
339 961
1141 146
1326 704
1176 466
324 1964
73 1131
1324 1019
1140 195
1022 1192
1498 1184
224 1535
595 708
1015 832
934 116
348 308
1676 261
718 1128
768 688
635 1139
1502 421
233 1463
1349 1187
228 762
1582 1711
1029 1557
835 1196
1144 304
164 633
370 1660
902 799
1749 1979
1194 1563
65 541
1404 1898
880 275
1916 729
808 210
1247 916
550 1842
951 1246
24 1514
529 1044
1169 1458
1574 1771
1956 127
1391 1004
101 1608
443 99
1552 1889
674 350
724 387
1586 481
503 1788
1097 226
530 1399
462 584
1160 1403
1386 1253
1677 670
664 222
1480 1605
1426 762
1311 252
458 825
254 246
775 1368
308 1460
43 1437
1536 792
1403 149
1659 1824
409 394
27 6
811 1539
1685 1123
1511 1617
1902 1531
1464 714
274 1660
1672 1928
1823 1409
1825 1650
398 256
1584 837
1187 1336
964 1343
1610 1335
1496 656
1851 1360
1509 1971
1512 541
1535 1559
1215 552
1790 1060
1231 1708
730 587
820 501
0 512
1432 1721
644 193
969 1611
1602 1525
1387 1835
1517 942
210 1194
1606 708
1715 1174
860 1201
1157 1228
175 1829
1525 873
1751 779
755 652
1010 1024
350 451
877 944
1390 184
1018 525
721 677
411 562
1731 1506
178 261
335 1927
558 808
509 859
316 1079
496 1073
438 1143
1014 953
855 1641
1785 1788
1317 789
995 1697
686 1664
1233 243
808 1365
13 870
1254 239
1656 846
770 28
5 1354
1419 587
1924 1304
1331 630
572 578
979 1779
1420 363
1819 1531
123 515
900 1383
496 1977
1942 1302
1013 1815
639 1690
1758 1773
980 1071
1569 1894
34 1280
550 196
165 553
1438 353
131 1182
1151 810
713 39
1436 1381
750 1362
958 1826
1683 238
280 1753
323 1953
847 1137
629 843
465 1540
99 1191
1774 1014
870 1714
997 1849
484 1436
1110 1220
1711 1640
788 1309
1684 570
1959 1021
308 1647
1078 1410
1824 577
1535 1862
1687 982
1702 1492
340 551
478 287
819 76
209 1191
1916 444
34 1083
1524 741
238 871
1171 1364
1191 875
1555 744
199 1918
1351 238
253 972
1447 996
894 1525
414 830
0 627
1492 1095
537 1540
1955 1428
873 617
1689 1073
437 1592
130 1520
389 1822
580 444
1808 1812
1034 234
243 331
944 1652
1226 391
382 1992
1181 280
1196 967
1174 686
593 1790
729 1263
1982 1184
102 691
40 920
1332 251
1051 1354
215 949
382 1523
145 54
1926 170
519 732
1601 499
1803 206
919 658
1869 1768
1911 143
882 566
789 1364
1574 1822
675 192
1668 108
983 388
275 1854
599 1113
1715 30
202 1941
1464 1895
632 568
346 800
678 426
1528 1230
148 1300
182 819
41 159
1558 681
1103 1309
1845 298
1593 613
186 1423
1530 396
1887 123
1071 188
532 1643
657 674
414 1702
1486 338
683 83
748 377
13 544
180 453
1226 1581
847 1189
699 838
1458 641
114 1483
906 389
809 610
174 1718
581 101
1174 1015
631 1063
1332 502
1313 1521
412 1546
1244 1384
583 1015
626 1954
1248 1789
1969 1899
959 1524
612 1239
1490 21
1303 417
534 1913
94 203
1026 1514
15 1818
724 1690
908 171
59 749
433 1480
1947 1959
260 1398
1374 1301
697 744
134 284
1713 1603
1851 491
1352 1036
549 1535
385 880
941 1359
842 1671
1925 1671
789 198
730 1652
1121 284
1236 752
1622 1416
1869 1628
1142 1681
1268 859
1820 1390
751 576
1981 725
1200 1594
458 1201
1835 553
749 1889
1302 82
1501 818
640 1948
1391 1061
225 19
1821 1227
82 1843
1497 370
746 336
190 985
398 1949
751 1689
147 990
1182 662
97 406
1236 1027
1084 703
736 206
1921 1437
678 1315
1000 597
1684 1693
1306 861
591 1959
1740 33
1334 1463
1402 1676
1131 804
1894 1572
1625 1991
1043 1086
975 1154
1187 1602
1637 833
1143 136
834 1672
1755 878
1955 285
212 1313
572 1018
1505 355
157 934
20 131
1198 1390
1849 1367
1828 160
851 1534
7 811
626 1356
1436 530
429 1140
1924 1338
1697 876
1007 1604
1360 1155
1972 1560
732 48
684 1584
227 1627
999 111
714 256
1835 151
1761 1865
1939 1847
379 306
1656 1234
1213 745
1160 1552
358 1520
285 1681
524 1421
138 476
1067 1650
382 1225
708 1106
1097 1997
1696 1267
1737 126
1073 394
676 158
585 71
1327 1889
1740 622
557 917
128 1199
1582 1475
1350 2000
72 602
26 1109
579 953
511 776
349 439
262 97
488 50
1690 301
859 1556
1066 744
117 361
1445 912
119 1742
1197 1536
1018 80
1997 281
730 5
1102 1454
346 1969
912 1330
1370 1681
1257 1680
837 944
687 1491
1481 1705
1529 209
1683 1035
637 906
1935 1564
443 1047
42 980
844 1537
978 1183
1832 824
1327 341
1833 1046
1655 26
975 1964
5 398
939 1088
28 1284
677 1085
1318 212
87 1490
698 5
1063 768
1047 9
801 1543
149 44
1810 1692
1873 720
1511 1405
242 683
1373 1335
1363 650
1453 1806
119 136
428 1124
1779 1559
656 368
701 1092
807 564
1466 760
131 117
118 226
1760 1600
1710 854
230 1239
974 992
170 141
1824 960
1961 1474
255 241
602 1357
1137 8
714 1116
920 1
1209 429
580 1994
1825 1357
142 771
597 651
1199 1994
1526 785
1706 404
828 1400
1153 1427
1093 158
1991 1452
1350 1196
107 1258
5 72
1294 1371
9 1977
1206 1595
168 229
592 1497
381 1014
1970 616
821 1234
1168 473
1701 1474
100 1114
86 1451
1994 41
810 1976
790 158
1578 805
857 558
19 790
1391 107
1646 1014
1748 851
1275 1569
1175 70
508 595
1835 1896
1308 1646
1471 249
1605 1603
941 964
264 1936
1826 1115
65 572
209 1292
1487 1160
304 1558
1361 1456
1476 15
1300 1112
431 174
1919 1463
94 639
1140 1494
800 1375
376 906
1746 444
55 709
81 1718
1311 1504
1144 1105
899 1717
1587 1139
891 405
111 185
1551 1202
1117 1557
1792 1981
11 1756
1618 635
24 1195
612 1498
77 203
1197 1494
1739 1152
1533 798
1289 364
1218 1628
1626 1063
1049 1835
1622 1382
202 973
721 1969
1639 1093
1891 226
1800 732
96 559
1349 1781
1531 1688
381 1127
1913 1895
308 470
424 1897
8 137
99 658
490 419
64 954
1032 1685
245 827
1280 1094
962 568
1595 647
446 899
1082 1486
297 1555
1102 163
459 1452
681 514
632 1141
701 1923
1109 880
1672 818
1656 410
268 797
288 463
1503 892
209 374
264 1305
1718 332
1323 58
1909 1124
1025 1725
702 1708
1637 681
459 486
750 1654
889 105
572 863
1490 132
1547 1169
1070 1108
979 1535
619 460
414 445
1056 92
416 1474
337 1705
1666 1750
1715 1185
1410 1758
1623 931
797 1434
1590 677
1617 375
249 195
550 298
1830 1402
1372 1416
1691 21
442 766
1836 1827
1645 318
543 1976
1620 979
895 1288
1694 813
407 1089
1815 503
436 1711
519 885
1872 703
917 1141
77 725
1648 1196
257 984
1123 564
1084 672
1260 629
288 1866
1026 1604
1179 1885
1400 805
148 1458
1196 721
1148 438
64 1148
739 859
700 279
8 1293
836 1895
1160 862
1019 216
1357 1247
1102 421
1335 303
1915 1956
1408 1387
1072 232
1401 971
1586 1562
1057 499
945 1924
1532 406
603 985
1059 1603
487 1290
38 91
1861 243
1173 1564
463 1145
1986 1891
1117 664
594 1636
1079 695
652 1559
1925 971
1210 102
624 858
714 1568
733 1429
791 1789
1427 1046
1254 68
1340 1542
1641 1908
1539 1332
1297 31
1180 913
458 409
1253 558
445 277
50 894
75 702
998 723
1751 94
114 866
899 1244
1736 764
1081 1434
717 1162
1089 1569
1973 1489
1014 1598
970 1572
75 877
476 1699
1306 724
1881 120
1699 1275
1369 26
1529 311
1170 1931
274 337
642 1950
1009 855
1254 612
566 912
1884 880
634 1295
42 1283
1257 1301
1083 1908
892 1527
1493 814
305 1070
835 1546
689 297
1258 1096
1911 91
952 1137
1060 126
1494 1488
485 745
800 867
472 803
1464 145
1889 453
1244 503
1976 813
570 1397
841 1686
1880 828
762 983
1103 135
1148 1595
1353 1454
408 1562
1834 1481
1641 1423
764 1838
1937 1636
908 682
837 1624
774 1803
1400 1598
941 1591
1408 33
1121 628
979 873
186 826
1529 1643
352 126
1878 681
15 222
931 1292
1207 1815
47 1752
1849 335
1206 345
601 1212
1002 1731
536 1705
11 1806
1397 1879
1981 1292
1636 446
1043 84
587 65
841 1409
406 1269
364 543
745 1792
630 1946
1543 614
1650 1138
1245 1441
322 668
1389 1504
218 1787
655 668
1074 435
616 825
152 967
1171 507
1716 1682
1344 1896
678 539
1549 1288
662 367
962 137
1415 26
618 1369
1648 249
1267 1294
1555 1663
1420 901
397 1590
1301 979
1571 241
1026 1068
1504 1875
1092 665
254 1565
63 761
203 421
908 848
1008 347
649 376
1385 603
53 251
1127 1361
1261 1968
382 801
553 823
1421 1480
1720 431
315 1654
878 442
1140 1937
589 225
284 1000
1583 1431
1412 382
1406 79
768 626
399 691
710 825
1101 313
932 776
173 111
1728 1774
202 1268
778 1094
394 57
582 1578
321 211
27 1220
