5000
719 348
593 533
103 1138
456 1340
430 1050
627 212
191 996
1883 1231
701 546
723 1338
996 1502
1616 1948
1825 1091
1187 342
609 1110
664 1995
222 1705
1360 1147
1722 1118
1535 787
592 61
40 1440
1110 586
1883 1964
375 1086
1254 1074
172 419
453 670
1505 997
594 265
1483 89
1381 289
777 1314
958 1086
937 1394
1772 1922
1771 1682
1000 480
489 1867
1512 429
418 1132
1199 906
595 1217
1555 651
523 631
1951 1176
177 615
172 1188
1608 1288
1713 1217
627 458
1067 1921
552 1444
1356 963
1157 1404
1793 1666
117 1538
1069 734
1016 1317
228 524
523 320
474 1942
1644 1313
1925 366
1240 1838
1319 990
166 690
1481 483
504 1310
1105 1934
1246 736
1097 502
1106 98
594 1272
1605 1519
189 1295
1256 1827
1324 1655
827 1047
1627 1077
1040 1433
1249 1544
1572 235
1692 763
595 1744
839 1412
1553 1367
1954 692
301 1314
450 335
920 871
357 902
1240 1565
1637 492
603 826
871 379
899 1405
1188 1071
264 713
502 461
1317 720
1873 176
1904 1603
905 309
500 1108
681 581
385 1585
502 1113
418 1664
1907 42
1154 44
1827 1051
1487 69
175 382
121 1840
823 1072
896 177
1739 1696
1196 612
1325 1683
56 1206
1195 1416
1277 956
1022 10
990 375
798 1795
1213 981
522 947
937 41
1490 1329
19 690
1441 55
551 825
332 73
1327 1730
1038 1685
1718 134
1761 1383
1205 263
812 472
1497 801
332 1806
787 758
455 100
18 1781
1635 956
738 437
1046 764
1724 607
1890 327
90 792
302 151
1054 631
1046 649
1449 707
587 702
495 441
875 750
775 135
1832 999
1162 1389
2 1243
1417 192
820 1538
1602 147
705 550
387 1374
1208 1851
430 1019
707 1196
414 1704
76 1876
900 89
1720 291
1868 1951
1178 1068
1164 1015
1694 90
1309 125
1996 1645
1036 410
98 213
1907 1575
1433 912
1672 1459
1143 184
604 635
620 894
1473 1010
1867 943
991 1207
1538 1468
897 157
1442 501
1919 1999
1244 451
1165 1198
1359 696
236 492
265 974
354 782
1980 585
245 474
268 291
677 766
446 1962
1571 1654
1737 405
89 469
1275 554
1919 1840
141 520
1393 1648
203 1911
763 1355
228 335
868 318
146 182
360 1945
16 1128
1316 797
417 103
316 1118
1908 800
1128 1623
1351 71
1181 907
1271 1072
246 1220
819 662
1805 552
708 1991
1839 1674
755 1468
1960 164
273 1803
1323 858
619 1213
191 673
348 939
403 36
1002 323
1070 610
1943 1442
381 472
604 1106
4 1055
306 471
230 492
1202 921
255 1608
845 1997
510 539
545 438
595 1474
1851 560
1382 922
1437 1845
602 1771
706 1223
1824 723
1954 1643
1973 1963
1053 1168
529 611
1788 331
1601 1014
1095 304
438 1553
1885 99
1445 1676
1981 825
1591 756
1911 1436
621 281
1594 1359
1664 738
1870 893
738 43
1371 652
644 128
1467 1108
1218 1042
474 49
1560 1387
1650 1216
458 315
1311 555
38 408
372 1645
428 1468
695 782
1596 612
1902 1382
207 1715
780 1764
137 1789
346 977
166 1398
1941 1207
1806 777
653 1298
1339 1934
982 1288
1525 1632
770 265
1006 1779
532 8
1268 1487
357 464
130 372
242 705
542 1535
1477 714
1101 1119
1549 131
1266 873
1395 1948
1642 336
1023 1300
1168 1354
1559 590
261 198
33 717
1320 1503
1823 1907
1952 1328
846 198
464 54
1535 107
1073 522
121 1687
224 411
181 649
1594 1429
330 387
734 953
1359 1234
1650 1278
1666 803
1009 1830
929 50
1003 368
1800 1976
957 1550
729 1621
673 573
1500 1345
294 499
1386 1399
1456 157
639 383
1515 1221
1763 1147
1717 315
312 35
266 1802
292 1110
377 449
1478 780
792 1288
1921 1952
977 410
1723 1083
1784 1317
520 74
1938 141
481 457
13 131
607 1237
55 86
83 1125
476 832
1543 1652
1143 562
366 714
1419 1334
1243 307
900 1690
92 66
453 261
1881 1177
1591 1290
297 961
948 1962
1652 265
1412 993
1776 416
771 1878
563 1363
1089 913
1380 1402
159 1039
1035 769
1985 1118
1490 29
811 811
1403 44
1061 1697
1839 1985
55 641
1585 1256
1425 1362
1220 1735
1845 513
614 1572
637 1928
1836 77
1096 1146
1567 57
1242 1937
1847 245
734 1017
1034 620
1215 974
237 1131
873 1553
1801 620
396 305
231 1900
1207 1054
101 402
1821 1223
391 264
1310 511
1522 190
939 775
1834 1798
166 469
65 992
688 1628
590 652
1037 1296
1731 1194
1055 1056
318 326
208 1425
1880 68
1719 859
94 1215
1828 624
1905 504
1113 156
1463 881
1061 202
1513 1912
73 458
1864 1370
1790 1887
1562 1525
1374 1045
1685 464
1298 150
1839 1013
405 618
1472 1153
841 1721
188 1004
1698 488
836 196
1845 1253
526 1059
1634 1925
1429 919
268 857
143 1292
760 407
371 632
435 592
1626 663
707 261
787 140
395 815
297 1185
1859 14
1022 1025
1980 441
837 363
1170 608
856 1966
427 10
20 274
887 791
740 1295
1342 832
296 534
969 297
1214 1569
634 391
646 1472
604 1262
561 29
1527 1335
1924 932
1248 867
1591 1914
665 349
1346 40
374 1286
1788 1968
1668 821
1704 1293
109 573
1439 150
1387 790
1839 687
772 1716
296 263
402 891
845 136
978 442
728 1822
347 29
1444 1078
1357 1169
1493 1751
886 925
783 615
521 622
1903 460
1562 1539
1011 1783
144 57
968 300
1676 1024
1997 1428
1319 1356
1585 766
1258 592
1162 1564
33 760
1539 1458
305 662
1623 1495
575 1683
1524 1174
1197 1961
1637 538
626 477
1536 1788
433 1942
419 389
180 166
1924 933
1881 1120
129 1443
335 1817
1966 522
237 466
737 1047
1047 362
694 823
581 1854
1647 89
1835 153
1747 1661
1249 1007
925 198
1854 1531
249 2000
407 635
1023 98
702 1817
323 1297
1867 153
875 444
1175 198
391 1899
1180 1403
1096 245
1571 1374
684 1773
466 1756
652 1980
1237 310
242 420
347 736
643 788
148 90
1532 1918
1322 587
1187 1534
1750 843
1071 62
90 205
611 1539
742 101
788 425
1558 143
1352 973
402 1466
691 422
431 1878
330 1812
503 1225
1493 346
688 899
1399 679
214 387
1709 680
1545 1906
1652 585
1119 1247
961 388
607 1112
1015 37
1710 1371
229 1288
1447 206
812 1722
1387 178
939 1279
365 1255
561 1858
350 1117
1475 79
1198 930
440 1606
222 1782
104 498
1759 760
1031 411
1405 1999
968 146
947 1948
1412 1983
855 1743
1378 1023
1883 314
1025 1021
1564 1296
1074 98
261 1282
1776 1070
710 1377
57 331
1999 1651
1699 1773
1923 266
1909 1977
71 1514
159 913
1581 1392
1797 852
1035 1909
342 954
461 612
1560 381
1231 1729
1940 1992
406 1238
1837 614
520 913
693 1258
92 1211
527 1834
1520 1130
1878 1909
312 93
103 1480
1867 1204
661 1821
292 400
695 1675
412 1655
41 1758
160 338
1349 970
46 1652
95 605
1876 1749
1126 477
594 276
253 412
1320 1343
801 810
302 1351
279 1323
247 1538
277 658
1645 1420
726 1093
1762 974
1818 660
30 781
1278 1454
1525 729
1170 533
1920 1144
1007 1113
393 1915
715 1467
1702 741
334 1975
1352 441
1534 1805
158 197
320 1294
1400 302
353 941
503 967
1666 544
1538 328
315 1631
621 224
293 1336
681 1652
570 1076
1110 813
1665 1894
298 713
512 404
843 590
605 944
1309 1609
161 447
653 373
719 1064
956 722
1187 490
1592 754
1677 1530
1061 1584
1178 818
1313 218
801 1336
1408 640
987 1468
1374 109
698 1166
535 452
1647 1758
695 1261
1120 1514
1708 619
199 1168
1742 481
973 912
1564 1658
246 751
1963 1149
1827 191
1412 1938
1239 349
437 1159
519 1541
523 1324
1599 1106
1000 1755
1850 1689
652 1582
1445 1920
1862 226
1012 937
588 980
1819 427
302 896
1684 1140
430 660
1361 1785
101 774
940 1380
193 386
1955 1854
71 1525
1229 1661
418 1513
1207 649
1318 946
911 1399
1356 1994
1617 825
297 1424
318 927
716 911
896 1640
1441 1709
1935 462
1670 245
199 254
620 665
157 1462
850 1153
862 1490
1259 1552
253 1180
1118 1534
1615 467
1683 888
1346 1225
1865 45
130 1173
614 1698
1846 160
1991 824
1771 1179
479 97
1152 915
739 934
599 327
23 782
316 341
688 1465
1743 565
1893 525
1258 1393
1962 1786
1415 975
298 1651
1777 293
1686 64
1863 371
929 1180
1261 686
458 1117
387 10
985 1518
1118 206
1846 1673
1826 655
887 547
1008 1843
1073 1255
1105 1138
741 1275
1735 1635
128 831
1207 1623
1108 1175
804 1267
110 439
1790 1063
954 1969
1783 14
1089 1382
1904 77
905 1216
1787 1288
1830 407
950 565
84 1060
800 472
646 44
883 899
1568 193
322 1557
335 607
82 1912
518 1803
1658 1197
412 1460
159 221
530 1793
968 1087
1117 564
999 924
829 233
1101 461
1546 1877
317 913
1508 1377
10 1794
941 555
381 683
50 796
1134 1298
883 684
1939 61
1528 1927
389 528
894 791
1202 128
122 1028
1589 1047
585 1803
55 1324
1523 1623
1917 1565
971 1338
1736 1249
1222 414
417 1444
1905 604
19 716
850 1752
900 1637
972 973
1628 1834
1430 376
1241 575
1120 1669
634 112
1512 724
436 1554
1762 1044
1051 1384
1468 414
518 370
296 590
736 311
469 1946
1698 1274
461 580
1909 634
109 839
576 1931
447 472
1996 1812
1949 846
485 5
876 1308
107 376
962 284
1516 519
163 895
1535 1681
717 47
339 1205
1859 1314
701 610
1521 321
805 755
1585 814
639 1932
1166 902
702 416
416 1053
1723 420
943 669
897 1368
58 1291
302 1884
52 1552
1280 1918
825 141
1663 500
1184 730
841 1477
638 88
651 263
1984 525
369 249
1577 1708
1384 1244
1904 1117
840 1859
1939 131
931 620
1112 1819
415 759
1099 1822
300 1018
1512 916
1531 237
540 1353
1947 1794
1853 1062
1403 1194
429 1252
689 1911
792 1285
21 1463
1939 221
108 1257
414 193
1094 998
722 1416
1922 1860
1679 18
1066 1012
724 1167
1040 1091
693 1938
249 1671
1616 1448
113 66
635 1844
40 938
1821 52
1609 803
999 518
1933 706
1206 957
152 1443
1278 1725
1307 846
638 42
587 852
1405 253
641 526
1552 1133
118 590
11 816
1175 546
1878 308
24 921
562 1004
420 395
308 401
480 1333
1148 780
1280 1107
1865 1514
873 1051
475 1970
1168 1207
247 1722
56 183
1926 453
381 1725
927 1539
1633 5
293 1485
1731 212
861 1293
570 390
1045 1815
624 1349
166 858
729 992
1004 239
1347 1341
1885 1843
1366 1761
1719 941
877 459
1935 1826
700 669
789 269
724 905
75 1141
1564 1732
1144 1776
611 310
1703 997
1713 696
852 609
1839 1298
935 298
938 306
740 1794
651 1434
318 657
71 1598
817 1568
1022 557
1838 215
1143 1029
88 185
975 1079
1385 1768
1416 376
624 1546
45 906
825 1352
1383 329
789 807
1684 442
787 484
126 1721
1485 278
936 515
1058 377
444 592
578 237
1173 678
49 1930
650 999
56 765
1049 1875
345 787
1052 676
1087 1115
1737 1500
281 1324
804 1274
1573 137
239 421
792 751
84 634
1853 274
199 1465
109 562
1394 76
245 1274
1647 407
538 1361
89 1679
1003 729
538 1599
1302 1547
455 1835
141 1219
148 333
663 595
11 1512
649 685
997 853
524 1209
1167 180
1805 1111
523 1152
94 1102
1141 926
1131 150
1286 114
217 1914
517 680
643 612
1680 224
1681 1918
1204 366
1741 1664
1842 1539
1719 1490
1089 1678
1668 548
586 903
1636 1024
634 652
283 1260
948 217
307 1418
187 989
357 921
1232 1617
829 879
1542 1710
1747 256
1517 138
835 962
1694 429
1111 1446
1716 1931
1705 1079
228 702
1821 631
1962 841
1347 1197
61 217
450 1865
211 253
535 888
186 1471
634 1505
1372 596
607 740
994 1156
108 1433
691 1079
1214 1602
1023 897
253 686
1019 127
1963 1658
1878 95
1353 45
508 1156
1280 28
906 1073
506 1540
1424 1749
583 1058
928 1063
640 998
1475 1519
106 102
1687 192
1154 751
1323 1835
435 335
68 1364
582 488
1262 191
572 1528
1147 1992
273 1961
135 171
444 937
1121 665
618 536
1719 1033
1768 104
1723 1724
572 984
1181 1872
120 255
1634 1356
1282 1413
783 394
640 250
1617 961
1804 1501
1410 1510
500 1702
1323 1420
849 262
224 1607
1448 734
358 1454
1181 1715
1857 1201
1323 741
1588 639
1381 933
275 148
1417 1319
61 338
179 1184
1127 1162
506 1014
1612 278
809 1014
43 622
1167 103
461 446
1261 441
1532 441
470 365
1268 469
1042 1593
612 1635
613 1324
1565 732
1497 1227
578 457
1386 306
32 1082
613 812
489 980
1347 782
200 645
1004 382
1881 952
1635 444
1049 1949
331 817
1857 1178
1656 1825
962 810
1360 690
163 1614
988 1531
772 947
211 447
770 209
1887 1137
791 1966
776 69
367 1887
1019 1358
1775 1200
694 1581
581 855
974 528
1024 1372
805 1547
530 749
572 1907
843 1667
663 1505
1049 1731
1802 816
11 782
380 1277
385 240
1654 1809
331 913
1426 987
445 1376
731 875
86 564
1446 1891
1133 159
359 1323
1857 589
1718 1874
1064 259
1198 1914
541 1249
1506 1897
484 141
693 1459
1601 634
1762 505
500 1059
411 574
581 1748
1811 824
551 947
753 126
1403 1719
1413 438
576 184
1003 791
115 1861
1479 1392
914 1106
1959 1115
132 1173
292 853
1330 299
1053 1398
1912 596
1130 1555
1802 1660
337 1856
570 1830
850 36
1330 322
181 1775
736 471
1377 644
302 1010
1296 1873
50 1030
1306 1139
262 725
1472 80
1241 447
1600 1940
1635 1883
470 1222
1800 1390
1327 522
539 764
1398 671
396 1873
543 895
1862 507
630 502
83 1941
812 1857
325 302
1941 1176
1856 59
233 825
755 96
1268 1071
1749 97
348 1548
547 244
933 1541
1416 1435
1515 564
94 972
1866 1270
826 645
1316 301
645 56
1768 1309
1388 1196
1715 1846
819 380
1603 1619
1540 1293
235 1698
1488 1525
482 337
723 1583
1000 196
340 1716
449 1013
600 1124
43 1828
521 1371
1363 22
1697 719
1675 1448
1839 1492
1051 1807
736 126
10 563
1734 1851
167 219
1396 87
1239 1226
1536 1539
783 1751
862 1600
1856 678
1457 1423
1586 688
391 249
924 1736
1564 395
1707 352
1878 1108
526 1492
1367 669
1394 263
1243 208
372 850
219 1190
1290 1468
1367 903
1905 656
1389 738
1236 782
985 629
1670 1011
1310 616
1455 1726
1695 887
376 394
587 1752
191 1429
562 229
716 1371
1735 1053
1858 1829
0 905
1636 1764
1647 379
1103 1814
921 946
1519 552
1582 824
1460 1091
589 674
973 1510
1806 1920
1924 1639
100 1568
37 365
479 993
405 1976
687 811
1296 1590
591 636
1773 409
881 792
448 161
178 1814
1044 870
175 1326
1486 947
704 988
542 1920
1590 360
274 666
1959 1087
372 174
1935 1513
289 6
23 1202
409 440
702 1113
356 51
1225 1507
1484 1068
1693 1192
1177 1504
753 55
565 1867
1256 1699
1914 301
161 340
927 1339
1620 10
479 1046
317 1330
1632 167
451 1015
1472 1311
1123 1266
648 1126
1386 1526
197 1697
457 723
1614 1199
1586 151
1512 685
1227 1737
1570 595
214 1136
916 1078
1986 663
200 1586
71 1647
1129 534
1299 18
1177 1612
1316 1821
497 1525
936 598
607 20
69 1159
1332 1813
181 372
513 1290
460 1558
604 465
1674 208
1287 1137
957 1423
1926 1091
1301 1592
1399 1968
1499 999
1259 1
1313 1225
874 1016
1944 1606
1575 1961
252 1171
1972 1145
1180 404
335 1663
1811 1561
689 258
796 1592
1453 1688
806 1178
1367 1432
1130 1901
13 523
1868 1427
1362 1629
1243 1052
20 1650
1652 304
1970 1480
627 1265
1258 766
587 1400
1175 808
1077 72
1322 660
829 246
377 1135
293 25
941 615
1912 1997
955 1447
940 1052
1727 773
1922 321
119 975
713 639
156 292
378 619
537 520
966 959
1399 128
1770 926
1529 515
1831 291
1482 761
1328 606
652 1567
1761 1391
757 1433
1035 773
1129 104
1819 170
1594 1761
1140 209
1292 936
896 1979
762 1654
1599 995
1145 1941
1878 287
692 1042
1534 1428
329 1873
1004 848
335 953
1251 1233
679 567
1108 263
47 999
1356 832
1193 51
1128 725
1223 1651
1431 1613
650 1355
1106 1363
1185 1924
1895 1086
15 1590
251 164
996 1097
284 1289
1160 274
1763 260
566 1461
1003 1281
909 1993
399 119
1233 195
568 1923
982 925
1919 1231
1921 927
1971 132
160 1160
610 1214
1863 1076
707 363
1672 1239
1070 1781
315 1549
1571 1428
1491 1446
1625 562
855 1994
1424 780
558 65
718 90
425 654
208 465
166 1139
292 111
843 677
108 1268
1651 377
206 1202
1844 1599
268 1182
940 43
1543 1648
445 1178
737 1086
1885 907
1557 1778
503 727
1693 1923
1003 1579
923 1217
1986 203
1903 1792
192 1721
1481 251
1938 1413
1227 1988
776 861
951 914
1132 759
277 1706
323 360
1636 8
1271 28
229 1858
1885 657
1937 1152
1341 293
1613 1059
1772 1800
1150 1132
994 1853
159 1678
1817 1966
1183 876
263 1046
876 1951
1171 1598
1861 1596
1428 500
348 788
758 598
1704 1138
1535 196
1562 1801
1404 96
518 1017
155 883
637 1961
103 1273
291 942
1594 289
1105 408
944 735
1609 1438
387 452
556 283
165 1815
998 1427
527 448
1971 180
400 988
404 1510
1251 1732
185 1629
1092 86
1360 1653
440 457
1927 962
277 1966
856 1982
1732 1030
374 582
191 1437
1525 791
1697 1729
639 1145
620 418
830 1279
1010 1389
1800 22
985 506
536 30
844 1383
229 509
1052 156
23 1100
1660 189
1858 325
1239 1836
723 771
762 1781
1389 1553
408 1370
315 722
903 1086
1764 924
1707 648
1063 367
1961 99
250 1065
557 1221
1895 1253
785 334
131 1087
1640 822
1578 1475
1212 704
745 1103
1062 1737
34 1457
622 1914
751 988
1694 903
1619 1099
656 451
609 1932
1275 737
1225 111
1385 357
1550 1878
568 791
1043 1692
1307 1846
1491 330
1025 1055
1226 1382
1056 22
197 1046
282 702
1030 721
1313 853
909 1086
749 1185
1539 1970
1243 1092
269 1195
1860 644
1937 574
1151 1847
1132 978
899 1246
45 15
1332 213
856 1679
1883 1194
1667 1163
948 1146
385 752
1203 1303
722 730
932 57
200 1256
1189 515
1891 496
1272 939
1361 1177
141 352
108 1303
681 249
1113 321
486 1695
355 1647
271 421
408 1512
600 303
1385 1357
1938 1450
1848 1054
309 686
263 550
7 419
189 46
428 393
1176 1566
981 22
297 284
1215 1379
288 1149
1026 1252
927 1737
1647 1633
1304 355
1785 1109
1435 526
1635 1875
703 1223
1350 1103
1135 741
760 662
1847 40
1776 237
1244 1913
1964 225
823 617
563 442
1449 1378
1256 93
1477 26
690 1689
1816 1446
582 696
1755 1042
1016 809
663 666
955 733
112 992
1170 1092
442 1801
1386 686
1387 474
1750 720
29 604
365 440
1029 434
1628 1193
1845 1732
988 1347
53 650
1497 1100
373 1288
885 259
375 237
1939 825
1834 308
537 1193
764 956
675 301
76 910
1309 872
551 201
261 959
452 597
1767 1717
1359 1603
1998 1156
1089 1675
1145 1665
649 979
1409 1600
674 732
617 1577
1446 47
70 1133
285 1727
840 1528
410 1599
388 1532
1809 658
1226 1547
511 17
1479 1938
1353 47
330 1057
50 111
1544 458
20 627
1817 1962
428 1463
1374 198
1226 527
535 1906
829 1000
1147 311
923 1072
160 1694
218 723
1404 87
4 1989
553 1395
1344 1442
892 1562
222 1034
1782 1396
737 1291
1866 1418
237 605
1735 707
1569 1274
1638 928
1720 844
957 583
1350 669
713 340
222 1358
366 1752
1330 1903
671 1091
1956 1566
461 609
467 55
834 1762
415 1874
1515 470
1449 1583
133 401
1098 1823
997 323
1736 79
1445 334
1305 946
316 1070
1178 1270
1650 1781
602 1259
1637 442
863 369
132 1919
1215 794
1949 616
466 826
890 46
556 1823
842 106
244 983
1751 798
496 1694
514 4
969 1476
666 1648
1185 638
733 922
326 1289
1226 1181
816 1454
924 1150
1221 1678
1302 938
1441 189
1653 552
1094 1853
1348 1997
1638 1084
1014 1464
515 4
1798 1271
978 418
40 1239
1021 1243
548 422
1508 1652
98 938
1456 1908
1694 1596
176 789
203 586
709 1180
842 801
1595 1434
410 1475
1162 1204
298 1071
1845 1308
1223 1738
6 110
344 396
1333 1602
580 1487
597 1491
1334 137
1275 619
559 383
1023 1355
219 1876
1615 800
1836 1085
191 1521
331 773
224 1351
526 642
1492 977
1695 1940
1975 1487
1320 1020
1718 392
881 716
1214 709
1940 1136
1932 1693
1561 1504
362 719
1855 348
469 737
624 1726
935 405
1980 1054
1081 567
462 1956
303 583
1371 699
303 1519
1920 814
1605 960
1086 209
1246 1092
1880 1488
769 1169
643 773
499 1622
1779 738
860 1123
365 462
888 22
9 1509
1915 708
1502 1637
1687 1897
1974 1116
1401 559
512 64
1736 1320
79 1184
1588 1077
0 1762
516 205
1052 44
1702 1615
664 176
1025 63
859 1092
1621 20
1604 470
1883 1513
1909 1555
139 107
1448 261
1000 1604
696 837
274 849
886 331
1157 1202
36 1449
56 1691
1997 648
1656 701
337 1978
361 1938
1738 1580
1365 1285
1625 715
1280 667
841 553
846 439
1101 45
1985 1066
272 1300
869 1809
1180 512
210 1982
1243 1498
1025 1451
1826 535
262 1953
541 1611
1125 1790
861 644
1652 560
560 1058
900 1032
1694 1866
1813 725
1954 1633
1248 1105
1567 1039
1381 538
1261 898
1518 1445
1714 1191
293 1743
459 1075
1362 1575
1422 1937
310 826
177 1051
1266 724
602 830
305 954
283 476
462 875
1850 607
664 1874
1561 5
419 1425
803 843
548 1133
289 1652
843 1814
1459 459
1521 948
655 717
1861 1778
1467 512
19 617
1796 555
1652 1256
138 389
1882 1391
1753 1451
730 73
1942 1814
372 619
1664 523
405 722
1968 890
1649 1969
1486 1551
753 374
1227 568
1837 1051
1179 329
1282 1777
225 1136
1311 1669
1577 1397
988 1043
1607 1436
761 1160
28 49
569 1251
1993 1884
1794 1951
854 1172
1600 1847
1574 1871
581 1223
613 473
1839 1794
401 749
206 1316
727 1725
1542 329
1516 851
388 1239
1612 488
278 1645
1187 1659
870 883
1211 374
870 1276
240 1593
882 729
1444 1561
1440 1204
1975 1564
830 247
1748 121
125 1009
1099 809
1102 1244
349 1883
1318 134
1638 1648
1177 446
20 851
823 147
509 1072
1601 362
1237 207
520 618
1261 1323
901 159
1860 629
1148 1094
637 1749
995 1613
1984 652
1310 1496
1929 261
227 1883
991 681
1076 573
854 1279
198 1978
1099 1394
579 1768
99 641
776 1407
362 257
877 1081
1716 503
1594 1035
1066 820
390 183
1190 534
1045 1645
558 194
49 565
1984 1116
727 1777
400 991
319 1008
34 1708
587 724
1574 1995
877 1980
992 223
1583 1587
820 1875
143 451
466 998
273 125
1810 1996
155 247
1603 1069
580 85
1791 1138
1076 326
1304 922
695 340
429 34
241 1229
1555 1842
512 1926
143 1246
1073 698
1410 386
368 347
1375 1971
374 1794
93 836
1968 105
452 1423
498 531
630 987
1703 1343
1135 1424
1548 330
286 109
715 122
1810 1304
1424 1419
695 1434
28 1448
1416 1634
922 9
517 1555
310 1446
240 1709
1434 958
847 335
156 668
1473 1200
1443 1599
1373 598
448 1784
533 983
1760 517
978 1596
748 1548
261 1131
503 645
961 481
508 1354
571 533
1941 471
848 229
1048 1340
1837 749
1604 1284
1574 999
320 825
1391 785
218 2000
95 0
1497 1233
1303 801
1748 1787
1438 1250
266 1030
1917 70
452 1796
909 902
592 1940
101 1709
162 1655
1138 954
1 373
1361 1060
1672 773
116 557
360 825
1922 1379
1693 1796
1085 1048
980 1568
645 1300
1690 1885
1657 1437
220 1168
948 1874
1807 470
759 1133
562 798
1677 1975
1396 916
1398 1767
1269 1901
1378 1567
361 1745
1562 890
185 1330
830 1996
1554 178
624 1771
1729 172
1317 808
459 1120
939 586
890 1748
72 1622
1728 409
719 444
1710 559
897 469
1960 269
1444 1137
45 518
1664 1458
1066 580
1019 1943
1742 1405
154 722
131 863
1627 1160
921 295
1094 823
922 305
7 1789
808 800
1515 589
1639 1757
1752 1791
1151 1064
1740 1456
1834 1345
984 1942
988 1902
724 1153
791 516
463 1218
841 1378
1153 1604
512 438
938 579
667 311
1552 973
102 1936
218 454
376 1443
562 1928
49 1678
1374 1841
448 1489
343 343
215 1664
497 1949
1306 1937
1580 147
1547 1816
931 1120
122 75
1737 1472
1048 800
271 6
1526 146
1564 145
387 824
620 860
1318 1711
1377 1765
1652 1030
452 74
201 707
718 1138
641 1321
821 1803
913 1828
827 1462
1904 1811
751 155
784 158
990 312
876 1656
451 663
103 1349
926 759
879 1417
1761 59
738 1014
353 1749
1306 1203
555 1971
169 180
1150 1683
1736 710
201 4
1227 849
1804 1848
1188 1251
1266 947
1345 1334
1488 447
561 437
531 1872
122 48
1288 1206
1827 1218
1813 1734
1586 1801
533 737
366 326
1164 1023
997 1267
267 422
1299 1395
1641 1621
896 1070
848 1572
282 1701
798 1376
1068 1223
368 1647
273 876
1223 1545
634 989
382 1200
773 1955
934 1216
621 1661
533 709
121 399
1243 964
98 1945
1866 1375
1110 1724
1969 720
508 1963
435 1755
1925 328
851 1128
1719 258
713 1451
580 1931
1256 1383
1226 1565
1624 1995
395 644
1780 336
941 581
1057 1429
1209 248
1481 1990
454 1662
104 792
421 1789
1826 510
943 602
1315 1506
1640 1585
644 244
65 860
1479 901
1353 1611
964 1703
1598 214
1283 1166
706 771
1629 720
1695 870
853 1868
1589 707
1392 1931
179 1226
1559 1899
1786 283
294 1747
288 879
436 203
1540 1060
1765 697
1448 1358
1232 322
1220 1517
1017 576
1056 843
1675 1949
767 1255
1010 537
1502 262
1279 1085
1732 1980
51 1643
439 554
751 1349
541 1018
312 1674
1031 316
1379 648
170 106
989 1485
1784 1586
1280 975
1139 1063
1795 1779
475 917
507 346
793 1680
817 1259
1398 1938
734 1581
287 1005
547 1811
798 943
1626 863
989 781
1702 125
1835 1307
754 15
641 1063
801 1123
380 299
81 1650
251 1931
103 1222
1555 146
1724 208
839 1733
90 853
1500 585
1556 367
615 1762
57 625
1189 1203
431 1407
451 1672
1738 1812
835 1191
130 1865
1939 1269
1093 503
637 1802
1875 1762
285 295
1989 153
977 469
1473 1146
1695 358
1845 892
335 1007
507 627
1668 228
116 1215
1648 1423
1802 13
682 1115
989 167
1170 597
713 210
659 183
1700 421
328 1071
1838 552
166 1991
1695 1065
748 123
1777 1663
1796 1685
391 776
1594 1351
462 465
1593 800
1423 1924
1000 286
557 1727
783 1925
96 873
71 1245
1287 1761
849 1316
69 839
639 1349
927 1222
597 1925
1299 1157
370 262
29 1626
1796 1058
390 1363
1573 72
1202 1833
1569 923
666 1205
1571 477
1168 1806
49 1442
272 1058
399 925
1276 782
232 767
591 50
1814 1016
1955 1380
795 1058
10 648
1196 1121
1746 458
1181 166
1908 664
144 1343
1814 1552
984 773
1358 1675
738 1538
1204 1307
1377 1227
1570 269
526 738
332 1706
687 641
1220 311
420 419
984 1349
1655 355
1566 1095
1811 1059
811 1615
924 253
264 915
1178 1132
830 982
1231 781
906 213
100 1442
87 842
540 1679
1745 350
1474 222
1126 1309
1445 1386
1750 692
1801 750
1116 1017
748 1593
671 637
1763 1099
397 1376
609 1937
1546 1752
813 1356
1240 1374
674 1953
384 1136
506 1790
1736 1218
232 703
51 350
228 1862
1449 1041
1819 1015
333 802
1095 1696
432 718
1708 1046
1005 1910
1629 945
1448 1181
691 1678
1298 47
47 1482
822 297
231 1962
545 1187
908 550
139 1692
956 1856
96 956
1061 810
1710 1191
350 1301
1426 1488
1505 1928
1652 1322
1473 795
601 1529
524 516
1753 1270
461 1566
1975 1683
942 1303
1281 1591
1143 341
307 499
1869 609
626 663
693 1729
1287 901
1497 116
1510 709
254 742
962 248
1036 618
1751 1331
195 1056
634 250
1668 949
1421 1442
1449 877
1124 151
1972 810
417 248
21 31
150 1392
1221 1287
973 1544
1193 526
1439 1549
227 119
142 752
951 534
1984 1815
1349 304
671 998
317 1260
182 1541
1656 1332
1191 84
1461 1231
125 1434
1585 1029
1502 1622
1083 144
857 1924
826 396
249 1116
1715 701
1369 760
797 208
940 658
468 1652
1251 538
942 1029
309 163
79 1516
533 81
1723 925
636 710
813 846
527 1167
277 1244
310 956
438 885
740 131
1963 1231
835 1139
96 583
1469 525
906 1929
1696 836
298 1790
1744 598
1455 1008
1026 930
1508 134
875 1997
1388 906
1514 1812
1624 264
496 1618
882 1309
336 858
608 953
1581 103
32 386
1793 1332
655 201
1451 1335
1942 1604
1472 1766
1702 990
606 558
802 126
1167 1311
527 438
630 598
697 734
1424 1282
152 953
315 1153
839 794
449 559
1951 1682
1134 1924
102 1736
1396 162
146 200
286 1580
568 616
1704 1352
230 837
1076 1999
1352 274
481 487
1250 1468
1586 1751
953 855
1573 709
129 772
138 1221
1670 542
1898 269
939 470
521 1848
1287 1130
1541 1899
445 1662
134 1982
643 427
1236 960
1408 530
407 738
1657 1394
1842 82
1420 1608
1027 1871
360 1596
1252 1863
1675 310
221 152
224 1127
608 1756
770 1890
1003 515
1699 880
1515 280
1125 450
578 1436
1894 1820
1558 1974
156 1316
1306 975
743 635
1118 266
49 1605
131 430
1368 1231
629 1500
812 1911
78 1710
118 147
1733 782
1638 1826
187 1051
523 475
734 537
1109 1370
1507 978
1600 1798
466 954
1010 1004
518 1415
57 1412
1154 440
1821 1130
1198 1737
722 1402
356 848
972 403
1305 1973
174 1435
778 1733
305 1587
86 116
1555 1742
1779 834
796 687
1720 703
190 1197
1676 1099
1286 437
1992 1916
1468 112
831 300
1034 1171
1029 1788
708 1836
269 1824
445 544
384 1595
167 1704
520 136
621 1426
342 624
1730 965
1686 115
419 1294
1652 77
913 97
1637 9
506 161
352 715
178 245
1819 1180
1823 696
1483 299
247 958
1526 1392
610 1098
1359 1254
1420 1093
1865 290
494 853
737 712
536 1653
678 1400
832 226
255 1495
440 1283
1490 1935
1919 1483
926 278
638 570
118 1988
640 1046
1779 1650
871 1178
281 900
1169 1107
1945 529
1086 748
1293 1475
327 1176
37 677
217 450
1625 1607
455 843
181 288
1679 1694
1431 1808
225 882
58 295
569 390
1808 1761
459 1883
1801 790
1527 784
1897 1171
701 926
489 661
170 797
996 1778
873 1941
1509 1232
1338 544
1162 277
160 1595
1895 1861
250 113
963 323
1751 1012
1911 1834
849 1178
1144 418
6 1740
867 1750
1216 1033
840 1329
918 847
1991 1918
1012 1211
812 1173
1885 166
1268 454
1668 131
1282 1497
770 236
581 4
1167 241
393 1530
1968 906
1802 599
647 697
1357 1182
802 66
1378 1605
1713 524
969 1085
1024 1960
1222 1325
19 1256
1005 990
1092 1489
1692 1599
732 87
1229 1040
628 404
340 599
1538 1114
855 1930
866 7
442 1418
1028 1791
1436 746
1982 223
38 193
186 1896
1880 664
222 1007
687 842
330 1809
77 559
168 1516
633 1720
1077 909
1917 869
327 604
433 631
1144 1670
754 463
1332 948
1212 1919
114 972
1575 147
1674 1933
175 196
1637 220
933 1400
103 1592
200 1528
175 385
841 369
741 1897
111 111
905 1528
1314 1699
1521 181
398 473
1672 1451
1577 995
1595 163
1080 981
640 910
425 1675
549 1103
1422 1738
1903 667
149 1946
1575 527
115 1657
1408 91
46 195
136 602
81 330
1762 1811
894 1033
479 156
455 940
892 161
1728 924
37 1650
1855 1531
317 1660
1273 379
1895 151
303 1446
960 1587
1969 1140
1739 40
1025 1071
357 156
992 1134
154 1751
1685 459
1332 257
639 1517
1921 378
1560 1630
1774 135
1707 1462
1660 1787
1280 552
1635 1204
689 932
1262 1949
1982 722
237 61
765 1953
1390 1884
1023 681
1380 1337
1069 934
188 1675
1359 1547
574 1225
520 459
80 1980
1500 870
617 1086
8 1624
387 848
514 61
786 182
843 1142
1736 1844
868 864
1961 1429
1174 730
1659 85
1548 1040
662 1847
644 459
980 1188
1964 1714
144 35
1133 542
1815 1935
589 50
1595 1787
1525 1568
878 637
177 1214
1705 1474
73 1494
1418 647
1503 1090
351 735
1499 1574
1281 1405
1364 148
452 1372
707 1720
1362 1592
520 153
766 91
1922 1259
1591 193
797 1750
1739 911
560 100
1386 396
1101 145
854 120
1007 1688
569 1741
253 890
475 446
1431 1865
1275 965
1128 917
1904 816
724 499
198 903
681 1614
911 1100
685 667
1897 1301
315 619
1298 1934
229 1209
728 1776
1168 1965
1070 1284
12 146
1548 832
1020 1290
1587 1845
367 1368
459 1200
737 1352
1743 1746
1874 1147
1127 1632
1245 152
903 659
1027 406
1976 983
1523 772
857 1011
1868 1455
1912 1750
632 1691
203 206
1591 1119
1037 1195
1854 661
692 473
276 137
1298 634
1093 706
1856 77
362 1423
91 958
897 1000
561 942
300 1491
95 1025
390 1877
1461 706
547 897
1262 965
521 1895
1671 510
666 1537
1302 314
1960 803
12 865
872 1042
1957 1259
615 1409
781 707
139 195
480 1701
186 45
1053 959
1884 1479
1463 449
972 135
590 162
1755 761
982 937
1904 599
1138 110
701 743
1131 1138
714 766
1068 1836
1059 754
305 797
1213 613
941 893
1387 1129
1538 1807
140 943
142 1170
1183 889
685 1015
1561 673
1948 1798
1541 721
1526 1568
1513 1087
521 1780
952 147
1346 874
757 86
1699 1137
300 1851
807 969
779 661
471 99
1325 1873
1607 1804
1118 1561
1665 262
1146 469
1486 557
110 1525
1958 1387
1027 1670
896 475
1944 659
1957 861
923 1329
448 1403
525 820
976 1575
1159 1206
1108 1238
1910 743
410 585
691 1231
434 1195
349 105
1831 1399
1533 1382
9 893
1629 1295
489 1183
1289 1651
1844 1067
168 1341
1021 709
75 1937
499 1549
1608 33
1861 1117
323 193
1713 1413
1604 462
1308 1966
1113 1108
1991 1063
1658 134
262 603
807 262
992 421
1821 1858
291 50
1739 810
1322 1757
360 1621
1069 1242
520 1152
1120 1287
533 1618
1233 534
1783 588
1218 1106
589 1415
1640 1973
1460 1841
1198 1938
561 1853
1265 1611
1409 952
1118 1843
1301 839
1983 1922
1138 742
1776 427
1892 522
518 1608
931 905
863 196
406 1273
285 299
338 763
186 497
69 1994
956 936
986 937
993 415
227 880
347 1971
1231 1352
1785 150
832 1267
956 949
1453 200
812 1691
1773 701
1077 61
1289 1939
898 283
499 1728
1854 692
1405 1583
1311 1804
329 426
612 238
1085 605
887 765
1819 1134
854 485
1174 1228
1264 465
0 109
1946 1735
1124 1091
709 732
1097 985
1770 1985
556 512
1962 1027
20 1722
1126 1673
1755 1046
1260 49
1089 1109
1080 1792
325 141
1101 830
280 604
267 1885
303 407
94 535
876 1241
152 1682
1471 455
1533 681
1262 527
59 1177
1712 1196
1051 186
603 20
670 1481
616 1053
1596 602
1673 1780
1112 992
1731 1821
913 320
1185 1806
1568 923
82 265
1209 1227
1445 1081
216 1480
712 698
1723 1369
1817 207
1830 1437
1930 1169
144 1362
995 895
1193 1158
1653 190
1364 1232
1026 1885
967 127
349 815
351 116
464 339
1464 1842
1549 21
495 1112
379 133
230 1000
884 155
1759 1665
1993 1825
524 1765
585 1196
1949 896
1741 632
1979 1346
1648 1460
1574 1031
1484 1313
207 1150
1902 1707
1598 600
964 1827
1839 917
1041 1871
1892 817
244 1540
528 634
1380 1123
1284 838
1620 551
200 88
1041 1162
1309 1151
1141 496
1699 1096
757 193
698 1534
441 1659
1140 1700
1101 646
133 913
1588 1267
1739 1284
1574 837
1402 708
1219 89
632 11
1974 1637
740 1387
768 301
277 250
1330 1797
1699 1065
1768 493
290 451
806 166
1344 904
980 1387
1265 174
795 753
1801 563
46 161
659 1037
579 1865
1286 1716
459 423
573 1113
25 1336
16 1075
827 834
708 235
791 1080
1287 1256
1792 670
1562 422
1802 1686
1959 1128
1709 698
705 1674
969 699
1044 1655
1969 21
925 1743
1312 1143
1591 10
1992 582
444 1597
1297 690
1608 1978
1792 37
1489 517
884 1167
563 1047
1646 941
429 822
1798 390
177 952
1140 14
991 198
1763 730
1200 428
1826 1412
665 791
68 841
1116 43
1127 1232
5 133
1178 1385
1255 295
737 335
1188 1132
459 441
1665 422
649 1666
84 692
910 80
1100 1685
34 1178
1538 1836
1367 650
348 1295
1099 1350
713 631
367 1846
200 786
1429 336
1165 1873
1025 1548
604 989
520 456
560 336
890 1006
442 700
989 465
1224 1566
640 1572
39 469
1346 1573
1456 1555
696 1615
1650 1435
756 1019
1695 555
152 129
670 679
1431 1199
117 943
189 1948
79 766
1349 1219
656 1976
896 1998
1920 1615
1812 330
612 1677
390 465
893 1635
1956 1418
247 1044
169 1965
1932 718
217 1065
490 769
1875 595
903 855
212 1007
1529 1347
508 1908
968 1955
1302 1510
612 1638
743 1766
1068 1716
367 334
235 906
1729 95
1086 1817
309 1037
1427 292
269 51
686 1167
1335 1450
1195 1749
340 1773
673 1250
533 650
1449 1852
740 340
1116 1412
681 1627
408 867
1035 1288
1289 355
1927 787
93 403
181 354
1987 969
1202 1090
1554 1620
666 673
471 84
559 632
1054 302
1420 480
643 328
996 256
1063 1331
230 1206
1438 616
1694 1670
1682 689
1367 1653
1084 907
551 1255
575 1506
1402 687
1104 1460
571 1235
1745 1785
1060 1993
13 333
1650 680
92 1985
1614 313
760 410
1039 1009
271 794
1793 1028
1556 902
319 119
1291 1961
66 294
1160 63
1291 390
1608 210
1966 1637
1556 1907
1114 1021
246 1619
1341 1016
16 1011
1501 640
645 881
1974 1859
1641 261
951 196
1526 405
715 1733
1231 1267
299 869
1637 783
1873 400
401 1374
900 10
52 1715
487 330
662 655
24 1862
1550 290
1505 1931
541 1753
321 955
427 1761
871 137
802 1456
1763 1740
632 1842
1526 326
1969 1683
89 1076
1593 856
658 1350
14 1621
1679 1348
1289 1616
950 966
485 805
52 1009
80 404
1307 883
439 780
732 1796
1466 374
119 1840
1342 1152
513 783
225 1151
1980 1316
1334 776
413 1313
606 841
1394 983
1572 376
1630 372
1142 1876
1143 1730
1454 417
1735 135
1883 652
1077 240
745 337
1790 87
1984 309
1429 537
1658 1506
1209 1993
1005 356
863 612
250 815
842 1329
1239 1514
312 569
490 913
1283 1274
422 773
803 594
544 1419
1968 1901
53 156
1676 210
1082 1312
1563 1667
485 1651
1291 1895
1136 108
1402 1832
696 1947
449 1296
1920 766
1984 1645
1218 331
804 1284
631 1964
1531 1881
1936 324
1892 1605
1954 1458
961 1812
1347 796
935 547
641 132
718 1969
187 430
1831 942
926 1862
2000 1835
1555 1625
1022 685
146 1842
857 1795
739 48
1969 832
773 858
1842 266
671 857
738 768
1674 1852
724 304
969 851
1016 220
1772 770
999 1006
210 1744
802 379
390 1614
1162 1199
343 1412
1304 1335
581 782
1462 700
1524 1100
1545 1085
153 1659
479 613
868 990
826 479
409 995
1034 787
1091 1802
504 435
336 1492
107 240
420 1118
1238 1791
1405 728
1454 636
253 1733
542 1643
1661 181
365 1632
941 124
1261 1985
539 259
1160 1175
1705 1552
1213 505
1927 101
1383 213
1071 1285
1709 860
1766 382
1013 305
507 401
1613 1024
926 1466
1821 917
1922 1481
1529 160
1020 401
1675 600
479 1639
446 728
1634 1037
1378 1365
1567 131
1083 1590
411 683
308 913
139 193
583 720
1115 1803
82 186
734 1231
305 1039
1669 43
125 1784
48 1249
567 715
581 678
347 1996
1427 291
779 425
1869 260
1818 1884
1683 618
904 177
1608 31
642 986
1117 1954
675 1985
1222 1931
395 1119
645 344
485 430
1458 1035
1183 14
332 864
704 453
172 83
251 419
1554 1378
1271 1428
679 1809
1478 1695
894 722
601 1560
1528 64
1887 104
657 1547
1205 51
670 419
629 1877
1855 362
1518 236
1605 1588
1292 414
885 1506
273 414
1959 1804
683 420
1631 139
1231 1599
1477 1804
1878 1279
1186 235
764 922
1808 1503
1731 759
442 628
808 628
855 1067
636 528
981 309
1445 1344
977 1117
1169 837
1521 1058
431 1126
1793 1122
7 1224
1353 448
833 1591
779 470
440 1006
1393 109
1690 1068
922 1708
271 1177
626 1831
1738 1694
211 345
324 1667
89 1289
1557 36
144 286
187 866
1200 487
1056 1509
1848 709
1168 228
1442 463
1805 1220
1248 1677
83 1805
89 1681
19 834
1927 1486
1943 449
1506 913
1047 976
623 1563
1068 1578
189 413
573 769
170 1207
1079 1998
239 1700
338 79
733 1290
1933 1720
1034 364
952 1061
452 1716
49 1551
46 331
1190 683
869 1421
1608 70
8 1182
571 1092
335 1853
581 789
1719 1179
643 165
673 443
159 1780
591 1386
769 1187
1731 121
382 909
683 689
1048 334
1912 1592
1392 1185
1590 740
1500 863
1971 1836
954 1558
803 1275
935 1269
585 1299
1713 1880
1607 1613
1055 481
205 1472
1168 1829
971 772
1591 865
144 1633
1448 940
946 1302
1826 1370
1481 799
1707 1474
1114 94
80 1595
1000 1039
144 134
890 1993
431 1078
326 1650
1394 1190
1688 449
18 525
58 564
1114 39
346 1699
1395 60
1863 1648
1254 1978
1816 1515
1781 1392
1945 155
846 1046
84 348
581 1797
1881 783
1736 986
731 1578
1179 791
819 1414
1678 1925
1026 1339
710 1287
794 1639
1725 1289
1994 323
159 1234
712 1635
1434 107
1347 440
351 1776
585 62
356 1260
160 1276
5 90
1311 1900
544 390
454 1943
1565 1468
1573 1360
988 36
637 1847
665 367
1475 867
188 1015
1574 1368
817 1111
761 779
481 849
596 1446
1157 1179
946 1784
188 1869
1112 606
1136 791
697 1353
1358 1774
1377 962
1113 1274
1312 1498
1614 1170
2000 222
1436 1254
485 164
1151 1776
262 1867
539 801
1037 203
443 1734
999 1695
1980 295
1152 466
132 372
1919 1775
244 1675
1156 133
302 1905
1741 786
344 400
1591 1615
1341 102
217 636
1734 284
1356 1538
449 100
469 1964
1754 1216
1302 1537
1010 737
1535 1743
1047 161
1474 1431
1442 1522
1962 606
635 187
1940 1703
134 1334
1705 61
1634 1721
1219 1676
966 1334
1589 1255
1907 1589
1521 915
1133 449
1473 1494
723 1939
1980 780
1663 1988
1060 1514
687 142
1823 339
969 1582
1275 1870
874 1030
243 435
373 113
1702 166
1606 1478
614 679
521 0
1613 1579
1836 207
1777 1104
1540 883
1654 608
917 597
885 1283
1525 108
955 1320
1296 1372
113 689
935 539
1299 1243
494 1767
11 925
823 864
1487 1309
1902 1113
1668 220
382 1855
138 1097
27 119
1283 1159
1810 533
1936 134
1996 1110
1417 907
774 283
1173 1977
1639 16
484 1119
564 466
1738 684
1377 790
1048 633
721 1779
1154 1559
124 849
155 1957
1566 1991
1842 1034
1607 52
649 1055
1607 1142
621 1738
1976 527
996 251
553 530
1165 1889
916 1297
1429 318
504 1073
1434 119
360 96
566 619
1772 1652
1284 84
1338 177
1800 374
1817 546
1794 50
1347 1952
1685 113
1630 122
1708 1975
969 1213
1529 1283
1189 1558
986 698
1348 1268
1592 802
1489 83
1037 1867
730 1229
785 92
1960 21
311 946
1053 1368
161 1115
1099 1888
1359 633
1128 623
1431 1231
289 1430
1213 1126
751 847
1382 1729
273 1322
752 1254
282 1330
1768 1699
897 785
1938 90
808 689
990 390
2000 591
974 62
362 821
231 1857
161 5
600 1540
520 1724
1689 1932
1977 497
518 1018
1635 1722
998 1190
1568 1944
1980 466
1816 1439
498 334
1115 1868
1458 1631
1136 1822
1268 1456
873 1593
1392 1513
1072 418
1678 403
573 1909
1743 984
1906 1296
552 1428
1513 1193
1151 351
883 1698
1811 471
1942 194
1927 1918
706 1596
180 518
932 167
611 1042
1818 1144
612 768
1058 1612
1967 561
697 327
390 882
185 1252
895 193
1070 1376
262 712
1088 614
1464 475
1588 1013
1789 946
554 1374
1642 963
1043 38
771 544
558 290
980 1615
141 1046
198 197
485 945
239 1879
349 1505
839 306
210 1245
1542 1493
1601 976
351 935
1480 1930
1835 382
425 843
1246 978
855 576
673 1969
1441 1471
673 1663
83 1221
1366 1984
179 1138
1925 1438
559 1590
1576 1050
1905 1366
1623 1837
1164 559
514 1361
808 1742
1558 1944
430 1783
1650 1139
140 255
1236 449
1925 872
1314 987
294 1414
449 431
1179 244
1769 349
426 802
931 1413
1956 726
730 1785
1697 142
100 1802
159 1070
1721 1995
1200 807
1692 304
1630 1994
1514 1583
1161 59
1060 757
1843 708
1647 559
1042 1932
658 1198
1884 1402
780 1673
139 172
1306 22
1515 595
1347 268
1921 1586
1883 1019
237 1053
1955 1943
1921 740
796 1285
374 1152
926 1980
1943 844
1159 781
1584 901
7 1386
266 1717
1839 1823
529 1998
1859 82
106 1377
1700 826
1031 376
865 1011
72 93
1759 1564
1035 1809
1061 1412
979 342
510 741
1268 1552
404 1711
1333 43
1763 64
1926 991
1442 1761
1134 1836
1754 840
1692 1346
514 1148
144 1317
160 25
471 1510
1685 277
618 136
1289 601
1439 974
49 1585
1387 1668
1021 1801
1662 704
83 1443
1191 1566
1364 1268
882 592
1750 496
191 305
658 487
161 344
299 950
420 534
176 779
520 590
293 179
400 1728
232 732
1064 1490
1628 828
215 246
11 38
1639 294
707 1830
1034 1878
15 1039
1969 1440
1063 1477
761 807
683 163
1577 1370
418 766
1451 1909
114 1447
736 1899
722 1664
325 1356
1626 1348
1065 1637
485 1721
463 506
104 1367
1220 1374
1044 833
1220 947
1554 1895
1994 486
1589 1734
1047 1002
905 926
1639 1770
1643 1070
361 1046
62 273
21 846
189 653
161 539
210 1772
554 78
1969 1829
808 39
834 1902
46 338
1307 120
417 232
1380 1534
399 1107
1131 1883
802 496
1614 1145
1797 1789
1018 817
1226 389
1995 1133
1653 55
1448 751
1130 573
1747 410
1692 691
703 1855
1488 737
276 1351
320 1352
926 1428
711 84
1283 1162
853 199
375 630
173 590
1242 1331
1092 482
887 1589
639 302
1611 632
1700 548
441 338
713 116
1910 588
434 1947
354 1770
1383 1690
128 930
801 313
1604 1851
859 1827
1868 1886
506 615
1171 1925
44 669
1628 25
1743 973
1306 1004
1923 199
1961 1540
979 1771
314 672
797 907
1061 964
977 433
732 1440
76 1549
264 1800
1891 613
72 356
160 976
1654 949
776 1292
1709 1707
1930 817
415 525
1620 1289
877 1512
1241 375
1327 1486
1787 914
465 764
786 1796
1010 963
1452 29
1580 604
1198 1823
1372 154
1397 1044
350 39
141 402
1642 1629
432 662
988 1994
1347 1642
139 1904
1502 1973
1798 1833
65 1100
300 502
1188 622
1529 1943
708 1599
1425 1550
1497 1052
46 14
1778 1689
1786 908
558 89
658 128
383 1475
1850 1824
276 1170
867 1019
143 446
592 1127
1195 280
1101 1263
543 978
1628 93
1201 1575
1354 323
1159 1346
354 419
1278 1649
557 1797
688 1191
1757 313
528 1240
210 1871
1503 86
619 30
1536 1134
51 766
56 187
1625 1855
1203 1947
606 822
1570 982
1027 1410
711 1503
1394 1860
381 642
1495 302
49 490
428 1107
1949 555
48 1390
1460 335
1423 162
1262 355
1184 367
1603 1467
1895 1609
318 1822
868 1242
1128 1038
75 983
552 1562
1520 1543
422 995
456 1375
447 1063
748 1124
1121 1546
1886 701
819 975
1569 1746
961 787
654 745
1418 2
392 1120
357 1704
491 776
733 1105
36 1883
287 1243
347 1180
81 1651
1033 690
2 3
897 1074
1363 1649
1579 1502
846 1414
694 691
647 251
1204 659
1646 766
642 840
868 1869
1171 1257
149 520
1370 1138
1098 1598
1527 760
1118 55
159 1290
1201 504
1384 1105
1428 442
171 945
533 1504
1682 1958
34 883
1913 1583
994 249
881 1794
42 697
209 1768
1762 644
1709 1679
1905 644
419 1131
1780 1648
1908 1160
1019 1798
183 408
1512 319
154 561
1557 1550
235 113
1859 432
365 677
326 994
1365 333
65 1842
1800 455
44 853
406 805
102 992
1196 1728
1042 1703
1096 1933
1646 466
358 849
322 1070
1640 563
1395 1245
686 1518
1131 791
1016 1961
1497 40
1917 261
402 1232
47 1921
1881 1857
1775 1073
821 457
807 103
1169 57
143 369
622 647
1900 312
903 1878
1664 421
968 371
430 1016
142 1753
388 290
496 1327
278 1021
1781 526
1617 1024
1095 1580
1627 364
1402 390
773 405
1770 150
399 79
78 896
1638 740
1580 847
1789 229
1423 199
162 1918
155 1644
1391 1540
1165 1685
714 709
1006 190
265 396
321 932
1363 867
16 996
926 66
1611 974
1750 850
1810 288
1900 1742
135 1779
1683 1100
580 1529
698 1040
752 1109
1128 653
1632 1427
167 1693
433 725
1007 1710
995 1797
1815 214
314 1646
187 127
863 519
1989 1446
100 560
510 1916
882 1997
1418 669
1514 1820
1510 1287
1790 1631
1856 579
940 177
207 472
1291 1482
1162 16
105 1312
1392 606
548 1136
1652 1383
1065 1082
632 1287
452 913
991 698
1838 1416
1753 1785
1419 1132
1734 636
904 802
1376 1446
741 1717
1573 864
1411 727
1798 860
1102 1763
1915 252
1986 1382
378 938
1545 403
150 1507
1814 374
677 1397
301 509
1867 35
1907 430
125 1372
1838 1267
576 809
520 1053
364 30
601 1196
942 838
127 1805
823 933
1775 1670
1916 1807
1967 1797
782 1655
1696 1478
1690 1478
1462 273
1023 934
126 655
187 852
376 1012
1053 1262
23 384
18 1039
940 1437
1801 1680
363 1029
1405 1786
1753 1232
1846 823
1435 1204
48 1858
948 525
1749 945
163 572
491 1386
1461 1043
65 1746
680 520
37 637
1539 511
471 43
1046 197
8 1952
1018 1108
757 959
1062 907
550 1532
764 2
441 1669
942 1873
114 502
1187 1434
280 377
754 307
10 1858
1132 320
21 1423
1337 1411
629 990
875 1308
1566 1038
1993 1041
846 424
1781 556
358 1717
1605 1475
1289 1723
1873 1702
1177 1961
218 323
1621 1309
1953 1611
1177 1364
28 496
1344 1891
620 1276
1470 1034
1678 1081
959 802
1910 676
1926 1989
1438 930
1837 252
349 1667
72 889
623 1689
1735 139
73 1165
1887 120
1825 575
981 418
610 726
1414 441
20 911
1298 1191
1193 1309
624 1133
634 191
1249 756
1005 1342
1054 1602
160 1426
268 1731
1695 677
1883 1503
1949 1926
1767 979
1847 226
446 960
1921 22
1510 1438
557 1763
1259 1153
40 1630
16 711
199 18
838 1339
100 1539
1528 911
1700 455
1938 1900
433 490
82 1655
354 1866
1600 1925
205 823
981 44
1225 346
244 537
1158 926
619 1580
993 1350
991 1870
1314 1518
1015 150
685 1446
1355 910
1808 326
1584 1643
220 688
745 1725
1808 1611
901 1977
848 354
764 1462
250 384
9 266
434 1069
1516 173
1135 1447
190 462
517 125
371 36
1483 630
333 592
1542 467
1754 1776
782 297
57 804
1549 1169
507 1353
1364 1198
98 1961
284 576
951 1494
1269 1234
79 1958
611 1760
585 1562
1770 788
297 900
1485 251
1751 1460
1928 358
1943 1801
1553 737
1586 600
716 734
312 1470
728 158
833 1086
156 1559
710 123
1183 1550
255 354
514 1772
1885 111
828 1635
406 123
1405 697
705 13
250 1259
1814 592
1254 1150
315 649
1801 1698
622 584
926 535
446 115
524 1359
1591 1028
1049 1861
1618 1348
1760 964
109 91
