1000
21 26 250
21 71 5
24 62 95
54 72 80
84 111 151
96 109 47
97 110 244
101 128 97
103 131 294
130 146 187
141 182 195
164 214 267
164 167 133
194 238 243
221 261 281
229 235 124
231 235 180
258 277 251
264 292 91
289 314 155
304 318 37
329 342 269
348 373 200
374 400 84
400 436 58
403 407 222
413 462 160
423 462 283
437 465 216
467 473 158
467 480 48
497 546 219
497 542 184
511 538 14
518 536 243
542 567 8
571 573 145
577 609 295
580 621 166
608 626 252
636 678 33
637 665 43
640 675 67
658 667 277
675 681 85
701 748 232
704 728 181
712 757 168
717 720 146
717 718 78
738 776 194
753 763 144
765 794 214
779 794 116
780 826 19
795 823 43
799 823 112
810 838 226
834 856 266
852 893 41
880 909 27
900 908 35
909 910 289
928 950 63
947 991 73
962 966 28
984 1003 27
1007 1055 290
1018 1043 60
1034 1060 296
1052 1073 43
1064 1067 288
1078 1081 130
1095 1118 187
1114 1156 269
1144 1157 185
1164 1190 7
1166 1193 288
1182 1210 160
1196 1232 86
1220 1246 228
1231 1256 147
1244 1271 171
1248 1275 198
1268 1282 26
1293 1310 185
1311 1343 4
1326 1376 171
1344 1349 37
1365 1392 173
1369 1406 294
1371 1374 103
1374 1387 263
1376 1396 97
1395 1431 18
1414 1426 186
1429 1449 81
1429 1464 143
1439 1465 239
1463 1487 282
1493 1527 49
1516 1545 102
1520 1536 30
1535 1567 134
1561 1602 112
1579 1588 275
1582 1600 298
1598 1640 263
1617 1666 8
1643 1647 245
1646 1662 108
1664 1713 217
1684 1704 41
1685 1695 151
1697 1715 285
1720 1730 48
1729 1752 86
1732 1753 278
1745 1776 198
1748 1762 236
1750 1792 150
1764 1800 273
1789 1803 89
1811 1826 17
1839 1879 256
1858 1886 154
1859 1885 240
1882 1885 223
1910 1916 138
1913 1949 242
1935 1945 131
1939 1985 115
1951 1959 228
1953 1969 46
1953 1965 157
1970 2013 99
1993 2027 7
2013 2018 174
2015 2059 139
2018 2043 141
2023 2073 296
2048 2081 288
2075 2108 105
2105 2134 107
2115 2130 194
2123 2151 21
2145 2184 241
2149 2165 277
2167 2217 175
2184 2200 10
2189 2216 212
2204 2219 213
2223 2228 45
2250 2293 148
2278 2299 47
2294 2305 62
2316 2344 154
2334 2340 210
2364 2400 196
2367 2411 205
2370 2409 259
2394 2437 144
2423 2457 90
2448 2493 168
2459 2507 202
2485 2515 85
2509 2516 204
2512 2551 25
2531 2575 9
2556 2595 98
2577 2624 182
2589 2597 190
2619 2621 126
2648 2664 246
2670 2681 45
2682 2716 67
2684 2706 73
2709 2716 121
2710 2730 287
2734 2768 266
2739 2763 210
2744 2765 13
2762 2803 27
2788 2800 82
2791 2803 260
2800 2805 170
2801 2842 284
2807 2855 90
2810 2859 222
2824 2838 142
2845 2895 196
2856 2865 249
2861 2872 282
2888 2914 225
2902 2949 80
2906 2922 71
2916 2956 176
2931 2958 103
2951 2959 258
2970 2990 135
2970 2991 274
2979 3012 166
2986 3028 223
3013 3051 125
3020 3050 25
3021 3063 216
3032 3047 256
3053 3055 93
3069 3116 92
3071 3094 251
3072 3120 191
3098 3108 75
3123 3126 103
3125 3141 137
3147 3157 165
3166 3215 48
3192 3227 45
3201 3224 53
3217 3236 18
3234 3258 105
3237 3282 220
3267 3280 278
3284 3291 246
3302 3304 268
3325 3357 164
3341 3344 148
3346 3374 258
3348 3377 206
3352 3387 35
3356 3391 231
3377 3390 197
3407 3427 278
3419 3441 93
3447 3473 59
3447 3460 161
3449 3474 17
3471 3474 187
3473 3490 79
3501 3506 78
3510 3516 142
3539 3569 205
3557 3599 51
3565 3595 38
3576 3579 189
3579 3617 174
3605 3611 1
3627 3642 173
3630 3653 65
3631 3643 153
3640 3671 259
3644 3659 165
3645 3685 108
3675 3685 188
3696 3714 121
3719 3720 250
3740 3787 120
3743 3788 20
3766 3797 171
3775 3779 135
3789 3825 117
3798 3813 140
3812 3819 284
3827 3857 225
3838 3882 262
3862 3869 260
3881 3931 284
3898 3905 58
3909 3942 10
3932 3974 36
3952 3959 141
3965 3969 154
3980 4021 68
3988 4038 171
4011 4040 75
4022 4069 36
4040 4071 270
4045 4086 179
4051 4096 63
4056 4106 55
4077 4082 283
4077 4078 190
4080 4084 76
4084 4121 247
4099 4143 176
4114 4139 31
4123 4165 264
4130 4163 283
4143 4185 106
4149 4157 7
4174 4199 89
4184 4213 98
4210 4212 185
4221 4257 239
4237 4276 122
4241 4291 50
4264 4294 224
4268 4282 129
4297 4316 178
4327 4351 280
4352 4361 152
4369 4406 24
4373 4411 62
4391 4393 268
4416 4443 119
4443 4461 165
4449 4495 161
4465 4495 193
4488 4533 5
4494 4508 124
4495 4510 52
4523 4531 221
4550 4560 230
4562 4587 276
4567 4575 230
4595 4609 81
4600 4637 164
4608 4634 56
4621 4637 172
4645 4662 168
4658 4670 176
4684 4702 84
4698 4726 10
4708 4757 127
4714 4747 147
4721 4759 226
4751 4785 108
4760 4768 173
4788 4805 154
4790 4813 98
4816 4861 222
4822 4852 195
4839 4863 183
4845 4860 237
4852 4895 208
4863 4904 83
4875 4884 260
4905 4934 287
4923 4932 90
4953 4977 262
4977 4998 225
5004 5027 237
5033 5052 168
5044 5060 47
5067 5077 129
5087 5098 246
5103 5115 1
5103 5141 149
5132 5139 74
5134 5152 141
5150 5157 64
5154 5165 172
5161 5171 214
5166 5216 208
5172 5201 57
5201 5210 17
5213 5235 212
5230 5270 88
5255 5270 124
5259 5299 260
5280 5315 260
5281 5292 52
5311 5335 103
5337 5372 279
5357 5401 195
5360 5368 131
5385 5389 274
5392 5434 30
5409 5459 10
5409 5431 10
5432 5448 137
5457 5496 244
5479 5527 165
5502 5532 275
5518 5542 38
5538 5556 173
5556 5603 151
5566 5572 215
5594 5612 226
5622 5640 111
5638 5665 71
5668 5679 49
5672 5681 31
5702 5744 78
5719 5748 15
5737 5772 12
5761 5802 195
5790 5832 5
5807 5855 90
5835 5855 107
5843 5854 200
5847 5896 16
5858 5907 36
5867 5909 57
5874 5892 180
5882 5905 258
5911 5940 287
5924 5962 176
5954 5971 46
5982 6024 196
5986 6028 68
5998 6002 60
6007 6054 160
6011 6047 272
6014 6041 225
6016 6059 290
6024 6067 78
6035 6059 7
6056 6058 23
6077 6086 180
6077 6107 276
6086 6096 95
6103 6110 244
6133 6175 26
6153 6185 62
6153 6165 90
6154 6186 59
6160 6177 48
6180 6188 27
6204 6219 271
6216 6249 193
6217 6227 214
6217 6226 274
6218 6239 152
6248 6262 93
6265 6287 165
6270 6294 106
6300 6326 116
6309 6357 7
6312 6321 125
6326 6342 109
6327 6340 201
6328 6363 269
6349 6356 5
6349 6376 292
6374 6410 21
6377 6382 194
6379 6419 68
6397 6438 174
6416 6466 170
6437 6466 125
6455 6469 114
6479 6507 66
6504 6523 258
6515 6553 235
6528 6562 251
6533 6537 195
6558 6583 169
6582 6628 99
6595 6637 293
6616 6617 83
6630 6671 299
6645 6664 31
6647 6694 123
6654 6702 105
6673 6678 146
6694 6737 291
6718 6763 239
6741 6762 147
6761 6778 79
6761 6794 171
6779 6821 275
6782 6822 202
6811 6851 90
6816 6862 17
6819 6831 7
6846 6865 237
6875 6904 16
6880 6896 27
6880 6908 31
6904 6941 197
6934 6964 77
6950 6961 158
6972 6983 58
6997 7007 71
7000 7050 44
7003 7028 236
7010 7044 43
7034 7070 226
7059 7084 197
7070 7099 233
7073 7111 102
7098 7120 96
7127 7155 115
7154 7168 99
7174 7176 196
7184 7208 13
7205 7232 27
7218 7267 240
7231 7275 211
7247 7257 274
7274 7297 28
7298 7335 162
7322 7364 24
7344 7356 246
7365 7406 139
7386 7430 252
7413 7457 85
7429 7443 215
7447 7494 235
7449 7465 237
7452 7488 206
7452 7464 27
7468 7513 300
7497 7541 89
7500 7543 189
7514 7555 39
7531 7541 19
7555 7593 125
7575 7592 177
7584 7616 150
7587 7589 46
7593 7603 279
7619 7637 92
7644 7683 27
7652 7694 196
7663 7712 144
7670 7696 285
7680 7700 286
7696 7728 220
7720 7750 212
7723 7747 281
7740 7784 207
7754 7756 190
7770 7793 85
7784 7801 98
7809 7833 39
7822 7865 278
7823 7854 192
7851 7871 298
7875 7886 116
7903 7906 216
7911 7941 181
7922 7933 299
7924 7943 271
7930 7956 174
7954 7973 7
7968 8009 97
7975 8015 185
7989 8039 168
8016 8019 198
8034 8035 94
8050 8054 270
8051 8058 231
8070 8072 180
8097 8111 95
8098 8138 201
8098 8136 118
8108 8133 17
8115 8135 146
8128 8148 272
8131 8177 299
8137 8159 181
8144 8170 244
8168 8189 70
8195 8245 239
8225 8261 173
8233 8272 114
8252 8268 16
8275 8293 113
8301 8315 217
8311 8346 57
8322 8349 194
8338 8370 15
8347 8358 139
8350 8377 94
8352 8360 51
8374 8407 85
8403 8440 22
8426 8459 10
8446 8464 103
8459 8504 277
8463 8512 153
8489 8533 190
8513 8527 252
8529 8552 225
8538 8573 41
8551 8575 192
8577 8602 161
8596 8601 213
8607 8638 158
8614 8632 73
8623 8673 160
8648 8658 115
8654 8704 1
8682 8711 254
8697 8706 143
8717 8736 42
8722 8748 269
8727 8759 93
8740 8759 144
8754 8785 86
8764 8777 270
8768 8770 116
8786 8790 54
8796 8818 43
8822 8862 234
8826 8836 199
8855 8885 10
8867 8917 59
8892 8920 278
8899 8948 239
8908 8922 114
8927 8945 243
8929 8972 70
8939 8964 48
8945 8953 51
8952 8993 197
8980 9018 204
9000 9003 99
9008 9042 248
9027 9037 276
9047 9078 156
9065 9083 149
9065 9108 82
9073 9104 28
9074 9098 145
9074 9103 249
9092 9101 3
9103 9124 85
9125 9163 225
9143 9159 276
9160 9209 64
9163 9184 187
9170 9217 249
9196 9230 78
9200 9236 200
9230 9259 178
9243 9254 142
9271 9287 250
9281 9319 89
9298 9332 62
9306 9313 37
9319 9348 94
9348 9361 162
9356 9404 20
9377 9404 41
9402 9447 213
9423 9456 114
9451 9501 224
9480 9499 129
9482 9529 129
9487 9521 204
9511 9543 226
9541 9583 162
9561 9595 153
9581 9591 155
9603 9617 29
9604 9645 144
9622 9670 165
9632 9653 280
9648 9679 240
9677 9727 86
9696 9723 39
9711 9754 261
9725 9751 101
9743 9779 81
9750 9771 278
9777 9824 192
9791 9811 157
9791 9824 143
9811 9812 123
9813 9846 235
9839 9871 101
9842 9881 23
9871 9916 76
9895 9939 159
9910 9922 223
9917 9936 136
9936 9956 296
9952 9966 206
9975 10006 40
9994 10031 71
9995 10001 120
10022 10063 252
10026 10041 138
10054 10079 132
10054 10074 277
10082 10096 179
10105 10136 146
10133 10175 70
10163 10194 161
10165 10167 94
10171 10200 268
10173 10202 20
10187 10198 206
10206 10240 44
10208 10238 62
10219 10230 299
10242 10292 153
10252 10298 71
10279 10326 28
10283 10295 224
10286 10333 244
10295 10318 142
10318 10319 69
10321 10353 125
10336 10367 65
10354 10362 193
10382 10392 46
10408 10447 189
10412 10455 84
10417 10454 87
10418 10462 91
10439 10489 216
10451 10454 131
10452 10500 37
10459 10490 240
10467 10481 148
10491 10526 289
10492 10533 137
10521 10551 176
10523 10563 205
10530 10573 156
10537 10564 270
10564 10613 99
10578 10603 90
10589 10610 62
10605 10613 179
10618 10631 127
10622 10641 17
10645 10669 269
10654 10699 232
10657 10681 14
10659 10698 299
10689 10738 118
10697 10719 143
10698 10734 33
10700 10741 50
10714 10717 62
10742 10760 159
10751 10772 230
10759 10805 147
10769 10812 28
10778 10809 89
10807 10831 19
10820 10867 17
10831 10841 284
10850 10884 108
10871 10912 125
10886 10910 88
10913 10925 180
10918 10935 263
10932 10951 210
10954 10992 148
10961 11009 101
10987 11010 94
11001 11012 114
11019 11037 256
11041 11049 158
11050 11063 230
11063 11103 258
11081 11088 19
11096 11111 166
11096 11123 28
11106 11113 288
11122 11144 262
11139 11183 149
11145 11146 141
11151 11176 257
11152 11155 75
11165 11183 280
11168 11180 300
11197 11209 183
11218 11234 145
11232 11276 98
11258 11282 189
11286 11298 255
11286 11322 267
11301 11341 291
11309 11320 199
11332 11364 217
11355 11393 259
11376 11397 155
11386 11407 146
11394 11410 249
11423 11432 297
11449 11481 30
11479 11481 5
11488 11526 49
11513 11520 131
11517 11559 18
11544 11571 182
11574 11596 200
11587 11618 173
11599 11648 238
11604 11614 222
11608 11620 93
11619 11642 180
11639 11656 202
11667 11671 28
11684 11686 62
11708 11756 192
11732 11779 280
11756 11806 255
11757 11806 181
11764 11768 201
11774 11824 63
11799 11818 286
11812 11831 81
11820 11842 2
11843 11857 69
11852 11882 72
11859 11904 254
11863 11883 73
11889 11938 5
11907 11924 95
11937 11982 10
11965 11974 168
11993 12043 90
11995 11998 241
12007 12031 260
12008 12033 249
12038 12073 236
12054 12084 190
12082 12103 27
12084 12102 130
12090 12129 248
12098 12129 40
12124 12130 145
12147 12160 84
12161 12194 115
12163 12169 298
12190 12226 80
12193 12228 250
12212 12215 117
12236 12265 144
12264 12278 85
12293 12318 270
12305 12326 42
12319 12357 156
12335 12358 120
12340 12389 283
12346 12367 147
12370 12407 218
12393 12431 187
12404 12438 275
12410 12426 297
12414 12420 143
12436 12448 180
12451 12491 285
12455 12488 201
12474 12490 250
12486 12495 53
12511 12525 235
12518 12523 117
12546 12582 288
12573 12618 161
12586 12632 206
12592 12621 96
12601 12648 155
12615 12650 105
12623 12642 222
12627 12659 230
12630 12655 79
12637 12666 193
12647 12682 233
12654 12703 110
12663 12676 69
12681 12717 245
12708 12743 197
12738 12779 112
12743 12751 154
12764 12779 89
12767 12791 24
12777 12819 254
12782 12832 170
12802 12818 273
12809 12847 258
12838 12863 298
12848 12890 30
12871 12904 111
12878 12916 111
12904 12917 79
12911 12933 65
12936 12958 178
12954 12966 87
12968 12975 114
12986 13032 65
12986 12988 265
12998 13035 256
13009 13035 97
13011 13026 130
13026 13031 280
13053 13094 63
13066 13116 150
13069 13104 122
13081 13110 126
13092 13116 242
13103 13108 298
13112 13134 57
13137 13146 252
13147 13178 243
13168 13183 196
13195 13216 68
13206 13251 212
13214 13236 269
13239 13271 222
13253 13270 66
13281 13296 66
13289 13324 265
13292 13308 177
13316 13328 54
13323 13350 226
13346 13360 78
13362 13403 119
13370 13395 97
13390 13394 29
13420 13422 258
13423 13455 187
13446 13477 282
13459 13461 96
13474 13506 178
13504 13529 244
13523 13560 65
13530 13531 246
13532 13572 190
13539 13544 84
13563 13569 4
13583 13607 99
13610 13659 134
13619 13644 256
13630 13638 239
13639 13641 152
13664 13685 108
13680 13685 220
13699 13747 255
13719 13737 128
13747 13779 272
13747 13764 159
13760 13794 84
13768 13796 67
13796 13826 86
13800 13825 241
13808 13853 60
13832 13855 150
13839 13866 14
13841 13852 300
13853 13862 143
13868 13872 286
13883 13915 274
13887 13898 297
13892 13937 21
13895 13923 25
13904 13906 32
13920 13939 296
13941 13945 277
13943 13977 134
13971 14020 44
13995 13996 95
14002 14019 137
14014 14041 13
14042 14066 276
14055 14096 96
14077 14083 99
14104 14128 24
14121 14131 76
14142 14156 53
14154 14169 236
14180 14183 120
14183 14204 199
14189 14198 189
14203 14245 249
14203 14241 183
14222 14241 296
14225 14260 287
14253 14297 186
14269 14288 260
14284 14296 288
14298 14334 120
14314 14363 131
14317 14357 38
14344 14372 181
14350 14352 202
14380 14413 220
14410 14457 201
14440 14485 133
14468 14485 98
14491 14503 29
14505 14541 58
14531 14538 218
14557 14598 261
14586 14621 243
14591 14618 42
14595 14640 40
14624 14655 226
14641 14647 71
14645 14663 169
14665 14714 158
14673 14679 273
14681 14693 176
14694 14741 151
14724 14737 273
14740 14781 160
14761 14775 240
14770 14817 275
14778 14798 184
14790 14834 106
14792 14837 158
14813 14814 295
14839 14883 148
