1000
14 58 298
28 67 145
40 57 200
69 90 266
92 114 118
110 154 51
131 164 10
151 190 59
167 201 266
168 211 90
196 245 139
205 214 111
218 258 67
218 250 44
244 257 38
255 267 90
263 304 255
292 325 37
305 315 271
305 323 285
325 368 114
331 350 206
345 382 109
348 371 93
350 387 185
377 416 187
383 414 80
395 420 273
410 449 241
415 420 158
432 459 27
458 499 141
465 508 193
477 527 116
495 531 86
500 538 15
500 514 140
529 536 215
532 580 14
559 609 291
584 621 145
605 648 247
605 633 160
617 624 247
618 642 218
638 685 78
659 695 180
689 711 142
693 724 49
723 734 219
743 759 65
752 773 216
752 758 133
782 814 97
810 841 53
832 875 109
849 859 78
866 885 39
870 871 117
883 927 209
884 915 76
899 917 4
905 926 86
935 977 276
960 999 247
985 999 208
986 998 236
1005 1047 191
1019 1029 207
1047 1088 252
1069 1089 25
1090 1096 94
1117 1148 16
1129 1158 230
1154 1166 161
1165 1170 15
1177 1217 17
1181 1212 35
1195 1240 240
1216 1246 129
1225 1261 131
1251 1270 56
1272 1316 276
1282 1305 246
1287 1331 89
1309 1325 199
1332 1351 72
1361 1382 206
1385 1402 55
1397 1427 141
1425 1453 288
1451 1458 177
1451 1459 52
1467 1478 211
1468 1516 174
1486 1501 298
1512 1530 36
1539 1575 145
1565 1578 174
1569 1599 83
1597 1606 159
1626 1627 283
1656 1659 92
1686 1735 84
1712 1759 29
1725 1742 261
1732 1773 140
1739 1781 172
1751 1765 271
1781 1828 104
1795 1801 125
1800 1838 10
1800 1805 221
1814 1820 249
1821 1866 34
1824 1853 281
1845 1883 145
1858 1887 193
1878 1926 63
1904 1938 262
1920 1959 206
1937 1986 78
1947 1991 101
1956 1980 71
1961 1978 160
1981 2014 153
1997 2041 4
2005 2033 152
2008 2045 31
2038 2058 105
2055 2104 183
2077 2080 27
2106 2119 203
2122 2152 183
2125 2169 14
2144 2148 176
2145 2169 241
2166 2196 292
2174 2190 91
2194 2224 223
2219 2250 125
2245 2267 49
2252 2255 184
2273 2317 112
2276 2289 100
2304 2321 96
2323 2373 224
2342 2371 35
2353 2364 103
2372 2406 219
2382 2405 44
2395 2403 183
2396 2416 270
2423 2457 16
2432 2437 67
2440 2445 9
2462 2478 5
2489 2502 99
2507 2514 101
2532 2572 164
2539 2559 61
2565 2570 148
2584 2629 300
2604 2608 11
2610 2611 179
2631 2670 170
2648 2697 295
2656 2667 58
2682 2723 196
2708 2733 263
2717 2742 10
2746 2752 39
2761 2780 259
2761 2790 60
2767 2785 24
2791 2793 76
2791 2838 156
2819 2820 293
2828 2851 153
2847 2855 224
2872 2902 81
2873 2887 52
2876 2890 150
2892 2910 6
2896 2917 239
2924 2956 37
2947 2997 20
2968 2988 162
2971 2993 28
2975 2981 290
2992 3018 132
3012 3034 254
3013 3027 31
3035 3079 283
3064 3088 125
3069 3103 185
3087 3136 259
3116 3117 174
3123 3173 230
3136 3174 245
3156 3192 229
3159 3206 42
3161 3188 191
3175 3217 176
3180 3196 92
3201 3236 277
3216 3248 158
3231 3257 182
3256 3300 40
3265 3308 196
3271 3319 276
3283 3293 190
3303 3329 55
3321 3348 119
3341 3363 5
3353 3382 236
3380 3417 80
3406 3437 206
3432 3464 245
3448 3465 140
3466 3473 101
3478 3499 133
3505 3515 102
3534 3579 7
3555 3588 48
3577 3627 252
3582 3615 186
3590 3608 225
3609 3647 273
3629 3674 266
3635 3640 36
3657 3666 295
3659 3690 91
3669 3703 7
3678 3726 161
3701 3710 118
3729 3751 142
3752 3800 119
3764 3805 234
3782 3806 296
3786 3791 31
3813 3820 65
3830 3833 159
3831 3872 151
3844 3851 68
3863 3885 77
3892 3918 102
3906 3913 94
3909 3937 86
3923 3946 134
3932 3936 186
3951 3984 50
3960 3964 172
3978 3987 154
3995 4035 106
4016 4054 93
4030 4047 140
4051 4078 19
4075 4117 141
4093 4107 227
4102 4145 66
4120 4128 298
4133 4158 189
4138 4156 10
4165 4185 232
4180 4198 1
4190 4230 21
4207 4239 216
4232 4240 8
4243 4286 79
4253 4277 73
4280 4300 175
4298 4301 40
4323 4350 226
4336 4360 42
4354 4356 77
4371 4374 205
4373 4421 83
4400 4409 185
4425 4433 277
4436 4439 297
4436 4448 287
4449 4454 262
4453 4479 195
4462 4510 280
4483 4506 222
4499 4535 3
4508 4524 42
4528 4536 222
4535 4571 298
4536 4586 264
4539 4566 207
4545 4579 289
4551 4598 149
4557 4560 233
4564 4574 192
4576 4623 157
4578 4612 25
4579 4621 17
4591 4618 82
4604 4616 123
4609 4617 193
4611 4639 299
4611 4624 57
4636 4644 63
4665 4715 243
4687 4716 264
4714 4724 298
4727 4745 288
4737 4743 101
4747 4788 144
4747 4756 13
4748 4756 7
4750 4796 22
4764 4776 109
4783 4813 98
4784 4833 50
4797 4827 146
4797 4837 72
4819 4852 115
4838 4858 154
4855 4861 248
4858 4865 273
4874 4911 200
4879 4897 224
4896 4915 165
4909 4953 223
4928 4965 261
4950 4954 287
4955 4987 107
4962 4978 213
4969 4976 278
4996 5023 162
5011 5046 45
5035 5048 270
5041 5043 259
5066 5072 46
5096 5130 276
5116 5135 173
5127 5141 96
5146 5161 158
5159 5193 109
5159 5194 176
5177 5211 69
5205 5206 49
5230 5265 119
5250 5288 288
5253 5293 239
5275 5301 144
5288 5321 126
5309 5321 203
5334 5373 84
5339 5344 274
5359 5401 175
5386 5399 44
5415 5419 182
5436 5442 232
5452 5496 47
5482 5485 278
5504 5517 218
5515 5545 24
5543 5559 239
5562 5605 288
5568 5591 115
5591 5626 156
5591 5624 288
5609 5652 10
5624 5666 232
5631 5660 260
5654 5686 48
5662 5684 54
5665 5698 210
5694 5696 217
5699 5728 168
5726 5731 173
5739 5755 96
5764 5772 205
5773 5798 89
5778 5785 277
5792 5830 213
5811 5848 277
5815 5816 181
5820 5827 102
5830 5853 232
5832 5857 189
5836 5852 289
5850 5885 31
5867 5880 108
5890 5913 27
5916 5935 298
5945 5965 298
5960 5973 268
5978 5988 79
5998 6011 202
6015 6061 266
6037 6057 181
6043 6048 172
6047 6077 227
6054 6077 49
6054 6061 133
6083 6108 237
6084 6108 187
6105 6134 8
6125 6164 197
6130 6131 210
6135 6170 199
6153 6189 227
6163 6180 205
6179 6204 90
6179 6190 97
6199 6206 184
6214 6241 297
6217 6240 105
6226 6271 217
6256 6293 183
6274 6291 248
6296 6326 160
6307 6326 78
6311 6346 137
6320 6351 41
6331 6342 259
6345 6352 295
6345 6353 143
6375 6420 273
6375 6403 150
6382 6391 140
6388 6411 274
6391 6428 45
6412 6459 259
6434 6437 154
6450 6473 97
6457 6489 270
6457 6497 20
6457 6484 119
6470 6493 221
6498 6513 32
6516 6527 66
6529 6547 166
6558 6596 218
6574 6610 66
6579 6607 140
6580 6604 247
6584 6617 190
6590 6592 76
6590 6613 184
6613 6657 132
6626 6672 267
6650 6684 137
6665 6682 279
6678 6683 125
6700 6710 77
6716 6739 28
6745 6754 25
6770 6788 117
6789 6820 261
6816 6833 88
6816 6832 253
6831 6876 53
6840 6865 291
6847 6853 66
6854 6886 60
6859 6900 46
6868 6910 298
6887 6907 80
6908 6914 206
6916 6938 98
6930 6957 222
6942 6975 148
6968 6980 118
6975 7002 226
7002 7015 93
7002 7033 82
7010 7030 290
7034 7081 188
7061 7072 230
7074 7075 161
7086 7115 135
7104 7154 17
7126 7140 234
7142 7187 108
7170 7190 68
7183 7185 139
7192 7203 300
7201 7233 203
7221 7250 154
7246 7266 250
7265 7269 160
7285 7291 211
7312 7324 276
7339 7342 80
7349 7389 156
7354 7392 271
7379 7383 101
7406 7442 152
7413 7452 24
7433 7456 253
7446 7466 44
7476 7492 169
7480 7495 28
7483 7496 194
7493 7499 279
7505 7510 59
7521 7541 235
7527 7534 173
7556 7596 194
7577 7622 62
7597 7612 15
7627 7651 244
7641 7688 279
7647 7692 134
7649 7665 50
7657 7677 92
7659 7679 276
7675 7677 242
7694 7719 31
7711 7761 203
7725 7769 195
7727 7761 55
7749 7755 109
7772 7821 26
7782 7788 177
7782 7813 57
7811 7851 31
7833 7842 236
7853 7903 79
7859 7870 54
7865 7910 213
7869 7881 144
7884 7893 182
7904 7948 197
7919 7966 139
7922 7927 142
7939 7953 170
7950 8000 291
7952 7963 262
7959 7978 194
7980 8017 105
8002 8009 28
8007 8019 24
8008 8011 47
8017 8066 225
8023 8067 132
8042 8081 255
8046 8054 97
8053 8054 140
8067 8069 260
8082 8105 174
8110 8147 143
8118 8129 179
8123 8136 99
8130 8165 226
8156 8168 159
8160 8164 60
8175 8185 9
8199 8203 54
8226 8244 225
8236 8285 79
8257 8305 190
8280 8311 66
8281 8299 247
8311 8346 37
8322 8356 221
8330 8344 139
8353 8362 274
8373 8415 294
8388 8427 84
8412 8427 242
8415 8428 239
8420 8456 60
8428 8477 252
8430 8460 112
8455 8505 7
8468 8478 269
8487 8514 266
8489 8528 147
8499 8511 49
8511 8531 79
8528 8563 81
8546 8547 135
8575 8587 30
8604 8649 195
8607 8648 143
8619 8635 41
8644 8652 160
8668 8702 156
8689 8718 280
8713 8729 129
8740 8741 44
8754 8776 8
8775 8786 211
8802 8847 118
8820 8851 146
8829 8838 222
8842 8876 16
8852 8887 226
8878 8911 23
8887 8919 134
8912 8918 52
8938 8973 85
8940 8962 211
8950 8988 103
8970 8993 132
8979 8985 99
9008 9017 151
9034 9080 114
9036 9074 178
9065 9089 6
9089 9122 145
9096 9119 105
9113 9126 191
9137 9139 26
9151 9201 247
9167 9193 45
9197 9206 123
9208 9215 70
9237 9283 133
9244 9293 35
9262 9282 165
9281 9331 267
9311 9353 278
9334 9376 39
9337 9339 184
9340 9342 160
9349 9394 72
9350 9396 119
9369 9376 145
9386 9412 252
9400 9423 51
9409 9457 75
9430 9460 3
9452 9454 120
9464 9470 298
9483 9509 33
9507 9522 31
9529 9563 58
9541 9554 265
9562 9603 278
9579 9584 258
9588 9615 217
9614 9650 276
9626 9668 292
9652 9697 143
9658 9701 18
9670 9697 272
9682 9712 60
9693 9721 271
9717 9749 68
9736 9744 199
9755 9778 49
9755 9782 288
9779 9788 229
9794 9832 52
9802 9815 4
9814 9848 90
9836 9838 192
9843 9851 298
9846 9860 212
9856 9904 1
9858 9908 130
9865 9903 216
9883 9915 284
9907 9943 215
9907 9922 195
9932 9952 152
9943 9953 29
9957 10001 122
9957 10003 7
9985 10024 291
10004 10027 37
10006 10035 82
10030 10047 85
10044 10048 297
10060 10065 69
10090 10095 89
10094 10096 159
10118 10138 34
10136 10145 253
10146 10187 281
10165 10186 175
10184 10214 220
10196 10242 279
10221 10267 35
10221 10255 248
10238 10253 62
10239 10282 88
10265 10293 118
10282 10328 62
10310 10335 177
10338 10367 279
10354 10395 222
10354 10355 202
10374 10387 107
10391 10435 67
10421 10455 156
10434 10435 132
10434 10444 161
10449 10455 143
10475 10485 215
10481 10495 176
10484 10488 9
10499 10541 103
10516 10543 85
10544 10559 182
10563 10605 209
10578 10593 18
10583 10633 289
10609 10638 224
10623 10667 85
10649 10656 214
10666 10690 31
10667 10668 150
10687 10721 184
10716 10742 176
10734 10753 71
10745 10750 260
10771 10816 52
10774 10808 190
10793 10821 6
10797 10812 149
10821 10869 33
10835 10875 5
10856 10900 84
10877 10924 224
10898 10947 128
10911 10941 175
10920 10965 189
10934 10936 74
10946 10970 129
10952 10991 73
10971 10996 82
10987 11014 237
11008 11013 107
11011 11050 293
11030 11033 220
11060 11067 198
11080 11118 118
11080 11089 145
11095 11102 62
11120 11127 238
11125 11172 131
11154 11159 72
11172 11180 5
11192 11229 123
11194 11223 292
11205 11220 26
11214 11242 4
11225 11258 97
11250 11294 249
11255 11256 249
11268 11307 152
11270 11307 27
11273 11309 69
11281 11294 119
11299 11334 268
11322 11369 34
11329 11337 1
11349 11399 69
11369 11400 159
11394 11437 26
11413 11426 261
11424 11450 267
11436 11463 97
11440 11478 59
11449 11484 62
11463 11472 116
11483 11500 35
11511 11530 137
11527 11553 129
11548 11572 1
11578 11628 220
11583 11615 132
11589 11600 171
11615 11639 115
11633 11682 255
11645 11672 177
11653 11660 126
11681 11701 289
11695 11697 206
11715 11765 267
11730 11754 247
11754 11788 294
11761 11789 47
11791 11794 219
11802 11846 257
11831 11869 156
11854 11902 275
11882 11899 289
11907 11921 214
11928 11966 176
11930 11942 162
11955 11959 150
11970 12003 238
11985 12017 26
11992 12037 223
12003 12049 219
12006 12027 42
12024 12070 184
12031 12075 137
12053 12102 292
12082 12122 88
12083 12100 273
12091 12109 221
12104 12120 223
12123 12146 159
12132 12181 93
12134 12181 238
12149 12198 288
12166 12176 290
12192 12242 69
12201 12249 100
12208 12247 207
12236 12256 55
12257 12300 56
12268 12281 182
12271 12311 121
12273 12320 271
12278 12323 254
12287 12330 7
12297 12329 59
12323 12362 116
12350 12398 94
12360 12383 37
12372 12386 157
12388 12424 28
12414 12433 235
12437 12486 250
12442 12479 185
12451 12500 44
12480 12486 103
12502 12552 168
12525 12569 78
12542 12549 89
12561 12587 192
12573 12582 137
12583 12601 29
12603 12623 76
12633 12642 177
12637 12654 172
12644 12672 25
12651 12658 179
12671 12720 14
12692 12700 105
12713 12722 6
12723 12730 32
12741 12768 134
12763 12799 246
12779 12797 104
12781 12830 38
12801 12821 142
12824 12867 46
12826 12832 219
12853 12902 289
12871 12905 130
12901 12920 191
12909 12936 280
12923 12945 288
12923 12936 49
12925 12966 93
12933 12952 254
12954 12984 255
12954 12961 10
12964 12985 247
12987 13010 34
12999 13006 226
13022 13026 281
13042 13092 68
13046 13075 80
13068 13105 273
13073 13079 173
13096 13134 75
13099 13146 212
13124 13173 284
13148 13175 239
13165 13177 122
13174 13200 180
13181 13206 54
13199 13235 245
13217 13240 215
13236 13258 17
13253 13287 257
13278 13286 229
13280 13296 255
13305 13328 278
13334 13368 179
13334 13350 234
13344 13350 99
13366 13399 13
13385 13400 96
13394 13422 203
13407 13408 23
13431 13474 273
13451 13463 295
13464 13484 274
13482 13521 235
13499 13500 18
13515 13532 248
13518 13520 99
13521 13554 54
13524 13562 202
13553 13570 219
13572 13588 228
13584 13625 27
13589 13633 226
13618 13646 82
13621 13643 174
13638 13653 65
13664 13672 205
13668 13712 183
13679 13728 34
13693 13731 271
13721 13729 113
13733 13754 64
13752 13798 131
13782 13816 88
13796 13801 156
13797 13824 142
13819 13853 27
13837 13847 300
13847 13879 214
13867 13897 203
13897 13936 28
13915 13960 74
13921 13943 82
13948 13971 89
13971 13982 213
13978 14027 52
14005 14017 29
14014 14038 231
14020 14046 16
14039 14087 197
14040 14064 25
14043 14060 103
14062 14066 232
14078 14099 178
14102 14139 84
14129 14171 200
14134 14142 10
14163 14192 273
14190 14214 244
14219 14252 167
14245 14290 1
14261 14290 141
14288 14330 97
14288 14306 19
14317 14331 36
14341 14349 253
14350 14355 289
14367 14399 214
14379 14400 58
14385 14422 149
14406 14421 149
14418 14453 251
14431 14446 91
14446 14493 186
14455 14460 35
14456 14459 90
14481 14484 108
14493 14500 210
14502 14521 232
14502 14543 169
14503 14548 262
14519 14555 40
14540 14577 34
14569 14604 250
14587 14597 243
14588 14589 143
14615 14635 205
14631 14648 280
14638 14679 137
14652 14695 65
14680 14692 4
14683 14732 24
14703 14726 123
14733 14772 245
14760 14804 131
14770 14797 213
14788 14798 74
14810 14828 128
14837 14845 161
14840 14872 98
14846 14882 40
14864 14888 14
14878 14887 296
14890 14917 34
14907 14951 94
14936 14947 169
14961 15010 93
14989 15024 206
15001 15010 122
15004 15015 251
15015 15021 296
15042 15065 270
15051 15075 12
15080 15098 124
15092 15101 158
15122 15156 207
15128 15140 126
15157 15178 60
15164 15176 268
15179 15206 126
