1000
6 42 218
10 20 296
15 31 91
39 70 43
59 106 217
83 128 265
110 120 229
125 160 155
146 190 37
173 208 214
188 232 69
205 250 207
221 235 285
245 253 95
272 304 32
299 334 205
310 345 6
319 365 86
348 384 135
373 398 258
402 446 88
421 460 229
434 465 34
438 477 91
444 457 282
447 485 261
454 481 79
479 493 219
498 524 187
523 565 57
549 574 43
560 569 108
590 633 258
591 597 262
592 600 295
606 636 78
613 619 154
621 622 57
641 657 294
660 672 112
664 700 110
692 696 16
712 733 102
720 751 153
722 725 163
744 777 101
751 753 56
778 809 80
784 821 36
810 818 139
836 839 288
842 892 153
863 911 20
874 885 67
903 938 159
920 927 67
940 976 292
945 992 54
965 1013 45
982 1018 214
993 1031 102
1017 1035 147
1021 1058 205
1027 1034 286
1029 1071 128
1035 1064 80
1060 1096 172
1075 1098 286
1102 1104 222
1103 1134 73
1122 1149 91
1150 1182 97
1150 1176 101
1160 1210 87
1172 1190 187
1176 1203 27
1184 1227 50
1201 1230 135
1223 1245 98
1252 1253 25
1280 1282 52
1303 1348 77
1326 1356 104
1343 1366 287
1351 1366 250
1380 1391 170
1409 1454 1
1415 1416 66
1427 1474 158
1448 1471 261
1466 1483 270
1473 1508 225
1473 1490 187
1493 1519 121
1493 1513 166
1493 1528 125
1501 1529 95
1528 1538 17
1548 1584 143
1558 1594 107
1566 1576 290
1590 1623 243
1607 1639 249
1612 1656 243
1632 1677 155
1636 1637 126
1658 1670 77
1676 1702 75
1689 1690 227
1708 1756 83
1721 1743 42
1749 1772 21
1766 1794 275
1794 1827 268
1809 1821 51
1834 1882 58
1836 1854 228
1841 1849 139
1870 1899 292
1896 1897 18
1912 1923 253
1925 1929 254
1927 1968 293
1932 1949 214
1935 1967 48
1957 1990 220
1975 2021 279
1999 2032 122
2026 2045 55
2032 2042 79
2034 2050 229
2049 2056 106
2050 2070 85
2075 2120 123
2095 2125 135
2103 2111 63
2120 2138 274
2140 2164 159
2164 2204 92
2183 2233 228
2199 2244 262
2207 2214 117
2230 2232 234
2234 2243 142
2241 2259 201
2262 2298 91
2266 2315 88
2281 2318 261
2286 2290 32
2291 2316 295
2308 2310 22
2332 2358 14
2342 2350 183
2355 2371 289
2356 2378 99
2375 2384 158
2405 2407 55
2414 2436 205
2439 2458 76
2443 2489 282
2461 2474 190
2471 2501 99
2483 2528 218
2505 2508 204
2515 2557 178
2519 2561 115
2543 2557 6
2555 2558 86
2565 2615 135
2586 2593 53
2613 2638 292
2630 2667 222
2642 2668 225
2667 2675 136
2673 2713 15
2681 2707 273
2694 2730 277
2724 2736 18
2731 2760 273
2748 2784 54
2776 2778 190
2783 2794 143
2808 2857 84
2816 2859 111
2835 2845 86
2852 2859 271
2860 2875 220
2862 2892 138
2878 2911 288
2891 2922 177
2915 2927 231
2917 2946 58
2946 2971 23
2969 3008 132
2992 3032 61
2992 3005 295
2994 2996 253
3014 3057 150
3036 3041 294
3039 3073 196
3067 3111 70
3091 3131 244
3106 3121 184
3120 3134 189
3143 3157 278
3158 3184 292
3158 3167 96
3173 3205 229
3195 3230 170
3216 3253 94
3216 3242 200
3242 3276 50
3246 3260 113
3251 3255 25
3280 3312 132
3305 3329 300
3326 3355 185
3347 3366 111
3357 3369 197
3359 3405 143
3366 3377 174
3386 3391 184
3403 3439 197
3403 3452 104
3409 3428 134
3439 3453 4
3463 3465 223
3485 3532 42
3494 3505 278
3498 3536 211
3504 3514 256
3528 3544 168
3541 3560 293
3553 3558 182
3576 3622 166
3594 3608 20
3623 3672 41
3644 3672 223
3654 3655 257
3662 3674 265
3673 3683 140
3693 3737 199
3710 3733 227
3722 3770 297
3729 3741 1
3750 3775 114
3757 3807 209
3757 3772 37
3781 3820 290
3781 3829 3
3791 3841 54
3806 3850 42
3832 3849 124
3846 3870 32
3853 3866 230
3858 3900 294
3858 3906 216
3858 3883 1
3859 3906 29
3859 3864 2
3889 3892 102
3907 3941 216
3907 3932 24
3928 3971 144
3947 3988 180
3975 3988 209
3985 4033 165
4006 4007 38
4027 4038 189
4039 4085 134
4047 4067 129
4077 4099 248
4107 4138 225
4121 4158 175
4134 4180 247
4147 4154 169
4175 4213 202
4204 4245 17
4215 4236 266
4216 4261 103
4231 4277 276
4256 4280 13
4257 4271 280
4281 4282 117
4283 4313 131
4297 4332 55
4327 4376 152
4344 4393 225
4348 4393 158
4360 4386 85
4368 4410 193
4378 4424 231
4394 4434 45
4407 4443 96
4408 4431 90
4417 4442 232
4440 4463 209
4461 4508 23
4472 4474 122
4500 4534 157
4504 4545 262
4534 4566 209
4563 4613 250
4569 4582 167
4592 4603 45
4620 4663 22
4635 4646 34
4660 4678 237
4685 4724 87
4694 4719 177
4712 4736 236
4724 4749 128
4752 4754 97
4762 4810 172
4765 4799 80
4791 4828 220
4813 4827 117
4835 4879 196
4854 4876 89
4863 4897 12
4878 4924 231
4888 4925 57
4909 4916 173
4933 4960 295
4942 4950 195
4943 4969 167
4949 4958 22
4969 5015 258
4972 4978 108
4986 5033 203
5010 5037 64
5012 5056 41
5017 5062 88
5022 5052 110
5029 5045 46
5041 5082 256
5057 5091 181
5065 5107 91
5065 5080 100
5073 5086 139
5077 5118 113
5103 5124 45
5121 5123 108
5130 5151 289
5142 5185 30
5168 5183 238
5187 5217 109
5192 5227 105
5194 5220 167
5205 5234 120
5207 5222 130
5214 5217 275
5215 5265 297
5215 5237 225
5229 5232 74
5254 5256 65
5267 5271 135
5286 5307 278
5293 5321 110
5302 5319 226
5305 5312 223
5321 5332 238
5349 5399 204
5376 5418 112
5393 5395 183
5419 5454 93
5432 5438 111
5438 5443 257
5441 5483 230
5448 5498 200
5473 5490 3
5502 5552 82
5516 5566 180
5523 5529 195
5548 5572 133
5548 5557 274
5552 5591 273
5576 5579 108
5584 5623 138
5590 5608 254
5620 5663 135
5623 5632 36
5645 5666 193
5648 5661 58
5670 5682 151
5678 5704 229
5689 5713 75
5698 5732 28
5703 5712 5
5732 5778 265
5761 5792 85
5780 5819 224
5792 5811 275
5807 5829 244
5814 5839 182
5826 5846 57
5842 5847 185
5869 5885 278
5885 5915 13
5908 5920 236
5918 5934 245
5929 5952 15
5946 5951 231
5966 6006 220
5984 6034 223
5997 6018 206
5998 6009 81
6021 6049 264
6035 6071 110
6049 6084 130
6057 6064 239
6070 6089 257
6084 6129 218
6107 6127 37
6114 6140 47
6126 6167 276
6137 6162 228
6165 6181 121
6165 6213 32
6183 6225 282
6205 6249 297
6207 6220 171
6208 6221 33
6223 6241 117
6240 6245 51
6257 6294 255
6258 6293 30
6286 6335 103
6291 6292 280
6306 6330 214
6335 6378 299
6365 6379 236
6366 6390 70
6375 6409 279
6384 6414 21
6410 6416 156
6440 6480 78
6457 6478 52
6463 6471 282
6469 6482 55
6476 6512 210
6506 6550 148
6520 6562 230
6544 6560 126
6561 6582 290
6565 6577 30
6590 6636 211
6610 6631 153
6622 6626 161
6640 6680 290
6651 6682 79
6653 6672 53
6681 6691 32
6691 6695 158
6701 6706 90
6702 6722 55
6725 6768 162
6730 6780 41
6734 6762 51
6749 6795 286
6779 6819 84
6789 6802 98
6811 6841 120
6812 6830 228
6818 6855 22
6821 6824 218
6827 6866 242
6849 6854 261
6879 6919 83
6884 6900 42
6912 6923 159
6923 6962 63
6942 6946 96
6953 6959 236
6970 6978 25
6982 6984 176
6991 7010 144
7018 7052 234
7024 7051 59
7053 7058 71
7072 7090 43
7086 7112 114
7102 7108 109
7130 7143 184
7138 7167 176
7168 7196 93
7188 7222 239
7193 7194 220
7193 7216 49
7196 7209 166
7203 7242 58
7227 7266 138
7229 7243 300
7250 7290 195
7265 7270 174
7280 7318 18
7294 7310 29
7318 7362 15
7346 7382 200
7364 7377 152
7376 7392 101
7388 7430 295
7405 7440 224
7426 7457 215
7437 7460 19
7438 7471 88
7449 7489 203
7458 7473 272
7464 7509 237
7473 7502 78
7473 7502 275
7503 7507 69
7516 7566 213
7528 7553 51
7549 7591 39
7563 7606 6
7583 7612 155
7591 7612 275
7612 7649 14
7640 7661 94
7641 7666 161
7642 7660 156
7666 7709 103
7676 7698 260
7680 7706 18
7692 7705 248
7706 7735 250
7707 7715 63
7712 7749 164
7717 7748 299
7727 7744 285
7743 7770 256
7767 7811 269
7776 7824 279
7788 7829 205
7818 7856 205
7840 7883 234
7867 7882 238
7896 7923 262
7918 7950 131
7925 7939 165
7939 7985 208
7955 7983 154
7963 8008 297
7980 7985 260
7995 8044 187
8016 8058 246
8025 8056 180
8037 8077 298
8044 8058 298
8049 8064 230
8076 8096 296
8081 8108 153
8106 8119 296
8128 8134 5
8147 8184 193
8165 8166 269
8179 8196 256
8188 8194 142
8206 8232 251
8224 8251 61
8251 8301 148
8266 8313 205
8283 8309 241
8285 8313 155
8291 8299 70
8294 8321 30
8316 8327 146
8343 8368 200
8365 8381 30
8392 8412 185
8401 8439 67
8406 8425 206
8436 8481 231
8453 8472 35
8478 8499 278
8497 8516 126
8500 8528 39
8513 8542 114
8542 8574 40
8569 8572 42
8582 8623 36
8590 8617 286
8604 8615 38
8630 8650 271
8647 8662 142
8674 8683 270
8689 8727 252
8708 8740 31
8732 8762 121
8751 8768 271
8756 8783 68
8764 8766 22
8764 8767 191
8789 8805 40
8817 8827 202
8835 8865 270
8839 8851 64
8861 8866 225
8878 8908 1
8899 8906 296
8929 8959 51
8930 8976 55
8940 8988 297
8963 9003 84
8973 9005 225
9002 9024 219
9022 9067 2
9050 9075 64
9052 9061 218
9075 9125 253
9105 9133 206
9133 9145 242
9134 9175 254
9148 9156 196
9165 9203 56
9173 9207 230
9185 9205 205
9190 9225 6
9199 9211 231
9218 9223 280
9228 9268 295
9228 9243 92
9230 9232 297
9252 9296 62
9276 9306 219
9282 9292 225
9302 9317 290
9327 9350 213
9331 9351 109
9348 9371 23
9378 9399 210
9400 9449 129
9425 9448 73
9434 9440 68
9451 9458 215
9466 9515 226
9469 9470 89
9488 9490 179
9503 9532 286
9520 9567 213
9521 9571 134
9534 9565 143
9540 9590 215
9569 9619 273
9598 9627 129
9625 9634 158
9637 9677 156
9651 9677 77
9674 9704 13
9676 9716 270
9702 9705 283
9708 9719 266
9729 9767 234
9746 9791 51
9768 9786 190
9782 9805 47
9792 9833 54
9822 9870 166
9829 9840 132
9839 9885 49
9859 9876 277
9887 9914 60
9902 9907 143
9918 9932 279
9932 9968 277
9962 9990 69
9980 10003 226
9983 10005 279
9997 10034 162
10008 10036 296
10010 10054 103
10015 10051 251
10017 10023 286
10030 10060 283
10038 10083 266
10068 10089 286
10094 10115 300
10109 10157 55
10122 10171 213
10152 10166 267
10171 10177 82
10176 10202 80
10179 10180 65
10207 10219 151
10235 10249 80
10247 10267 297
10251 10261 92
10275 10313 64
10294 10311 125
10299 10301 62
10325 10345 201
10355 10394 131
10376 10416 299
10379 10402 233
10392 10422 61
10421 10436 3
10444 10494 47
10449 10469 33
10457 10502 276
10464 10480 41
10490 10504 285
10496 10511 41
10526 10538 225
10544 10566 7
10549 10597 238
10552 10579 127
10571 10607 21
10571 10584 199
10598 10648 142
10599 10605 102
10629 10678 254
10634 10653 176
10636 10674 128
10650 10657 153
10654 10697 299
10656 10706 177
10678 10691 249
10701 10747 153
10706 10751 292
10708 10730 256
10709 10746 3
10712 10714 197
10740 10771 105
10743 10782 10
10762 10802 131
10784 10797 216
10794 10831 276
10807 10855 300
10808 10834 202
10828 10867 169
10843 10886 121
10865 10882 93
10878 10923 90
10879 10886 228
10907 10934 192
10908 10957 33
10922 10941 179
10948 10981 64
10963 10989 81
10984 11034 290
10991 11004 282
11008 11057 219
11029 11051 50
11039 11049 79
11041 11081 237
11066 11104 84
11085 11095 249
11099 11141 129
11126 11155 273
11136 11158 252
11137 11148 154
11154 11155 5
11184 11234 34
11201 11214 171
11214 11223 195
11218 11266 13
11224 11232 146
11233 11238 57
11241 11285 164
11269 11292 274
11277 11298 205
11287 11305 7
11288 11290 262
11293 11322 77
11317 11348 269
11335 11350 265
11362 11398 108
11386 11400 121
11402 11437 37
11430 11440 210
11457 11505 22
11479 11494 14
11494 11536 48
11494 11541 31
11500 11549 248
11528 11543 59
11557 11604 48
11586 11606 250
11616 11629 87
11645 11659 240
11669 11708 265
11677 11693 102
11698 11707 230
11728 11774 215
11747 11779 187
11748 11775 62
11765 11802 108
11783 11803 94
11801 11848 139
11831 11853 25
11853 11887 53
11875 11902 255
11889 11930 121
11898 11904 186
11908 11928 147
11937 11966 198
11967 11985 201
11988 12004 33
12016 12023 193
12036 12065 298
12060 12064 246
12067 12093 20
12093 12113 91
12120 12160 194
12132 12142 294
12157 12161 81
12176 12207 6
12186 12217 59
12203 12253 215
12229 12250 197
12253 12273 146
12260 12298 247
12286 12290 175
12299 12324 116
12325 12355 67
12331 12365 269
12341 12350 51
12348 12387 72
12377 12424 237
12407 12452 255
12413 12443 104
12427 12474 91
12446 12464 113
12451 12476 210
12474 12505 7
12481 12502 64
12491 12541 30
12518 12533 216
12524 12573 5
12535 12540 4
12541 12551 79
12560 12605 242
12560 12578 206
12571 12576 97
12590 12594 72
12601 12631 52
12605 12623 14
12615 12631 168
12615 12665 256
12631 12648 37
12644 12660 219
12669 12699 43
12689 12738 59
12706 12734 58
12719 12741 36
12744 12765 285
12749 12780 45
12762 12778 135
12775 12783 186
12788 12816 34
12793 12840 87
12806 12842 221
12835 12838 245
12843 12879 83
12873 12884 66
12899 12937 173
12904 12940 134
12905 12932 183
12930 12944 139
12950 12967 64
12968 13018 113
12978 13002 62
12984 13029 193
13003 13018 248
13021 13042 137
13041 13050 27
13070 13095 127
13071 13106 219
13072 13090 33
13093 13121 18
13120 13163 94
13121 13154 63
13139 13155 78
13160 13176 198
13166 13167 268
13169 13198 176
13188 13213 79
13205 13210 189
13219 13254 218
13228 13232 257
13232 13274 68
13245 13258 172
13268 13316 122
13273 13297 288
13279 13298 190
13296 13341 3
13296 13325 186
13301 13336 210
13313 13328 192
13334 13358 236
13362 13387 49
13365 13415 44
13369 13373 156
13381 13408 257
13391 13432 116
13414 13426 205
13432 13463 119
13439 13460 99
13459 13480 207
13461 13508 234
13469 13516 296
13478 13486 66
13494 13516 86
13508 13527 244
13523 13550 277
13549 13573 284
13561 13589 146
13563 13602 107
13590 13618 24
13614 13628 96
13630 13651 253
13634 13679 145
13634 13684 14
13659 13667 260
13683 13722 170
13695 13700 248
13725 13758 108
13752 13755 219
13767 13817 194
13792 13827 259
13792 13800 78
13813 13824 23
13816 13859 141
13817 13831 259
13835 13849 86
13852 13877 161
13862 13906 16
13891 13927 232
13903 13926 120
13905 13932 45
13930 13951 118
13958 13961 101
13967 14001 191
13994 14028 139
14010 14055 165
14016 14053 298
14020 14049 134
14047 14059 224
14076 14083 113
14076 14119 38
14098 14137 1
14123 14164 88
14147 14152 219
14158 14199 74
14184 14220 178
14192 14235 261
14196 14238 51
14209 14254 205
14210 14259 229
14228 14247 229
14231 14252 245
14246 14285 235
14250 14261 109
14250 14263 214
14269 14316 61
14290 14332 256
14315 14360 106
14335 14363 241
14354 14387 107
14371 14398 119
14397 14433 18
14414 14442 202
14423 14436 220
14447 14487 265
14452 14460 14
14453 14478 213
14479 14510 64
14505 14555 300
14531 14561 165
14539 14579 282
14546 14586 292
14562 14571 113
14571 14597 290
14574 14576 267
14603 14605 248
14611 14649 271
14634 14656 143
14664 14675 281
14682 14721 262
14712 14755 271
14736 14781 150
14740 14748 50
14753 14779 276
14761 14802 220
14777 14825 124
14789 14833 164
14819 14869 203
14835 14848 83
14836 14851 96
14850 14875 208
14853 14872 209
14882 14903 215
14899 14935 65
14913 14958 77
14923 14946 254
14928 14954 192
14954 14997 227
14980 15026 62
14998 15012 154
