1000
30 47 182
36 75 139
53 86 179
55 102 98
56 62 40
86 121 41
95 143 104
103 122 202
125 170 77
142 183 76
168 178 162
171 201 157
183 204 15
187 189 86
204 221 87
206 225 60
211 215 126
218 234 108
221 261 261
229 245 7
253 273 164
280 326 114
306 310 260
323 348 129
350 390 101
363 403 77
392 412 241
406 434 74
434 442 142
447 485 7
473 494 141
484 498 154
497 516 249
524 531 131
544 557 113
563 573 8
568 608 284
584 585 142
609 644 138
609 612 278
632 676 177
659 708 34
670 672 87
693 716 132
699 709 212
714 729 155
731 742 238
740 764 261
746 750 106
762 776 84
784 831 131
795 803 19
808 857 291
826 864 145
855 899 252
885 901 25
914 941 60
927 943 206
936 971 166
941 944 43
958 1006 121
983 1027 149
988 1023 90
996 997 133
1014 1017 18
1023 1040 263
1040 1050 16
1059 1087 237
1085 1115 197
1095 1096 149
1113 1159 261
1134 1135 127
1137 1173 57
1165 1176 146
1192 1216 206
1221 1237 184
1238 1283 55
1264 1301 146
1289 1327 69
1299 1331 141
1329 1348 9
1329 1356 120
1348 1349 294
1371 1385 205
1380 1398 298
1396 1402 173
1400 1415 81
1419 1439 60
1443 1445 287
1454 1484 127
1471 1504 235
1472 1506 133
1502 1510 77
1516 1550 207
1537 1564 299
1542 1566 59
1542 1544 157
1558 1598 192
1578 1606 109
1606 1651 237
1616 1665 264
1633 1665 299
1662 1678 200
1677 1695 149
1682 1724 239
1707 1732 166
1715 1741 138
1735 1743 98
1749 1792 120
1749 1797 288
1762 1784 241
1768 1785 167
1774 1790 113
1799 1835 253
1819 1832 246
1824 1833 250
1840 1873 238
1854 1867 134
1871 1896 200
1901 1941 28
1930 1959 159
1958 1991 191
1979 2012 170
1983 2016 298
1986 1987 165
2005 2031 167
2013 2062 269
2035 2046 216
2045 2072 272
2051 2090 240
2057 2082 292
2080 2098 197
2104 2123 107
2127 2151 94
2130 2178 298
2133 2138 87
2134 2147 129
2142 2158 172
2164 2175 7
2190 2225 137
2211 2228 281
2227 2260 240
2257 2295 229
2261 2286 133
2262 2265 88
2285 2304 225
2288 2292 94
2299 2308 195
2320 2351 299
2339 2384 228
2344 2369 107
2346 2353 43
2353 2364 40
2373 2410 139
2392 2397 140
2399 2448 252
2419 2462 56
2436 2476 217
2439 2441 283
2440 2475 256
2448 2481 276
2448 2481 217
2449 2483 100
2457 2498 295
2487 2510 236
2495 2506 24
2511 2522 124
2530 2576 201
2540 2576 207
2544 2587 141
2564 2581 100
2565 2605 76
2587 2599 284
2596 2628 173
2599 2615 24
2610 2614 169
2637 2653 45
2647 2672 271
2670 2680 216
2684 2694 26
2691 2735 230
2717 2757 8
2741 2759 202
2749 2768 189
2761 2806 14
2779 2805 157
2791 2839 169
2803 2837 134
2829 2854 180
2830 2832 196
2852 2868 43
2857 2869 152
2861 2872 266
2865 2897 107
2869 2908 151
2899 2902 1
2907 2926 136
2924 2936 88
2935 2942 49
2946 2974 93
2952 2956 286
2954 2965 258
2978 2994 271
3008 3031 284
3009 3029 239
3013 3047 172
3032 3079 250
3039 3084 205
3047 3092 244
3067 3088 163
3088 3102 63
3109 3158 254
3119 3131 161
3136 3149 279
3150 3151 156
3156 3173 295
3180 3200 174
3200 3242 89
3212 3227 120
3225 3231 253
3251 3257 169
3263 3284 124
3265 3296 188
3295 3302 238
3325 3344 64
3345 3395 23
3371 3395 246
3382 3404 237
3402 3438 134
3423 3448 224
3428 3431 96
3441 3471 53
3456 3479 218
3461 3508 245
3483 3510 83
3506 3527 143
3522 3534 45
3525 3539 252
3554 3601 250
3578 3594 183
3608 3644 108
3615 3616 244
3645 3666 243
3653 3700 213
3656 3678 78
3672 3679 228
3700 3748 65
3728 3736 297
3738 3758 190
3760 3778 236
3785 3825 138
3800 3823 36
3814 3833 188
3827 3832 84
3857 3888 76
3880 3898 259
3903 3928 16
3910 3931 230
3911 3932 277
3929 3979 297
3959 3968 104
3985 3995 218
3987 4034 86
4004 4025 208
4022 4042 256
4034 4049 79
4037 4065 220
4053 4069 290
4079 4082 87
4081 4097 218
4097 4106 207
4101 4109 117
4124 4143 137
4132 4169 138
4154 4190 181
4183 4204 298
4195 4226 182
4217 4230 66
4218 4232 6
4225 4243 177
4231 4270 281
4246 4279 50
4271 4317 173
4276 4286 108
4295 4333 100
4312 4330 11
4314 4357 175
4318 4323 174
4341 4374 263
4343 4347 43
4348 4353 203
4363 4410 194
4366 4396 297
4373 4390 73
4401 4418 198
4421 4424 15
4431 4480 48
4446 4459 249
4459 4463 106
4473 4485 88
4477 4499 280
4485 4516 169
4509 4514 222
4513 4542 18
4515 4520 5
4523 4546 295
4548 4565 143
4548 4551 204
4576 4594 92
4578 4595 19
4600 4626 59
4629 4673 189
4647 4664 222
4670 4678 40
4677 4722 141
4703 4716 131
4724 4725 92
4746 4765 181
4766 4802 151
4766 4779 82
4771 4812 150
4786 4795 170
4808 4814 172
4817 4854 255
4839 4846 232
4856 4898 123
4858 4871 138
4883 4932 258
4887 4898 235
4911 4933 174
4921 4926 278
4940 4950 106
4970 4987 78
4978 5008 90
5005 5045 46
5029 5062 139
5052 5087 18
5068 5115 52
5070 5100 42
5084 5129 123
5101 5136 46
5124 5168 109
5154 5187 78
5184 5232 121
5189 5238 251
5214 5237 46
5227 5240 125
5234 5263 153
5234 5264 76
5264 5314 126
5293 5328 128
5322 5334 212
5334 5345 118
5346 5388 138
5350 5369 242
5377 5408 192
5405 5425 259
5424 5449 66
5437 5468 197
5464 5504 22
5469 5500 47
5477 5525 289
5505 5548 28
5528 5537 94
5528 5535 57
5549 5583 109
5566 5580 244
5593 5622 46
5621 5663 213
5633 5662 116
5636 5658 231
5643 5674 175
5646 5647 79
5652 5697 191
5673 5697 162
5687 5721 68
5688 5694 80
5707 5709 44
5716 5738 243
5728 5776 120
5751 5762 140
5776 5798 286
5787 5811 53
5809 5812 174
5831 5834 82
5834 5875 252
5862 5910 298
5880 5888 194
5887 5919 195
5896 5927 115
5903 5920 117
5928 5932 293
5950 5958 260
5963 6009 159
5978 5990 48
5994 6026 175
6004 6041 175
6018 6052 223
6028 6033 211
6032 6051 73
6057 6084 243
6062 6071 79
6071 6113 250
6076 6109 86
6106 6109 248
6125 6148 43
6128 6145 182
6150 6181 135
6152 6159 242
6166 6215 265
6182 6226 258
6189 6220 206
6218 6248 54
6248 6259 102
6264 6272 160
6270 6314 22
6293 6331 84
6293 6296 123
6323 6357 27
6340 6346 128
6352 6355 213
6375 6386 132
6396 6408 295
6399 6419 123
6419 6428 171
6426 6470 5
6451 6481 98
6471 6474 81
6480 6514 81
6493 6528 120
6504 6538 46
6523 6524 247
6528 6546 192
6544 6563 262
6555 6568 4
6576 6624 163
6587 6636 132
6594 6597 277
6597 6645 264
6627 6666 23
6649 6686 181
6674 6709 27
6701 6728 142
6728 6749 274
6752 6769 133
6781 6801 291
6798 6826 298
6816 6853 49
6842 6882 16
6870 6873 137
6888 6916 47
6909 6956 51
6924 6926 199
6951 6982 229
6973 7004 152
6986 7032 194
7000 7023 130
7007 7033 56
7008 7018 232
7030 7074 63
7044 7049 151
7072 7103 178
7079 7090 12
7105 7112 264
7132 7140 40
7157 7172 181
7170 7197 123
7195 7226 141
7207 7256 125
7212 7234 88
7217 7241 82
7227 7256 213
7252 7281 249
7280 7283 153
7288 7297 111
7295 7331 47
7316 7356 224
7318 7333 275
7344 7348 69
7355 7356 216
7374 7396 64
7382 7383 197
7407 7440 121
7421 7454 276
7433 7435 178
7447 7494 136
7459 7480 211
7476 7522 38
7484 7522 74
7493 7511 215
7509 7533 117
7519 7545 53
7548 7569 137
7553 7599 176
7564 7574 50
7568 7584 140
7586 7617 97
7590 7640 159
7596 7614 76
7624 7628 7
7625 7626 178
7634 7681 270
7659 7681 264
7674 7698 216
7697 7721 209
7725 7755 170
7744 7784 266
7765 7788 122
7791 7814 44
7800 7817 62
7814 7856 123
7842 7889 58
7843 7876 188
7870 7918 46
7885 7916 177
7901 7905 199
7911 7938 242
7914 7936 152
7915 7939 8
7943 7986 36
7952 7985 182
7966 7985 279
7968 8018 280
7977 8013 132
7984 8018 45
7986 8022 133
7995 8001 118
8018 8052 269
8024 8035 88
8039 8070 85
8057 8067 32
8072 8106 243
8102 8128 206
8132 8157 36
8142 8167 26
8163 8166 291
8188 8215 65
8193 8233 219
8201 8234 14
8212 8233 111
8221 8271 247
8251 8283 94
8275 8313 230
8284 8334 28
8302 8332 205
8320 8322 18
8346 8391 80
8351 8386 161
8363 8374 87
8379 8409 252
8403 8444 263
8405 8448 146
8411 8441 81
8419 8468 116
8446 8474 171
8470 8512 70
8499 8527 149
8517 8553 143
8518 8555 37
8545 8558 128
8567 8575 58
8573 8588 279
8603 8605 36
8608 8633 289
8611 8612 90
8640 8651 127
8670 8711 74
8674 8688 295
8699 8714 223
8714 8743 232
8718 8732 274
8738 8765 198
8751 8758 244
8776 8824 254
8777 8790 248
8807 8855 256
8812 8848 4
8832 8868 152
8854 8885 95
8869 8899 5
8892 8931 100
8908 8956 168
8910 8927 218
8940 8981 187
8967 8996 117
8979 9028 127
9006 9010 213
9009 9055 123
9039 9044 25
9058 9075 5
9086 9133 3
9108 9132 89
9114 9140 221
9116 9150 131
9133 9146 41
9139 9178 199
9147 9164 196
9169 9184 220
9186 9205 40
9200 9231 144
9209 9228 34
9226 9249 283
9228 9253 49
9235 9237 15
9248 9297 11
9277 9286 180
9295 9305 144
9313 9328 21
9324 9365 254
9336 9359 156
9365 9415 260
9384 9393 71
9410 9413 119
9413 9454 157
9441 9445 207
9442 9459 203
9450 9481 139
9462 9464 123
9462 9512 225
9468 9473 113
9480 9500 129
9486 9491 82
9501 9518 178
9530 9547 166
9530 9542 271
9534 9535 244
9542 9553 9
9556 9562 119
9569 9583 285
9573 9600 58
9575 9607 113
9599 9639 178
9622 9646 2
9630 9674 98
9654 9665 234
9655 9692 260
9665 9685 213
9667 9682 134
9690 9736 59
9698 9706 81
9701 9727 24
9719 9748 216
9723 9739 220
9744 9763 37
9745 9758 19
9773 9804 14
9779 9812 122
9808 9849 250
9828 9834 289
9835 9875 236
9847 9885 287
9870 9873 132
9886 9915 116
9892 9937 229
9907 9939 165
9927 9940 66
9928 9974 249
9952 9986 109
9981 9994 238
10002 10018 225
10021 10032 250
10047 10080 251
10066 10114 280
10068 10078 279
10089 10104 62
10106 10149 56
10117 10138 145
10123 10125 228
10133 10137 55
10147 10154 157
10161 10196 164
10179 10206 217
10208 10234 59
10225 10265 241
10242 10271 49
10258 10294 231
10286 10323 285
10312 10335 253
10317 10366 213
10338 10380 122
10350 10392 219
10352 10355 145
10370 10403 71
10376 10426 275
10400 10405 138
10411 10423 58
10428 10451 257
10443 10479 60
10455 10470 187
10457 10493 244
10467 10510 54
10484 10515 29
10512 10519 197
10533 10538 243
10548 10561 113
10560 10598 287
10576 10603 186
10586 10606 38
10593 10643 230
10620 10626 30
10620 10639 214
10628 10664 17
10654 10665 14
10675 10710 254
10691 10702 17
10721 10761 148
10730 10735 187
10759 10801 53
10773 10821 35
10780 10829 213
10784 10802 61
10794 10802 188
10797 10821 275
10797 10820 258
10809 10846 185
10812 10828 169
10832 10876 168
10856 10906 249
10879 10884 241
10893 10902 198
10918 10960 239
10918 10930 31
10941 10949 63
10971 10994 161
10989 11017 25
11004 11006 77
11013 11040 200
11042 11064 242
11046 11081 296
11064 11089 62
11092 11119 217
11115 11158 210
11115 11153 115
11127 11168 292
11133 11168 254
11138 11157 12
11160 11182 222
11183 11196 228
11212 11235 20
11237 11270 111
11258 11298 255
11270 11282 259
11280 11298 62
11305 11326 87
11329 11353 18
11346 11376 176
11366 11396 146
11389 11409 120
11403 11417 69
11415 11446 272
11431 11481 99
11433 11467 67
11439 11455 261
11453 11459 86
11457 11464 242
11486 11519 1
11492 11508 15
11506 11551 209
11527 11570 245
11550 11573 198
11578 11581 29
11594 11603 75
11622 11645 230
11635 11639 17
11643 11686 62
11669 11718 292
11676 11724 239
11700 11749 222
11725 11759 51
11750 11765 289
11765 11800 241
11786 11813 137
11793 11837 12
11821 11844 147
11831 11880 199
11836 11846 206
11859 11870 102
11889 11939 48
11891 11920 78
11898 11935 66
11918 11923 134
11937 11973 101
11965 11980 36
11982 12023 49
11998 12014 27
12004 12047 289
12033 12075 4
12061 12103 124
12080 12130 21
12092 12135 42
12107 12141 18
12120 12163 59
12149 12165 284
12169 12182 42
12180 12228 115
12181 12207 246
12181 12192 35
12208 12244 249
12218 12252 263
12236 12275 82
12241 12255 202
12248 12267 67
12260 12272 255
12260 12267 292
12274 12309 217
12303 12307 119
12317 12345 291
12341 12386 165
12348 12381 157
12360 12397 291
12389 12421 207
12401 12422 106
12410 12442 116
12438 12456 176
12456 12461 106
12483 12521 75
12488 12503 202
12499 12526 51
12503 12532 69
12512 12521 146
12531 12574 135
12556 12596 87
12564 12591 22
12568 12608 297
12569 12596 160
12583 12623 286
12610 12616 47
12613 12659 84
12643 12693 55
12663 12664 87
12666 12694 258
12689 12714 168
12698 12727 124
12717 12762 21
12721 12738 289
12722 12730 60
12731 12741 55
12736 12755 35
12736 12749 13
12745 12766 60
12755 12784 180
12773 12806 163
12778 12822 290
12792 12820 157
12819 12846 192
12826 12852 140
12842 12862 30
12863 12903 51
12889 12926 196
12892 12915 219
12906 12923 122
12933 12962 257
12941 12968 112
12958 13007 146
12959 12960 284
12961 12990 50
12972 12993 115
12978 13003 262
12981 13031 149
12983 13027 32
12998 13020 140
13008 13012 174
13038 13062 67
13050 13065 14
13072 13101 196
13088 13105 294
13099 13105 73
13103 13135 131
13121 13170 300
13129 13147 238
13144 13192 147
13148 13163 201
13173 13214 125
13185 13193 65
13200 13223 145
13217 13242 122
13244 13268 150
13273 13286 35
13288 13300 291
13306 13352 89
13316 13335 250
13345 13372 157
13374 13388 253
13375 13408 207
13399 13425 182
13427 13442 139
13443 13474 206
13464 13489 155
13492 13508 87
13522 13544 96
13524 13567 207
13540 13582 111
13555 13569 97
13556 13599 257
13566 13602 209
13588 13613 266
13597 13602 296
13613 13620 192
13635 13645 75
13648 13680 195
13657 13689 228
13685 13687 131
13690 13736 152
13707 13755 259
13726 13751 84
13741 13750 36
13763 13800 63
13779 13824 14
13804 13816 216
13821 13866 64
13831 13852 43
13831 13837 10
13856 13871 89
13872 13891 114
13900 13922 109
13917 13960 55
13944 13948 181
13947 13993 117
13952 13977 125
13970 14013 290
13970 13984 253
13976 13982 272
13976 13984 214
13982 14003 103
13991 14000 132
14017 14045 174
14041 14091 19
14054 14100 219
14055 14092 263
14061 14064 256
14080 14083 282
14106 14137 207
14108 14147 21
14136 14180 282
14149 14174 90
14153 14159 140
14162 14207 53
14181 14209 213
14185 14235 168
14204 14253 285
14216 14219 253
14218 14237 50
14229 14245 254
14255 14303 78
14280 14327 295
14290 14302 2
14311 14339 194
14312 14356 127
14335 14383 200
14363 14367 228
14384 14388 181
14407 14439 116
14426 14429 9
14445 14457 263
14474 14483 144
14492 14509 275
14516 14529 52
14528 14556 282
14544 14571 220
14545 14582 143
14559 14586 108
14587 14610 223
14591 14611 240
14596 14646 298
14604 14608 55
14617 14637 82
14627 14657 201
14651 14701 147
14665 14674 144
14669 14719 6
14698 14729 263
14710 14759 98
14732 14738 24
14743 14784 171
14758 14765 291
14775 14814 48
14778 14816 160
14789 14827 278
14813 14837 281
14831 14851 146
14853 14874 287
14866 14882 274
14873 14892 53
14882 14910 146
14893 14894 195
14910 14955 300
14937 14940 259
14946 14959 87
14959 14998 163
14980 15018 22
15001 15011 90
15003 15023 14
15030 15034 203
15056 15060 234
15076 15095 77
15079 15108 293
15103 15106 40
15128 15134 85
15137 15142 16
15150 15179 45
