1000
23 65 187
29 32 263
38 39 65
40 73 297
51 86 261
78 85 150
104 117 200
111 144 32
112 136 122
120 164 186
128 154 87
140 173 272
151 184 79
157 186 178
166 175 289
173 187 203
181 228 117
196 243 46
217 257 168
233 235 290
250 275 225
264 311 123
292 293 120
307 330 188
329 334 174
343 367 194
373 392 15
396 402 80
414 425 240
433 449 100
439 480 70
459 461 57
462 463 170
490 519 154
495 513 189
520 528 255
533 569 210
541 588 263
561 571 200
561 604 40
571 583 110
592 618 235
607 626 131
616 622 217
624 643 33
654 704 72
659 668 215
659 670 225
681 706 20
695 713 137
724 730 152
741 780 117
748 771 196
761 774 258
779 804 173
794 795 281
796 841 298
798 801 13
811 852 24
834 835 79
840 873 102
861 890 48
863 913 264
863 868 31
892 921 277
916 935 88
940 947 141
969 976 132
979 1010 137
999 1032 189
1023 1045 123
1025 1054 174
1031 1048 215
1056 1101 6
1082 1101 269
1083 1105 221
1112 1115 227
1128 1158 291
1137 1177 73
1142 1172 117
1164 1182 256
1165 1209 198
1165 1204 45
1170 1214 24
1177 1206 89
1179 1181 183
1207 1257 92
1231 1240 127
1261 1308 225
1262 1275 281
1278 1301 274
1292 1320 288
1315 1322 99
1330 1336 72
1342 1343 128
1353 1358 238
1380 1384 112
1385 1411 280
1394 1441 199
1412 1449 2
1417 1453 15
1426 1458 10
1447 1456 295
1450 1500 198
1450 1452 263
1452 1485 143
1455 1459 233
1477 1491 57
1485 1488 274
1493 1536 120
1513 1529 212
1541 1548 45
1556 1557 235
1558 1606 66
1587 1600 186
1601 1608 135
1619 1667 236
1641 1666 154
1651 1662 299
1658 1674 225
1669 1698 131
1669 1709 208
1695 1727 243
1713 1721 199
1741 1749 218
1752 1793 196
1778 1810 287
1786 1836 26
1799 1839 42
1808 1852 172
1818 1855 212
1822 1839 139
1826 1850 34
1829 1836 262
1841 1857 167
1869 1894 50
1885 1893 82
1909 1928 283
1938 1985 214
1953 2003 74
1983 1998 195
2003 2045 11
2028 2053 214
2041 2047 287
2044 2088 222
2045 2072 249
2051 2070 74
2064 2105 53
2078 2089 157
2101 2119 5
2126 2173 270
2129 2158 21
2155 2201 167
2172 2213 196
2172 2174 198
2200 2224 91
2204 2206 212
2229 2252 103
2247 2270 150
2254 2273 46
2271 2281 263
2290 2306 16
2307 2327 51
2310 2326 298
2339 2355 190
2358 2378 60
2368 2404 146
2378 2420 170
2408 2453 259
2425 2450 239
2431 2458 122
2454 2499 109
2460 2479 29
2481 2512 72
2482 2519 281
2490 2503 13
2499 2546 57
2507 2510 26
2524 2572 294
2530 2575 278
2538 2574 223
2565 2603 151
2591 2620 271
2607 2631 50
2635 2675 44
2642 2680 229
2658 2704 21
2659 2667 176
2667 2713 108
2695 2706 81
2710 2758 54
2710 2751 104
2740 2741 180
2755 2789 106
2762 2797 30
2788 2832 109
2805 2847 48
2813 2854 225
2838 2851 235
2860 2882 107
2861 2902 110
2885 2920 203
2893 2941 19
2916 2933 57
2929 2932 47
2954 2977 122
2970 3009 151
2970 3015 148
2981 3000 66
2987 3007 290
3010 3057 9
3015 3033 27
3032 3062 257
3032 3059 264
3052 3076 66
3061 3085 298
3062 3086 45
3065 3080 219
3072 3117 254
3076 3120 122
3085 3094 93
3112 3125 12
3123 3159 107
3130 3177 62
3141 3187 216
3160 3187 187
3182 3228 7
3186 3221 81
3210 3253 183
3239 3279 280
3239 3241 175
3266 3276 87
3268 3312 6
3278 3315 95
3293 3331 81
3322 3350 161
3346 3374 237
3355 3361 221
3368 3386 157
3372 3407 155
3401 3434 9
3418 3436 214
3446 3479 29
3447 3480 245
3467 3479 74
3495 3521 73
3504 3523 296
3519 3566 265
3528 3547 198
3533 3557 167
3539 3556 205
3562 3589 255
3570 3610 51
3581 3606 150
3590 3628 266
3612 3630 158
3642 3670 115
3664 3705 283
3694 3714 242
3719 3763 292
3735 3752 3
3743 3763 216
3755 3759 51
3784 3795 133
3804 3850 169
3832 3861 181
3857 3868 249
3881 3891 23
3898 3922 250
3913 3953 45
3926 3942 93
3944 3993 56
3951 3986 93
3973 4003 149
3973 4021 231
3993 4029 251
4008 4013 298
4035 4058 66
4038 4078 108
4055 4095 176
4063 4066 3
4065 4115 69
4072 4096 172
4072 4098 276
4089 4135 23
4110 4111 204
4114 4154 14
4143 4182 247
4148 4154 157
4162 4181 280
4165 4206 142
4172 4215 80
4198 4229 173
4215 4239 115
4238 4288 117
4259 4302 39
4274 4319 161
4279 4309 293
4290 4306 134
4319 4362 145
4320 4363 69
4330 4365 116
4332 4380 224
4342 4354 51
4361 4395 30
4361 4369 189
4389 4432 170
4403 4411 177
4407 4422 23
4409 4436 193
4423 4448 48
4429 4437 196
4448 4467 169
4472 4480 194
4500 4532 172
4526 4548 236
4536 4555 300
4543 4582 218
4557 4569 80
4560 4573 162
4569 4616 159
4574 4581 69
4593 4602 131
4606 4643 4
4610 4645 73
4628 4644 139
4652 4659 70
4671 4696 269
4693 4723 233
4698 4744 284
4718 4749 287
4747 4761 280
4772 4805 268
4782 4811 247
4799 4838 111
4801 4817 40
4827 4850 98
4850 4864 172
4857 4885 77
4867 4903 33
4868 4874 272
4873 4899 262
4901 4936 125
4909 4918 82
4937 4986 122
4963 4979 40
4983 5007 289
4993 5025 219
5017 5027 157
5037 5085 264
5040 5089 219
5052 5086 277
5077 5120 221
5081 5127 60
5101 5136 155
5131 5181 179
5143 5149 91
5152 5171 183
5156 5159 292
5161 5168 212
5188 5198 253
5190 5206 190
5192 5202 14
5202 5250 131
5227 5240 130
5234 5271 167
5257 5295 24
5259 5260 29
5281 5308 214
5299 5337 158
5317 5326 200
5318 5354 227
5334 5355 33
5362 5367 134
5392 5399 107
5402 5448 188
5410 5444 115
5430 5462 112
5453 5497 8
5471 5518 201
5482 5506 4
5511 5515 181
5521 5555 206
5524 5534 76
5541 5544 19
5549 5575 101
5577 5600 291
5598 5646 23
5613 5622 227
5624 5653 83
5650 5673 291
5676 5686 195
5683 5731 219
5698 5739 87
5723 5750 258
5736 5768 240
5756 5797 96
5769 5804 296
5772 5780 248
5792 5818 159
5807 5812 6
5814 5823 37
5824 5850 275
5849 5863 128
5874 5880 227
5887 5936 265
5904 5925 295
5913 5933 210
5926 5927 4
5935 5945 255
5936 5949 32
5941 5970 40
5961 5969 198
5988 6032 151
6011 6049 64
6041 6080 105
6054 6076 299
6079 6082 9
6091 6105 140
6102 6125 299
6112 6125 79
6134 6168 83
6141 6165 237
6141 6172 150
6157 6194 67
6162 6210 269
6177 6178 14
6206 6213 131
6236 6257 237
6243 6292 259
6265 6268 37
6276 6305 264
6288 6313 29
6311 6325 157
6325 6343 139
6336 6384 37
6346 6390 251
6350 6379 71
6358 6370 67
6379 6387 44
6392 6433 165
6409 6449 161
6436 6474 120
6458 6506 17
6486 6496 141
6491 6541 192
6507 6517 229
6507 6554 148
6527 6561 261
6530 6571 29
6537 6566 73
6557 6571 185
6569 6576 260
6590 6625 239
6618 6656 1
6630 6675 188
6638 6662 185
6651 6682 299
6661 6695 167
6686 6694 51
6694 6732 130
6701 6737 24
6702 6747 255
6714 6746 248
6736 6778 297
6745 6756 69
6755 6772 118
6782 6789 103
6783 6825 218
6809 6830 233
6823 6863 95
6831 6841 49
6834 6835 58
6842 6863 282
6844 6890 26
6860 6865 232
6881 6924 123
6887 6902 105
6910 6943 245
6922 6952 4
6931 6952 166
6939 6952 53
6968 7008 184
6998 7001 84
7010 7049 182
7028 7047 300
7033 7076 74
7035 7053 74
7035 7058 18
7064 7089 8
7087 7107 262
7102 7140 2
7125 7156 114
7155 7194 235
7178 7217 290
7178 7207 273
7204 7222 87
7218 7221 155
7237 7252 129
7249 7257 2
7278 7295 78
7285 7315 264
7298 7307 80
7306 7355 28
7320 7353 224
7323 7350 226
7347 7370 114
7371 7380 10
7388 7433 70
7401 7413 268
7423 7471 272
7441 7452 216
7459 7467 299
7481 7530 219
7499 7524 146
7528 7575 71
7530 7546 152
7552 7581 211
7563 7589 107
7593 7599 251
7619 7634 236
7641 7657 109
7647 7689 131
7665 7705 86
7691 7711 200
7697 7722 125
7699 7730 189
7705 7751 136
7718 7726 62
7724 7749 19
7730 7776 44
7749 7795 151
7779 7798 34
7779 7798 145
7787 7818 168
7793 7826 181
7816 7817 278
7839 7848 212
7858 7894 225
7874 7905 104
7897 7919 265
7916 7966 152
7941 7990 106
7966 8007 53
7995 7997 16
8014 8047 11
8040 8072 147
8069 8084 105
8070 8090 1
8085 8113 8
8109 8152 296
8127 8148 34
8139 8182 221
8158 8196 123
8158 8204 252
8167 8207 49
8182 8213 81
8202 8230 69
8225 8229 52
8241 8255 102
8247 8284 211
8272 8318 33
8283 8317 235
8295 8332 271
8311 8342 6
8331 8372 25
8342 8375 269
8357 8381 21
8371 8421 98
8371 8412 226
8380 8386 5
8395 8424 2
8405 8432 173
8411 8445 76
8417 8436 125
8427 8474 56
8440 8484 86
8460 8471 11
8476 8523 193
8495 8538 246
8498 8536 226
8523 8561 116
8553 8576 267
8561 8589 33
8564 8583 81
8590 8600 227
8607 8614 266
8615 8636 99
8640 8684 51
8670 8686 106
8673 8692 16
8678 8691 131
8704 8732 110
8716 8758 7
8720 8751 188
8739 8763 287
8754 8801 251
8779 8828 129
8797 8820 185
8822 8848 267
8852 8891 112
8854 8888 134
8877 8903 175
8904 8946 268
8919 8958 87
8929 8947 94
8951 8960 28
8959 8991 201
8981 9013 252
8984 9007 74
8984 8988 218
8984 9001 293
9001 9041 55
9013 9034 140
9041 9079 248
9065 9074 224
9082 9114 258
9102 9139 185
9118 9130 135
9126 9166 5
9132 9182 81
9144 9175 77
9164 9188 55
9181 9201 254
9193 9201 215
9213 9241 245
9222 9258 61
9240 9261 102
9257 9302 49
9282 9287 204
9292 9309 257
9316 9350 188
9334 9350 217
9364 9409 153
9385 9388 255
9403 9452 108
9421 9449 187
9422 9425 227
9431 9479 45
9459 9492 83
9462 9477 47
9487 9515 260
9492 9529 225
9493 9498 261
9495 9536 200
9514 9556 195
9536 9556 168
9552 9573 87
9559 9609 255
9575 9586 237
9603 9653 162
9620 9645 48
9630 9668 77
9640 9668 253
9669 9687 168
9677 9696 213
9702 9715 111
9725 9733 203
9737 9739 215
9767 9780 298
9775 9784 232
9780 9813 184
9803 9830 55
9821 9826 240
9835 9838 203
9860 9904 205
9873 9911 178
9893 9905 86
9915 9951 23
9932 9962 232
9956 9963 48
9981 9996 201
9983 10001 43
10003 10044 88
10015 10049 219
10018 10062 294
10045 10055 126
10075 10121 288
10099 10135 128
10100 10106 300
10108 10131 5
10114 10152 279
10128 10133 76
10134 10184 104
10145 10186 164
10148 10169 236
10161 10203 44
10186 10194 94
10204 10248 8
10227 10254 35
10234 10281 193
10238 10245 176
10254 10283 195
10276 10306 9
10288 10338 233
10305 10326 159
10331 10342 193
10356 10368 191
10385 10430 245
10403 10439 60
10421 10424 50
10437 10443 272
10460 10503 162
10477 10493 103
10481 10504 139
10484 10500 234
10504 10552 148
10507 10528 142
10523 10567 219
10553 10578 282
10582 10586 109
10583 10605 226
10587 10600 144
10605 10643 173
10617 10656 57
10645 10674 134
10652 10696 127
10658 10707 155
10658 10692 296
10678 10728 120
10687 10693 228
10711 10720 49
10722 10770 153
10723 10724 214
10723 10771 124
10748 10774 279
10759 10761 26
10773 10795 9
10784 10802 218
10798 10807 7
10821 10847 196
10822 10853 193
10824 10857 120
10833 10848 138
10863 10884 5
10881 10924 19
10910 10942 219
10939 10977 299
10950 10978 44
10975 11021 85
10995 11035 274
11024 11038 146
11035 11069 27
11044 11057 167
11048 11098 249
11049 11088 229
11049 11099 284
11061 11077 244
11073 11121 267
11103 11143 191
11123 11142 164
11136 11157 63
11136 11165 242
11150 11190 138
11159 11167 263
11168 11189 237
11172 11215 53
11183 11222 210
11213 11236 271
11239 11261 269
11259 11281 292
11289 11306 114
11289 11317 54
11311 11341 240
11334 11370 166
11342 11345 19
11350 11353 55
11359 11360 144
11368 11381 76
11390 11423 163
11407 11413 279
11427 11466 174
11443 11450 231
11447 11491 36
11457 11474 130
11486 11510 86
11515 11557 18
11518 11552 110
11521 11532 162
11532 11551 293
11534 11562 271
11548 11597 14
11554 11558 263
11583 11611 95
11600 11617 69
11614 11640 141
11628 11631 177
11634 11656 142
11657 11697 270
11683 11684 142
11685 11718 169
11687 11708 298
11693 11695 174
11694 11737 90
11724 11770 63
11730 11773 259
11752 11770 112
11766 11780 22
11796 11843 288
11802 11823 233
11832 11862 278
11835 11876 174
11837 11841 256
11859 11900 120
11882 11908 198
11893 11909 103
11897 11899 116
11916 11928 33
11946 11977 28
11950 11974 154
11956 11985 50
11984 12032 195
11984 12015 291
11999 12004 166
12023 12033 282
12034 12049 299
12035 12071 297
12055 12079 99
12075 12095 72
12085 12113 7
12091 12113 232
12101 12139 14
12121 12142 167
12134 12162 53
12153 12172 103
12156 12204 69
12156 12180 64
12182 12228 280
12207 12224 246
12226 12273 215
12252 12260 43
12276 12306 112
12300 12332 28
12302 12304 108
12328 12345 35
12337 12352 121
12359 12407 66
12379 12400 145
12396 12442 248
12407 12443 251
12422 12449 299
12450 12469 239
12475 12521 253
12475 12489 167
12502 12514 205
12510 12543 243
12522 12571 294
12536 12569 10
12540 12584 226
12562 12609 226
12590 12592 91
12612 12640 158
12629 12677 16
12632 12667 149
12660 12681 148
12672 12709 288
12686 12693 219
12695 12742 296
12714 12722 177
12738 12761 51
12747 12749 112
12752 12773 225
12777 12782 280
12793 12816 1
12810 12849 256
12832 12837 271
12853 12855 180
12867 12872 219
12889 12897 218
12901 12937 225
12926 12958 191
12947 12989 105
12951 12959 294
12951 12998 171
12969 12971 282
12999 13005 206
13023 13057 121
13050 13084 246
13058 13086 233
13066 13079 167
13071 13096 255
13096 13136 286
13116 13130 127
13123 13155 118
13131 13155 187
13136 13174 162
13138 13161 280
13144 13184 49
13168 13174 124
13192 13210 115
13203 13236 267
13233 13272 61
13255 13289 149
13284 13315 44
13297 13346 249
13324 13361 66
13334 13351 175
13335 13378 177
13339 13363 183
13341 13353 54
13348 13356 134
13367 13415 299
13377 13388 21
13404 13432 225
13433 13461 190
13441 13447 245
13449 13498 182
13459 13484 162
13469 13492 155
13496 13543 267
13506 13547 289
13521 13546 30
13533 13574 165
13562 13580 54
13568 13598 164
13583 13617 152
13585 13624 104
13585 13598 132
13594 13620 157
13620 13631 225
13644 13677 291
13660 13706 206
13678 13696 273
13701 13707 199
13701 13709 211
13721 13771 279
13750 13776 17
13752 13799 36
13767 13792 78
13789 13832 135
13818 13858 179
13839 13864 37
13846 13872 146
13853 13900 38
13854 13885 299
13868 13871 192
13868 13872 205
13883 13929 250
13901 13918 257
13918 13932 172
13932 13942 217
13948 13992 109
13958 13972 144
13959 13997 71
13959 13999 2
13979 14016 155
14004 14038 241
14013 14029 62
14025 14034 143
14037 14080 61
14043 14061 128
14050 14089 3
14066 14080 232
14073 14100 294
14097 14136 8
14100 14113 250
14123 14134 40
14124 14125 97
14152 14183 83
14161 14208 156
14169 14181 296
14190 14232 257
14192 14223 230
14195 14239 179
14215 14222 188
14230 14261 178
14242 14288 155
14251 14255 54
14268 14316 260
14278 14289 144
14284 14330 101
14297 14327 164
14314 14328 154
14320 14336 195
14349 14380 189
14350 14378 38
14376 14378 79
14391 14393 110
14415 14454 111
14427 14460 294
14448 14455 156
14472 14516 241
14479 14494 213
14485 14525 119
14489 14506 22
14492 14530 123
14500 14524 252
14516 14562 118
14518 14541 219
14525 14546 93
14550 14554 140
14567 14580 210
14594 14613 18
14604 14650 282
14631 14680 199
14659 14706 221
14664 14668 146
14671 14699 253
14685 14709 28
14705 14737 84
