5000
11 23 183
25 38 128
43 52 32
61 104 187
91 116 223
100 142 291
110 144 108
123 132 155
144 183 22
169 218 299
179 189 21
182 218 124
193 240 234
214 235 25
218 262 298
234 257 231
238 279 160
249 271 54
261 311 219
262 268 288
279 309 286
307 333 234
307 313 20
308 311 215
315 327 127
330 342 4
339 344 124
358 375 170
370 376 183
382 383 237
402 411 250
421 468 47
436 472 224
450 489 203
460 498 4
475 525 289
486 533 238
504 505 101
522 567 83
545 546 179
574 591 118
587 593 142
607 646 197
610 633 79
625 666 278
638 655 101
639 666 91
653 701 39
681 714 181
696 707 294
719 765 42
735 737 94
736 754 110
750 782 146
753 786 17
776 782 253
786 804 272
792 816 100
796 832 188
802 826 32
830 854 130
837 882 280
844 853 254
844 853 8
852 853 168
859 864 209
868 904 168
892 919 128
908 953 250
936 978 218
964 1004 169
991 1026 194
1010 1013 231
1034 1073 45
1049 1074 26
1065 1077 222
1068 1074 70
1079 1116 232
1089 1090 283
1117 1122 211
1118 1144 145
1145 1174 275
1151 1168 98
1165 1202 113
1168 1214 176
1180 1184 54
1181 1218 195
1190 1192 33
1214 1251 35
1214 1248 259
1215 1242 161
1235 1253 185
1250 1295 38
1259 1270 185
1280 1281 9
1287 1295 89
1303 1308 137
1326 1370 102
1349 1395 176
1365 1413 180
1371 1403 131
1384 1423 35
1412 1458 78
1419 1467 60
1432 1477 54
1447 1461 64
1467 1512 202
1490 1540 183
1510 1546 230
1522 1552 251
1524 1566 180
1552 1565 193
1556 1595 99
1575 1599 257
1579 1626 109
1603 1638 180
1622 1668 7
1625 1670 268
1652 1687 116
1680 1728 275
1688 1692 87
1696 1700 237
1705 1731 225
1713 1736 168
1718 1737 271
1738 1753 263
1739 1756 268
1769 1807 91
1793 1824 8
1794 1808 170
1820 1832 296
1850 1878 191
1851 1867 4
1857 1863 97
1869 1914 32
1878 1879 141
1883 1933 261
1883 1890 12
1896 1921 275
1915 1950 166
1934 1941 62
1946 1961 169
1957 1996 15
1979 1982 139
1980 2019 35
2001 2047 5
2020 2035 232
2026 2074 81
2051 2061 55
2081 2085 222
2103 2135 257
2104 2128 140
2121 2123 226
2144 2175 174
2173 2176 229
2200 2206 152
2213 2249 226
2216 2261 126
2228 2258 160
2254 2287 173
2279 2304 85
2284 2310 281
2298 2324 249
2318 2332 188
2319 2331 56
2349 2359 223
2356 2363 183
2359 2374 59
2373 2413 205
2388 2412 292
2417 2467 286
2445 2489 49
2463 2474 184
2470 2484 103
2479 2514 260
2489 2527 74
2497 2521 122
2504 2507 173
2505 2545 48
2533 2576 64
2554 2589 209
2573 2582 194
2603 2615 212
2603 2612 165
2629 2647 49
2632 2645 58
2662 2671 190
2669 2706 155
2696 2733 1
2708 2756 72
2725 2738 32
2745 2749 220
2763 2778 26
2769 2814 208
2799 2846 104
2819 2848 284
2837 2860 238
2864 2889 83
2866 2896 66
2866 2883 232
2872 2876 92
2902 2920 79
2923 2962 289
2930 2969 231
2934 2948 41
2934 2952 252
2936 2969 292
2941 2962 296
2971 2975 54
2999 3011 38
3027 3074 22
3040 3044 5
3068 3073 198
3093 3104 5
3101 3121 170
3126 3149 158
3156 3199 158
3157 3174 295
3175 3178 258
3203 3239 234
3233 3256 120
3261 3292 78
3262 3282 23
3281 3284 58
3293 3339 40
3308 3324 284
3314 3359 144
3340 3383 67
3343 3380 95
3360 3408 231
3380 3397 209
3407 3429 49
3430 3453 258
3448 3459 212
3459 3460 20
3487 3502 20
3512 3557 22
3514 3556 118
3541 3570 67
3571 3574 196
3593 3643 175
3616 3650 126
3644 3659 253
3666 3710 132
3686 3694 204
3708 3734 207
3715 3731 56
3743 3777 262
3746 3773 196
3748 3769 204
3770 3787 259
3795 3826 281
3809 3853 292
3838 3880 76
3866 3908 17
3887 3902 276
3904 3917 299
3907 3937 161
3911 3941 222
3912 3923 21
3926 3976 249
3927 3939 261
3950 3983 110
3956 3984 295
3964 3984 235
3973 4010 46
3974 4024 259
3984 4016 240
4006 4033 298
4033 4034 37
4060 4066 152
4086 4099 199
4095 4104 98
4105 4154 34
4106 4123 236
4114 4141 73
4134 4140 288
4140 4181 183
4164 4170 96
4188 4197 70
4201 4215 261
4201 4230 17
4203 4224 18
4232 4271 253
4241 4284 35
4257 4279 197
4271 4287 149
4296 4327 115
4308 4320 95
4319 4358 233
4334 4367 134
4348 4375 127
4365 4379 215
4386 4415 37
4396 4438 166
4425 4471 136
4430 4452 15
4444 4457 108
4473 4498 197
4476 4521 281
4482 4527 96
4494 4521 171
4503 4537 200
4525 4551 211
4551 4553 165
4562 4589 137
4587 4590 251
4611 4653 159
4616 4620 269
4646 4662 273
4650 4668 155
4669 4678 77
4687 4717 46
4697 4708 257
4721 4723 220
4726 4745 238
4727 4739 151
4757 4803 124
4771 4789 255
4797 4816 17
4800 4849 81
4821 4861 153
4836 4847 269
4855 4860 44
4878 4890 53
4882 4885 221
4882 4903 12
4885 4921 200
4892 4897 78
4919 4929 39
4945 4955 11
4961 5009 169
4990 4992 82
4996 5002 26
5017 5039 75
5030 5061 133
5031 5059 234
5052 5094 119
5077 5084 169
5080 5086 228
5094 5099 278
5094 5132 228
5094 5118 123
5103 5132 62
5108 5120 127
5123 5155 94
5132 5167 29
5155 5187 255
5181 5211 195
5205 5218 140
5230 5244 186
5258 5282 3
5258 5259 146
5271 5273 183
5285 5298 133
5303 5321 286
5314 5346 240
5332 5345 199
5361 5405 158
5381 5428 3
5387 5395 145
5398 5412 265
5410 5459 266
5415 5454 164
5420 5466 71
5421 5434 127
5431 5460 38
5454 5469 272
5476 5512 157
5491 5498 211
5498 5511 48
5528 5552 213
5556 5574 242
5572 5602 97
5581 5631 25
5605 5632 163
5610 5642 159
5635 5648 48
5655 5678 160
5679 5717 109
5699 5730 271
5721 5758 238
5722 5743 22
5747 5778 202
5754 5784 95
5763 5813 242
5779 5783 98
5795 5811 300
5808 5810 39
5830 5876 105
5854 5873 165
5864 5889 187
5868 5886 295
5895 5936 155
5922 5936 128
5937 5965 128
5949 5974 283
5972 6005 227
6000 6005 68
6007 6010 8
6031 6042 59
6036 6040 65
6059 6106 211
6085 6121 175
6093 6109 49
6097 6121 41
6104 6123 53
6110 6134 170
6133 6161 1
6154 6185 273
6175 6199 209
6203 6247 11
6229 6245 159
6232 6233 246
6240 6259 181
6257 6276 52
6263 6275 2
6273 6321 189
6275 6313 292
6280 6297 76
6307 6341 23
6312 6327 170
6328 6375 154
6336 6359 219
6364 6383 252
6382 6389 78
6382 6425 32
6400 6424 241
6413 6433 131
6428 6476 92
6451 6493 81
6471 6493 177
6473 6474 160
6476 6516 3
6497 6516 62
6511 6544 99
6528 6548 119
6556 6591 39
6572 6588 238
6587 6598 41
6610 6628 296
6636 6641 98
6636 6643 226
6638 6641 38
6646 6693 248
6671 6692 152
6701 6751 255
6712 6719 197
6718 6731 23
6745 6790 35
6748 6759 77
6750 6764 95
6760 6806 88
6764 6787 300
6781 6805 225
6801 6826 170
6815 6858 263
6827 6854 100
6843 6875 114
6858 6889 274
6868 6900 87
6880 6904 94
6893 6930 206
6904 6929 222
6926 6951 118
6938 6973 49
6961 6976 191
6982 7018 103
6988 7023 71
6989 7019 165
7002 7004 242
7023 7056 130
7033 7080 8
7040 7047 133
7067 7086 94
7089 7123 195
7099 7139 129
7111 7160 279
7134 7175 217
7158 7202 86
7185 7226 55
7215 7221 115
7228 7253 10
7255 7271 168
7267 7293 243
7294 7342 6
7302 7308 29
7332 7360 4
7339 7377 206
7368 7387 146
7377 7398 22
7407 7454 228
7418 7436 121
7425 7475 23
7429 7475 256
7449 7461 88
7467 7477 254
7483 7531 130
7506 7527 200
7526 7540 38
7546 7557 104
7563 7592 245
7569 7577 182
7594 7623 217
7617 7627 231
7624 7645 68
7636 7653 173
7663 7696 38
7679 7686 255
7701 7702 128
7718 7760 212
7740 7775 84
7747 7796 126
7756 7787 243
7785 7819 257
7807 7851 93
7820 7826 263
7827 7851 37
7839 7884 182
7855 7900 59
7883 7897 162
7907 7921 26
7924 7965 163
7946 7970 177
7970 8016 105
7973 7983 244
7983 8024 126
8000 8003 297
8014 8028 37
8020 8029 189
8023 8073 237
8031 8033 62
8033 8061 117
8047 8061 106
8060 8107 73
8085 8123 136
8099 8121 166
8115 8131 43
8118 8167 258
8146 8165 196
8176 8195 54
8182 8194 143
8202 8221 116
8217 8267 267
8235 8281 18
8243 8254 48
8270 8306 236
8281 8320 191
8311 8359 29
8329 8348 8
8358 8362 98
8360 8387 170
8390 8420 168
8393 8442 106
8401 8429 58
8408 8416 195
8414 8433 65
8426 8469 276
8452 8462 140
8472 8476 94
8483 8527 186
8488 8500 223
8497 8523 274
8526 8560 144
8549 8574 25
8576 8600 27
8583 8628 15
8597 8615 130
8623 8645 24
8644 8657 5
8647 8687 279
8648 8660 122
8676 8694 2
8698 8700 178
8728 8744 205
8756 8787 106
8774 8824 224
8785 8812 168
8787 8814 273
8795 8808 197
8801 8817 106
8805 8820 173
8817 8854 292
8843 8865 202
8860 8878 175
8863 8878 276
8888 8890 245
8895 8940 1
8904 8909 67
8914 8916 28
8925 8959 91
8948 8968 148
8973 8999 190
9002 9027 42
9009 9036 82
9033 9066 67
9049 9079 126
9050 9073 220
9069 9075 60
9088 9121 27
9110 9134 258
9111 9141 215
9120 9127 50
9147 9187 272
9170 9185 225
9193 9226 25
9222 9251 255
9250 9289 122
9257 9286 227
9266 9311 298
9287 9307 268
9310 9345 208
9339 9380 39
9368 9369 172
9380 9396 140
9400 9421 38
9424 9463 248
9454 9496 17
9483 9533 148
9494 9501 206
9511 9527 299
9533 9537 134
9561 9598 181
9590 9625 143
9603 9625 153
9608 9642 98
9623 9639 299
9642 9682 266
9659 9674 169
9671 9702 50
9694 9742 227
9699 9745 34
9713 9748 115
9731 9772 126
9742 9791 262
9755 9760 181
9756 9762 205
9761 9762 270
9774 9805 174
9779 9784 72
9796 9843 151
9816 9823 153
9833 9853 252
9849 9882 198
9851 9853 3
9881 9902 298
9891 9901 87
9898 9942 167
9920 9961 43
9923 9953 52
9926 9936 251
9935 9957 236
9947 9972 9
9961 10009 192
9981 10003 37
9998 10006 254
9999 10004 37
10013 10038 7
10021 10022 168
10030 10033 185
10053 10100 22
10075 10098 26
10098 10118 164
10102 10111 217
10118 10156 62
10146 10150 241
10151 10162 210
10161 10194 155
10173 10185 219
10192 10217 236
10214 10264 126
10214 10245 247
10226 10244 293
10246 10268 134
10272 10282 229
10296 10300 158
10300 10350 156
10316 10323 224
10335 10354 165
10364 10399 220
10379 10413 263
10408 10423 36
10408 10429 281
10427 10438 253
10451 10453 16
10455 10472 264
10468 10500 139
10477 10481 11
10496 10512 261
10499 10538 154
10528 10534 116
10531 10552 165
10553 10587 67
10563 10602 176
10580 10588 117
10599 10643 262
10625 10627 189
10635 10646 190
10661 10682 284
10677 10703 51
10678 10704 111
10706 10740 3
10717 10753 298
10733 10783 202
10741 10758 46
10743 10785 82
10773 10808 130
10773 10812 187
10795 10800 214
10823 10862 151
10825 10836 223
10844 10870 70
10848 10890 27
10848 10874 266
10857 10885 286
10868 10903 135
10869 10881 285
10893 10915 49
10920 10941 174
10941 10957 161
10941 10959 91
10946 10949 223
10970 10973 123
10973 11022 72
10994 11012 27
11008 11054 63
11018 11026 184
11024 11067 87
11046 11081 107
11050 11085 299
11058 11101 267
11074 11118 22
11075 11095 171
11092 11110 283
11113 11148 237
11128 11138 292
11140 11173 266
11164 11210 144
11188 11228 115
11206 11226 114
11219 11220 73
11244 11290 277
11267 11311 146
11295 11317 23
11323 11372 253
11343 11369 268
11361 11371 103
11372 11392 51
11390 11398 258
11401 11440 244
11415 11441 123
11418 11427 26
11431 11468 295
11460 11506 195
11484 11490 130
11509 11537 150
11527 11545 168
11541 11557 163
11541 11575 241
11566 11609 90
11587 11597 49
11614 11630 296
11643 11648 84
11670 11717 295
11677 11702 136
11680 11705 167
11696 11740 256
11707 11739 179
11733 11771 44
11757 11800 147
11771 11792 237
11788 11834 126
11809 11814 282
11810 11833 269
11821 11854 43
11831 11864 130
11843 11854 13
11856 11881 20
11881 11907 209
11909 11944 32
11915 11952 16
11939 11953 40
11959 11993 240
11964 12003 69
11984 12002 151
11988 12009 290
11992 12008 264
12020 12028 176
12021 12041 201
12040 12063 155
12065 12077 7
12088 12111 15
12091 12100 54
12098 12144 149
12119 12136 85
12135 12166 78
12137 12166 233
12150 12185 114
12173 12199 99
12197 12220 99
12224 12255 122
12253 12269 109
12257 12298 289
12260 12295 135
12268 12296 289
12280 12303 280
12290 12297 172
12301 12351 223
12327 12328 210
12341 12356 148
12369 12419 190
12387 12410 153
12396 12440 18
12400 12445 16
12430 12449 10
12459 12465 201
12477 12498 128
12489 12494 26
12512 12514 279
12541 12558 252
12551 12554 252
12581 12583 291
12609 12610 186
12626 12674 225
12654 12672 264
12654 12671 175
12666 12703 228
12696 12731 124
12717 12727 166
12717 12722 200
12726 12741 36
12752 12754 233
12758 12760 258
12786 12796 127
12791 12809 254
12795 12845 188
12798 12822 81
12820 12854 88
12827 12867 12
12842 12867 187
12870 12882 233
12890 12901 73
12919 12950 284
12937 12939 165
12937 12959 279
12954 12996 212
12959 12983 287
12966 13016 167
12987 13032 228
13016 13062 275
13018 13054 23
13033 13059 268
13048 13061 116
13063 13091 109
13089 13091 90
13113 13149 247
13142 13165 11
13149 13181 190
13169 13178 77
13181 13206 211
13185 13199 93
13193 13200 218
13193 13243 206
13222 13266 84
13238 13285 166
13240 13283 275
13246 13275 242
13252 13278 294
13279 13315 23
13296 13336 56
13326 13366 140
13332 13355 257
13333 13340 174
13358 13363 137
13387 13423 85
13401 13450 96
13421 13432 146
13435 13454 137
13445 13450 177
13471 13510 96
13490 13492 89
13520 13538 115
13520 13529 186
13523 13560 59
13544 13591 5
13544 13569 263
13574 13608 144
13602 13641 222
13607 13623 265
13616 13666 96
13646 13682 85
13666 13672 37
13666 13710 171
13696 13698 219
13712 13714 3
13741 13757 85
13751 13775 61
13765 13780 208
13775 13798 47
13783 13791 94
13783 13818 234
13785 13819 243
13797 13806 134
13812 13823 255
13841 13856 25
13841 13870 3
13848 13876 35
13868 13913 83
13869 13885 10
13871 13910 39
13873 13905 143
13878 13919 164
13892 13905 48
13904 13940 125
13911 13918 240
13940 13980 9
13951 13972 163
13960 13992 167
13962 13998 142
13987 13991 15
13995 14037 290
14023 14027 231
14023 14045 150
14024 14028 145
14048 14091 38
14059 14098 60
14076 14083 222
14094 14116 157
14106 14143 192
14110 14153 15
14116 14160 26
14120 14134 61
14131 14151 40
14155 14189 291
14169 14218 284
14185 14231 237
14198 14201 71
14211 14257 197
14220 14245 173
14233 14264 103
14240 14286 55
14242 14267 261
14251 14277 156
14264 14302 5
14281 14301 134
14295 14340 161
14317 14320 54
14333 14361 233
14341 14366 78
14366 14386 22
14382 14385 167
14394 14420 268
14422 14436 8
14435 14442 56
14458 14483 256
14479 14484 23
14498 14548 287
14521 14533 194
14535 14573 290
14543 14586 197
14557 14575 74
14557 14597 184
14579 14586 287
14590 14622 273
14598 14632 174
14607 14634 93
14615 14654 177
14636 14637 105
14649 14680 73
14651 14683 102
14652 14698 242
14676 14681 133
14705 14736 83
14716 14725 165
14743 14751 163
14753 14759 230
14754 14783 266
14755 14804 108
14763 14767 89
14772 14819 176
14798 14818 201
14818 14850 285
14830 14880 130
14853 14898 207
14853 14858 207
14864 14884 32
14869 14910 46
14872 14907 77
14876 14922 52
14881 14902 289
14885 14906 129
14904 14940 204
14916 14960 158
14920 14954 264
14948 14998 221
14955 15003 108
14964 14984 296
14975 14992 237
14979 15025 123
14996 15029 200
15020 15025 289
15034 15078 144
15056 15088 131
15086 15087 272
15097 15133 195
15108 15144 267
15128 15166 181
15143 15182 50
15146 15182 117
15173 15215 178
15181 15182 150
15181 15224 118
15196 15216 179
15224 15244 47
15252 15281 130
15261 15285 230
15280 15304 158
15310 15339 22
15328 15346 198
15344 15369 256
15362 15363 223
15364 15403 105
15380 15404 27
15404 15420 128
15425 15455 12
15454 15487 240
15473 15519 7
15503 15538 179
15532 15539 267
15534 15545 234
15558 15575 190
15566 15598 164
15583 15594 39
15589 15621 268
15601 15622 206
15614 15622 292
15632 15647 153
15651 15654 13
15662 15687 37
15666 15680 238
15686 15690 260
15710 15740 58
15723 15756 12
15724 15754 133
15745 15758 52
15753 15759 38
15765 15801 286
15793 15801 11
15803 15836 152
15833 15881 11
15850 15863 214
15853 15858 210
15869 15893 102
15869 15887 95
15892 15907 24
15900 15909 121
15904 15935 49
15905 15920 196
15916 15946 298
15928 15960 93
15958 15962 259
15958 15967 290
15979 16017 211
16005 16029 48
16015 16020 95
16042 16067 40
16044 16050 151
16073 16081 247
16078 16086 225
16101 16105 112
16131 16149 73
16146 16196 228
16173 16204 56
16193 16228 158
16203 16249 236
16222 16264 54
16237 16252 37
16262 16270 275
16268 16277 208
16287 16334 126
16290 16304 267
16312 16334 125
16329 16376 60
16357 16401 235
16385 16428 86
16408 16453 107
16408 16414 196
16419 16447 131
16428 16444 83
16439 16448 165
16440 16446 86
16463 16496 271
16463 16482 62
16493 16503 206
16502 16513 76
16513 16545 64
16534 16553 179
16543 16554 143
16550 16596 224
16574 16587 201
16584 16619 42
16606 16633 280
16622 16624 255
16635 16670 231
16655 16671 169
16681 16726 8
16689 16732 139
16689 16738 63
16709 16725 202
16733 16761 6
16749 16762 292
16749 16767 119
16769 16796 75
16771 16805 252
16798 16805 291
16799 16810 115
16818 16855 300
16845 16852 53
16862 16905 107
16871 16902 16
16888 16918 122
16902 16952 13
16902 16909 149
16903 16942 285
16923 16948 214
16952 16958 64
16975 16998 129
17000 17045 106
17018 17063 73
17026 17070 242
17045 17072 6
17058 17108 111
17079 17109 266
17097 17137 228
17118 17167 213
17128 17136 231
17139 17141 152
17166 17185 208
17196 17243 187
17211 17236 222
17225 17264 104
17253 17268 163
17274 17316 177
17298 17332 226
17316 17362 177
17321 17337 24
17331 17352 116
17331 17359 12
17345 17350 100
17351 17372 109
17364 17384 280
17388 17407 66
17401 17423 180
17413 17459 140
17428 17441 251
17445 17492 214
17454 17467 57
17468 17493 162
17483 17499 30
17484 17522 48
17488 17502 158
17514 17527 201
17540 17566 61
17548 17581 201
17565 17588 140
17583 17614 64
17600 17610 45
17615 17654 237
17626 17666 275
17648 17672 99
17652 17661 267
17676 17690 194
17678 17698 145
17707 17716 174
17708 17750 48
17731 17755 60
17743 17766 279
17771 17790 112
17775 17805 46
17794 17838 223
17811 17821 271
17814 17853 189
17835 17863 73
17835 17868 54
17847 17890 94
17852 17885 86
17859 17886 90
17876 17907 13
17884 17903 169
17884 17904 86
17894 17904 256
17915 17938 31
17932 17969 217
17946 17955 240
17974 17993 186
17994 18012 46
18023 18054 171
18052 18080 257
18074 18098 8
18080 18124 114
18095 18112 26
18112 18142 34
18132 18162 177
18158 18193 292
18161 18174 281
18178 18225 42
18200 18208 241
18211 18219 149
18214 18236 20
18220 18250 151
18233 18252 76
18259 18281 10
18281 18301 132
18307 18320 39
18335 18346 232
18340 18356 104
18361 18387 212
18385 18403 133
18393 18412 213
18395 18410 153
18409 18455 227
18438 18481 8
18452 18466 163
18455 18474 263
18455 18503 142
18458 18489 213
18471 18475 58
18474 18491 2
18475 18480 231
18504 18550 237
18518 18526 223
18530 18577 230
18540 18570 80
18567 18615 155
18594 18597 45
18609 18610 203
18635 18658 177
18646 18661 111
18668 18685 222
18673 18717 169
18686 18727 189
18714 18747 292
18742 18774 270
18768 18778 213
18781 18831 271
18808 18820 62
18831 18881 8
18832 18872 129
18840 18861 91
18869 18913 5
18887 18894 6
18917 18949 288
18937 18952 166
18945 18951 218
18958 18997 149
18958 19007 148
18978 18989 166
18978 19007 194
18987 19035 254
19004 19042 69
19025 19070 50
19031 19075 63
19038 19042 180
19040 19067 75
19045 19095 239
19049 19078 55
19055 19059 251
19068 19113 181
19068 19088 232
19068 19084 116
19085 19091 184
19115 19158 249
19139 19150 69
19154 19191 261
19162 19174 273
19172 19177 244
19174 19180 112
19194 19220 100
19200 19217 154
19220 19242 199
19245 19260 255
19274 19322 146
19297 19344 93
19313 19314 267
19327 19328 13
19355 19388 273
19377 19397 150
19402 19448 140
19406 19413 288
19411 19418 295
19430 19462 12
19455 19496 175
19475 19524 77
19496 19501 13
19526 19556 285
19555 19565 189
19557 19589 208
19579 19580 281
19582 19597 86
19585 19610 234
19602 19640 98
19609 19648 183
19632 19679 256
19647 19648 6
19659 19702 14
19676 19718 79
19676 19718 124
19686 19726 65
19716 19737 137
19716 19749 107
19727 19762 164
19736 19779 267
19750 19760 8
19750 19776 73
19761 19801 100
19781 19828 6
19797 19816 299
19808 19824 256
19828 19865 22
19834 19863 52
19837 19852 164
19844 19886 202
19857 19878 104
19863 19878 205
19874 19876 245
19900 19921 51
19924 19949 179
19944 19959 109
19971 20002 139
19972 19998 109
19974 19991 70
19996 20023 93
20017 20052 202
20025 20057 299
20039 20061 227
20048 20052 4
20077 20097 15
20101 20123 91
20109 20146 142
20124 20145 194
20126 20163 8
20126 20142 274
20145 20183 111
20175 20178 280
20179 20200 211
20187 20197 263
20199 20244 178
20204 20247 205
20207 20219 264
20222 20224 224
20225 20272 16
20245 20295 223
20268 20318 189
20291 20333 24
20304 20313 161
20322 20331 64
20322 20367 127
20338 20374 183
20356 20389 155
20367 20408 226
20378 20397 220
20382 20401 18
20391 20398 24
20391 20431 204
20408 20455 297
20437 20455 16
20437 20470 25
20458 20494 155
20468 20475 273
20498 20509 92
20507 20527 114
20537 20550 103
20544 20578 1
20557 20584 180
20566 20606 268
20578 20592 176
20602 20646 154
20603 20640 201
20611 20612 90
20614 20659 252
20634 20670 100
20656 20657 289
20686 20700 54
20711 20761 209
20730 20764 76
20742 20755 118
20760 20770 48
20762 20800 66
20775 20808 39
20802 20831 211
20815 20851 214
20815 20861 207
20828 20852 236
20856 20891 267
20872 20889 227
20876 20915 98
20890 20928 226
20905 20918 53
20926 20962 281
20940 20975 256
20955 20974 135
20982 20995 71
20996 21028 120
21024 21048 111
21054 21059 96
21072 21118 255
21091 21124 102
21092 21104 136
21096 21135 46
21123 21172 261
21133 21173 49
21158 21189 78
21162 21193 115
21170 21215 184
21186 21205 200
21206 21216 66
21220 21250 39
21250 21295 4
21266 21291 196
21283 21299 245
21290 21304 15
21294 21342 194
21306 21340 47
21308 21321 83
21331 21381 61
21332 21354 160
21335 21353 248
21347 21383 37
21349 21358 215
21365 21401 283
21386 21413 88
21416 21455 105
21417 21424 73
21428 21475 82
21450 21473 130
21480 21508 40
21493 21515 152
21523 21540 115
21531 21571 146
21548 21591 241
21574 21622 180
21599 21602 264
21608 21617 176
21613 21650 72
21619 21634 99
21642 21669 150
21644 21679 13
21657 21669 294
21677 21707 75
21701 21718 222
21704 21753 43
21705 21743 1
21730 21758 132
21730 21758 45
21752 21798 104
21781 21783 100
21795 21814 74
21815 21865 209
21833 21861 18
21842 21872 23
21859 21897 210
21863 21913 145
21873 21877 87
21894 21897 55
21918 21922 210
21933 21978 118
21939 21980 232
21944 21989 206
21972 22016 178
21991 21994 120
22000 22018 132
22026 22030 168
22044 22074 186
22055 22071 91
22075 22080 221
22102 22146 31
22114 22159 12
22114 22134 263
22120 22140 256
22149 22189 171
22154 22203 204
22162 22209 114
22162 22194 278
22165 22197 119
22183 22205 240
22204 22251 11
22204 22217 278
22231 22253 125
22234 22276 137
22239 22245 231
22269 22278 290
22281 22303 287
22306 22337 28
22309 22335 98
22316 22361 300
22330 22350 129
22338 22340 93
22368 22403 277
22378 22414 67
22408 22423 67
22421 22433 157
22425 22460 125
22452 22495 55
22477 22499 183
22498 22499 208
22520 22562 90
22537 22564 290
22566 22601 183
22581 22592 23
22594 22604 225
22603 22608 155
22624 22644 28
22634 22682 218
22640 22677 165
22659 22698 27
22689 22692 183
22704 22721 265
22710 22730 269
22737 22741 108
22757 22805 170
22766 22801 7
22766 22796 18
22766 22784 75
22767 22800 271
22780 22799 249
22798 22844 98
22823 22859 108
22833 22848 284
22845 22855 213
22850 22872 160
22874 22899 61
22889 22899 255
22913 22922 150
22941 22953 41
22957 22961 156
22978 23012 47
22983 23004 45
22987 23001 160
23005 23029 293
23033 23067 95
23038 23058 69
23046 23050 41
23069 23086 261
23093 23100 234
23112 23118 192
23133 23170 236
23161 23200 45
23167 23184 135
23181 23219 166
23184 23208 99
23203 23208 195
23226 23242 93
23252 23285 207
23252 23277 232
23254 23285 146
23266 23279 72
23271 23294 155
23274 23304 164
23289 23294 126
23305 23313 113
23306 23328 15
23308 23337 218
23319 23330 55
23335 23348 77
23360 23380 278
23380 23426 108
23391 23398 174
23403 23405 122
23430 23444 20
23457 23461 138
23475 23492 283
23493 23508 142
23516 23526 38
23533 23567 296
23551 23598 102
23570 23618 133
23578 23601 236
23592 23614 160
23592 23609 100
23618 23667 4
23630 23636 135
23642 23684 261
23671 23702 203
23685 23698 19
23686 23719 168
23690 23699 70
23706 23747 283
23724 23758 206
23740 23755 169
23760 23797 57
23776 23823 130
23781 23830 51
23796 23839 235
23817 23823 71
23826 23870 22
23837 23871 93
23840 23862 284
23863 23904 41
23865 23874 72
23892 23897 93
23915 23927 125
23939 23980 220
23941 23962 267
23962 23991 140
23966 23968 69
23989 23994 197
24001 24028 191
24018 24032 120
24022 24027 151
24042 24067 175
24044 24060 108
24058 24068 169
24070 24105 152
24076 24093 144
24094 24095 109
24101 24145 11
24121 24160 137
24122 24154 68
24128 24140 183
24146 24161 8
24154 24183 231
24173 24196 106
24187 24227 95
24195 24215 210
24213 24219 284
24237 24266 176
24253 24272 230
24274 24307 36
24295 24307 62
24308 24352 268
24315 24323 167
24321 24368 259
24332 24373 247
24336 24341 287
24357 24382 112
24368 24418 285
24383 24426 126
24411 24444 18
24437 24483 209
24460 24487 152
24462 24484 160
24491 24527 50
24520 24545 44
24535 24584 151
24554 24570 146
24557 24600 275
24575 24615 59
24587 24603 186
24609 24654 56
24616 24660 235
24631 24641 51
24657 24680 173
24673 24678 84
24685 24716 207
24702 24705 252
24718 24753 182
24734 24737 111
24751 24786 60
24763 24795 153
24781 24822 157
24786 24789 44
24792 24821 46
24815 24837 210
24834 24851 154
24842 24852 176
24857 24879 215
24873 24919 172
24877 24899 5
24907 24951 89
24929 24949 282
24943 24966 76
24959 24968 248
24980 24997 255
24984 25021 64
24988 25013 204
25013 25024 131
25027 25070 19
25057 25104 224
25062 25097 42
25076 25110 132
25091 25114 268
25112 25131 172
25134 25151 83
25147 25192 153
25158 25204 102
25180 25217 279
25190 25205 22
25200 25217 174
25226 25250 287
25239 25289 93
25246 25256 29
25275 25279 59
25303 25353 261
25331 25337 101
25345 25371 180
25365 25409 259
25374 25403 30
25393 25404 159
25409 25455 277
25428 25465 130
25456 25506 188
25478 25511 206
25484 25501 113
25498 25518 268
25522 25525 290
25535 25565 247
25551 25586 299
25552 25577 213
25555 25575 115
25559 25566 144
25576 25624 38
25606 25656 51
25624 25669 20
25624 25628 202
25651 25682 216
25671 25721 12
25698 25713 94
25722 25752 258
25739 25745 32
25761 25797 141
25791 25825 289
25799 25818 263
25815 25850 87
25842 25855 289
25844 25853 170
25853 25866 55
25878 25901 237
25888 25938 171
25896 25930 193
25912 25927 251
25938 25979 244
25957 25977 281
25987 26021 83
26000 26036 187
26025 26060 136
26033 26069 113
26051 26061 285
26056 26090 207
26080 26112 150
26091 26133 159
26092 26101 102
26104 26137 122
26127 26142 11
26154 26180 63
26162 26179 58
26175 26196 156
26184 26209 65
26187 26207 36
26212 26214 79
26225 26236 239
26247 26284 70
26254 26263 164
26276 26306 65
26300 26332 56
26329 26374 77
26350 26386 8
26377 26412 156
26404 26432 300
26415 26441 58
26444 26468 48
26458 26464 215
26468 26470 234
26478 26501 156
26488 26517 28
26494 26516 289
26506 26515 286
26521 26571 240
26527 26534 60
26536 26543 114
26558 26592 243
26587 26614 127
26598 26613 220
26617 26632 30
26643 26682 64
26662 26703 182
26665 26699 108
26676 26715 239
26677 26721 287
26699 26718 225
26700 26712 235
26708 26744 219
26722 26760 88
26750 26791 141
26776 26781 164
26785 26831 131
26808 26837 32
26818 26819 231
26823 26846 40
26828 26855 52
26844 26865 217
26871 26890 108
26883 26897 201
26910 26911 123
26939 26968 240
26965 27010 248
26977 27006 213
26998 27025 79
27014 27029 163
27028 27053 97
27057 27061 9
27060 27092 124
27068 27111 163
27079 27088 166
27086 27135 281
27111 27158 55
27136 27143 20
27166 27176 18
27177 27191 93
27186 27197 153
27201 27213 11
27216 27230 8
27240 27277 84
27256 27296 223
27265 27309 164
27283 27309 184
27313 27336 1
27326 27356 194
27339 27345 123
27355 27384 141
27378 27408 183
27394 27428 146
27419 27460 253
27447 27454 186
27457 27492 18
27473 27504 52
27486 27506 54
27499 27510 290
27522 27558 125
27538 27567 91
27551 27568 256
27571 27586 72
27584 27592 146
27590 27625 33
27601 27630 145
27625 27644 201
27641 27656 109
27665 27696 206
27676 27680 159
27676 27717 241
27691 27730 84
27718 27726 68
27720 27738 113
27735 27760 48
27739 27750 245
27754 27799 201
27776 27822 98
27785 27828 126
27785 27817 271
27795 27844 215
27809 27816 285
27821 27822 221
27825 27861 140
27838 27868 164
27855 27876 287
27885 27911 163
27899 27923 42
27914 27945 294
27937 27971 295
27961 27986 52
27970 27997 30
27999 28040 227
28003 28030 244
28017 28021 241
28041 28074 219
28046 28058 260
28051 28097 139
28059 28072 152
28087 28129 84
28089 28119 198
28100 28144 154
28109 28116 229
28112 28155 298
28114 28129 195
28141 28143 213
28171 28194 177
28201 28235 96
28206 28229 92
28224 28252 223
28231 28273 229
28247 28289 128
28263 28306 247
28283 28315 105
28311 28340 97
28317 28366 132
28331 28334 46
28354 28360 244
28372 28374 105
28386 28404 95
28414 28431 172
28432 28469 45
28440 28447 57
28458 28501 218
28478 28484 112
28494 28528 29
28502 28546 133
28528 28557 116
28529 28558 283
28551 28593 297
28573 28603 64
28577 28625 4
28587 28592 229
28596 28615 129
28610 28637 250
28639 28676 178
28649 28654 115
28654 28662 258
28684 28731 219
28713 28730 191
28743 28782 121
28761 28804 118
28773 28807 232
28798 28846 274
28812 28834 218
28835 28840 240
28858 28904 251
28866 28877 96
28869 28903 165
28876 28926 91
28877 28923 130
28878 28886 7
28891 28903 209
28904 28929 84
28911 28913 241
28930 28933 69
28941 28966 161
28960 28965 139
28984 29027 70
28996 29000 91
29019 29056 136
29037 29061 291
29057 29064 142
29071 29102 89
29099 29141 9
29114 29155 184
29122 29156 72
29126 29139 208
29135 29154 262
29155 29158 149
29171 29181 187
29177 29221 68
29198 29248 74
29208 29214 226
29224 29230 115
29226 29248 114
29237 29271 174
29255 29288 283
29280 29300 248
29291 29329 126
29293 29336 105
29301 29328 233
29310 29358 48
29340 29349 211
29352 29371 291
29364 29394 14
29374 29381 54
29378 29427 85
29395 29439 122
29408 29411 96
29426 29468 31
29432 29441 5
29445 29494 300
29459 29480 235
29488 29496 228
29513 29543 222
29543 29546 198
29552 29576 296
29552 29575 33
29559 29571 283
29572 29618 35
29599 29633 184
29604 29640 256
29606 29653 87
29619 29650 171
29625 29640 126
29628 29677 158
29639 29668 106
29649 29676 23
29656 29667 121
29662 29677 214
29673 29711 229
29682 29724 134
29682 29707 133
29695 29708 211
29717 29731 37
29717 29727 50
29747 29749 200
29765 29768 45
29795 29825 299
29822 29836 228
29828 29872 209
29843 29859 294
29871 29895 286
29888 29900 225
29918 29949 221
29928 29970 7
29954 30003 160
29962 30008 259
29989 30035 89
30006 30056 39
30024 30073 131
30041 30049 115
30047 30067 130
30067 30108 144
30096 30129 42
30107 30128 224
30124 30153 185
30145 30175 160
30158 30185 57
30176 30218 257
30184 30199 38
30198 30234 173
30201 30231 211
30231 30251 223
30235 30245 113
30249 30271 188
30279 30326 299
30296 30315 213
30313 30331 235
30320 30340 130
30345 30347 211
30375 30392 14
30393 30407 259
30416 30423 64
30439 30488 67
30467 30510 5
30496 30507 243
30508 30549 128
30522 30562 212
30536 30574 112
30551 30601 239
30567 30569 283
30589 30632 232
30617 30659 75
30638 30655 133
30668 30690 297
30689 30692 229
30693 30714 278
30708 30722 115
30735 30751 65
30763 30790 268
30780 30801 137
30797 30835 63
30827 30840 21
30842 30888 167
30856 30898 230
30859 30873 267
30859 30897 151
30868 30885 27
30875 30904 122
30877 30900 212
30905 30952 179
30907 30943 162
30914 30920 251
30914 30952 241
30935 30971 84
30960 30963 253
30974 30976 296
30987 31031 251
30991 31000 227
31004 31029 109
31032 31052 83
31041 31075 184
31062 31075 38
31091 31114 269
31105 31136 250
31106 31127 77
31132 31179 137
31144 31159 236
31164 31191 119
31175 31212 87
31178 31179 189
31187 31197 215
31204 31233 51
31232 31245 204
31242 31289 197
31250 31290 201
31258 31307 44
31279 31295 37
31286 31311 66
31304 31308 274
31319 31343 127
31327 31376 190
31343 31355 75
31367 31390 82
31382 31406 229
31391 31420 288
31420 31436 202
31420 31439 222
31440 31478 121
31467 31504 273
31490 31517 23
31519 31546 2
31526 31574 245
31552 31587 243
31571 31602 81
31582 31630 182
31611 31645 56
31613 31630 68
31614 31616 86
31618 31632 123
31619 31637 29
31649 31673 72
31669 31718 270
31697 31707 180
31718 31750 29
31719 31754 159
31724 31746 263
31736 31764 89
31744 31760 178
31772 31811 121
31796 31803 192
31802 31825 65
31824 31860 277
31852 31878 27
31863 31883 168
31879 31884 257
31892 31897 150
31897 31918 82
31912 31951 141
31922 31966 289
31931 31935 154
31936 31938 218
31941 31944 81
31955 31979 7
31976 32004 210
31984 32024 49
31987 32004 125
32017 32029 65
32024 32060 292
32030 32069 287
32056 32071 208
32060 32063 25
32084 32110 279
32105 32117 75
32134 32161 276
32164 32190 259
32193 32238 200
32223 32250 41
32235 32272 250
32259 32260 34
32272 32315 224
32289 32312 173
32292 32301 13
32310 32353 263
32333 32378 64
32357 32361 299
32386 32431 210
32391 32403 211
32414 32457 189
32421 32469 203
32435 32463 7
32458 32502 60
32467 32510 195
32470 32483 11
32499 32502 224
32500 32514 63
32509 32546 12
32530 32576 217
32560 32567 53
32588 32608 54
32604 32648 67
32612 32662 107
32629 32647 165
32634 32647 185
32639 32679 171
32658 32677 245
32681 32716 120
32686 32700 42
32713 32735 247
32715 32733 250
32743 32753 181
32755 32779 176
32767 32810 280
32780 32800 76
32796 32829 175
32804 32854 239
32811 32838 223
32836 32877 200
32856 32889 83
32873 32919 285
32890 32922 249
32914 32935 58
32921 32939 93
32950 32966 53
32955 32962 90
32972 33012 17
32999 33002 45
33008 33041 213
33034 33063 92
33048 33096 76
33066 33074 176
33073 33082 55
33103 33149 259
33110 33112 265
33123 33167 74
33151 33173 50
33170 33174 144
33189 33190 195
33189 33237 28
33209 33239 222
33219 33252 182
33228 33275 73
33228 33246 281
33254 33302 223
33257 33300 208
33271 33285 153
33285 33318 152
33297 33306 9
33304 33337 43
33333 33368 160
33358 33394 70
33370 33371 196
33380 33410 47
33395 33443 239
33403 33424 55
33416 33433 230
33428 33437 38
33439 33451 228
33466 33482 283
33482 33492 120
33505 33514 261
33523 33529 50
33537 33546 289
33550 33580 94
33567 33610 182
33584 33625 23
33593 33615 28
33597 33603 44
33604 33626 38
33620 33664 158
33644 33647 105
33670 33702 242
33698 33735 275
33706 33730 75
33713 33753 35
33743 33752 223
33745 33756 130
33771 33805 235
33782 33783 108
33806 33832 239
33820 33843 58
33844 33847 3
33867 33900 119
33893 33940 42
33920 33923 55
33922 33968 193
33934 33980 174
33963 33974 31
33984 34008 192
33991 34033 124
34005 34045 237
34025 34027 279
34047 34053 100
34060 34070 203
34087 34099 101
34114 34164 231
34126 34150 196
34138 34185 203
34140 34168 279
34156 34173 250
34178 34205 151
34201 34241 120
34203 34216 196
34209 34253 241
34239 34279 207
34257 34304 56
34276 34305 134
34296 34345 217
34297 34345 96
34303 34307 52
34304 34312 178
34305 34309 129
34335 34366 264
34364 34380 136
34365 34407 162
34389 34401 117
34399 34443 56
34409 34423 216
34430 34435 41
34451 34473 248
34463 34468 146
34486 34487 298
34512 34560 42
34527 34562 29
34547 34579 231
34565 34586 216
34569 34600 55
34586 34598 256
34607 34616 73
34612 34624 144
34627 34653 210
34645 34653 69
34670 34700 31
34678 34721 130
34703 34741 267
34730 34732 198
34743 34762 127
34763 34802 105
34769 34781 36
34787 34798 201
34817 34830 10
34817 34849 209
34846 34882 126
34874 34894 291
34903 34937 30
34918 34946 16
34932 34940 182
34951 34953 68
34958 35005 224
34961 34967 247
34982 35031 202
34993 35004 296
34995 35023 270
35023 35046 82
35035 35070 243
35061 35108 10
35077 35081 165
35107 35150 198
35109 35116 4
35123 35145 119
35151 35195 2
35152 35153 160
35170 35198 66
35185 35202 33
35197 35240 128
35227 35262 68
35241 35256 160
35270 35313 292
35282 35312 218
35294 35341 287
35318 35362 10
35324 35337 216
35347 35377 229
35358 35370 208
35358 35402 53
35370 35382 160
35397 35421 222
35427 35452 14
35437 35445 75
35440 35465 93
35458 35479 183
35487 35531 151
35489 35519 7
35507 35530 228
35519 35551 19
35544 35591 13
35546 35550 72
35574 35613 214
35587 35595 78
35615 35635 77
35632 35670 135
35633 35638 217
35634 35652 232
35646 35691 98
35673 35708 278
35680 35684 300
35699 35725 289
35716 35765 187
35736 35782 257
35762 35801 260
35786 35827 169
35813 35844 212
35828 35830 244
35836 35841 104
35853 35897 21
35874 35900 127
35901 35914 70
35923 35925 262
35941 35990 119
35953 35984 40
35983 36019 239
36010 36044 103
36022 36024 231
36029 36077 177
36047 36086 299
36058 36063 243
36088 36114 17
36093 36118 74
36101 36109 75
36125 36168 93
36145 36170 106
36152 36195 214
36166 36206 268
36188 36234 38
36217 36257 293
36241 36256 147
36253 36263 270
36273 36309 250
36293 36307 152
36295 36342 20
36316 36343 218
36318 36335 32
36328 36359 267
36351 36398 140
36368 36406 214
36390 36406 228
36414 36430 196
36434 36477 293
36456 36492 215
36456 36459 4
36468 36474 270
36498 36545 132
36505 36507 178
36527 36547 67
36552 36586 299
36562 36584 80
36576 36599 197
36595 36620 247
36616 36627 1
36631 36632 141
36645 36669 182
36661 36698 67
36673 36685 212
36701 36751 298
36713 36722 3
36713 36731 251
36726 36764 139
36756 36764 226
36775 36821 193
36804 36827 253
36810 36840 145
36839 36881 268
36841 36853 77
36850 36851 14
36851 36873 260
36875 36900 256
36904 36922 291
36916 36964 46
36922 36964 189
36928 36950 190
36936 36985 8
36951 36958 169
36977 37012 108
36985 37001 94
37009 37024 157
37038 37085 283
37060 37089 13
37064 37066 269
37080 37089 7
37080 37129 86
37104 37135 280
37132 37162 116
37137 37139 91
37158 37200 1
37174 37186 90
37193 37194 257
37223 37258 130
37253 37294 91
37282 37284 235
37308 37349 204
37316 37337 177
37327 37372 199
37333 37381 184
37335 37357 256
37350 37366 208
37367 37391 45
37376 37382 200
37377 37421 46
37381 37386 32
37387 37389 55
37414 37423 164
37426 37468 128
37433 37436 35
37442 37455 272
37471 37511 108
37477 37507 2
37493 37497 153
37496 37512 236
37503 37552 134
37518 37543 239
37521 37535 139
37532 37566 202
37532 37557 65
37556 37606 243
37563 37571 92
37579 37617 83
37586 37622 261
37588 37602 210
37597 37642 250
37625 37633 6
37653 37672 176
37654 37678 11
37673 37711 159
37686 37734 61
37708 37717 82
37711 37745 203
37720 37756 19
37744 37791 84
37760 37808 190
37781 37826 101
37798 37804 204
37822 37827 216
37845 37881 124
37868 37902 231
37870 37920 90
37889 37891 41
37897 37935 34
37922 37939 145
37932 37936 29
37956 37967 158
37971 37978 172
37981 38015 86
37982 38030 170
38004 38025 48
38028 38035 41
38039 38047 13
38065 38107 168
38086 38111 285
38092 38131 70
38105 38106 214
38108 38126 145
38137 38186 64
38150 38154 81
38171 38181 151
38178 38222 72
38196 38207 193
38212 38235 57
38228 38251 180
38231 38238 3
38240 38286 167
38269 38291 263
38277 38290 23
38280 38282 123
38301 38350 163
38310 38350 159
38330 38335 170
38333 38371 14
38336 38347 126
38354 38388 149
38378 38411 72
38386 38400 269
38393 38395 70
38396 38410 19
38402 38422 196
38430 38470 126
38431 38468 47
38433 38474 141
38446 38448 194
38458 38497 275
38475 38504 211
38490 38500 249
38514 38551 207
38524 38537 176
38554 38563 58
38573 38598 127
38590 38597 162
38614 38650 78
38633 38640 157
38638 38673 286
38642 38668 293
38665 38714 294
38667 38707 300
38684 38731 204
38713 38756 221
38737 38742 269
38739 38749 39
38759 38788 221
38760 38786 229
38763 38776 146
38774 38798 110
38793 38818 213
38796 38812 142
38804 38829 156
38828 38850 192
38828 38855 262
38832 38836 89
38848 38864 35
38855 38875 103
38869 38896 73
38874 38891 72
38897 38931 168
38913 38953 173
38916 38947 223
38922 38968 112
38950 38985 162
38958 38987 245
38965 38993 169
38992 39010 52
39002 39041 18
39028 39041 232
39028 39042 286
39039 39076 74
39060 39072 36
39089 39099 126
39106 39126 6
39117 39130 293
39141 39155 295
39159 39167 18
39171 39185 7
39197 39241 38
39213 39237 101
39216 39236 147
39224 39250 214
39232 39280 270
39243 39286 234
39248 39268 7
39270 39302 41
39275 39289 209
39304 39335 290
39309 39314 76
39329 39355 145
39335 39382 298
39354 39392 43
39379 39410 248
39404 39444 84
39406 39417 45
39415 39417 24
39436 39484 52
39436 39467 143
39442 39447 100
39453 39484 11
39478 39488 197
39489 39535 237
39496 39537 223
39501 39519 157
39528 39530 115
39550 39577 299
39551 39576 148
39560 39575 151
39560 39591 135
39579 39614 67
39600 39641 184
39623 39627 48
39624 39642 155
39652 39700 62
39671 39672 241
39682 39683 51
39698 39732 18
39715 39754 145
39736 39774 62
39736 39773 262
39739 39768 261
39764 39808 177
39778 39825 258
39804 39838 64
39831 39866 179
39848 39853 281
39848 39870 66
39852 39882 114
39875 39897 177
39897 39935 233
39914 39963 114
39926 39943 251
39941 39961 14
39962 40009 207
39964 39979 211
39971 40015 35
39998 40018 285
40009 40046 288
40020 40056 185
40023 40051 299
40040 40071 149
40063 40090 29
40070 40107 234
40089 40121 81
40090 40139 15
40113 40139 197
40114 40138 177
40138 40145 117
40163 40174 140
40193 40234 46
40208 40222 143
40216 40263 293
40216 40245 285
40221 40270 231
40222 40234 299
40242 40277 174
40243 40287 106
40243 40270 226
40270 40315 191
40281 40301 264
40302 40327 283
40325 40344 266
40331 40348 177
40341 40384 274
40354 40399 245
40383 40398 115
40396 40432 269
40408 40414 165
40424 40465 287
40432 40441 216
40458 40478 218
40481 40487 68
40507 40547 209
40536 40576 107
40545 40560 247
40568 40611 200
40587 40618 115
40598 40632 152
40604 40624 23
40631 40649 176
40658 40700 201
40669 40699 145
40671 40679 93
40688 40706 61
40709 40733 37
40733 40780 216
40756 40784 228
40767 40790 268
40770 40786 248
40799 40837 155
40822 40868 264
40850 40874 246
40872 40877 277
40894 40929 100
40903 40920 176
40931 40981 297
40948 40981 280
40963 40984 37
40982 41014 123
40982 41025 46
40987 41016 286
41006 41041 224
41031 41044 296
41061 41071 243
41090 41093 55
41106 41153 289
41133 41173 207
41134 41181 188
41142 41147 212
41144 41162 256
41146 41149 32
41174 41203 247
41190 41206 163
41214 41252 100
41239 41251 112
41240 41256 256
41269 41297 228
41279 41327 290
41286 41326 74
41292 41294 171
41320 41334 9
41321 41326 119
41325 41365 300
41341 41344 131
41366 41408 299
41380 41398 62
41398 41419 42
41416 41451 37
41445 41485 289
41464 41501 89
41464 41479 59
41467 41478 185
41470 41509 6
41494 41497 165
41508 41546 65
41508 41535 264
41515 41520 172
41528 41540 249
41536 41571 50
41546 41552 200
41554 41576 250
41564 41575 158
41572 41619 217
41583 41623 175
41586 41615 222
41591 41630 180
41615 41665 31
41640 41654 63
41642 41670 292
41654 41684 79
41662 41679 282
41690 41709 20
41690 41695 138
41695 41718 10
41718 41729 9
41746 41794 69
41754 41758 275
41761 41778 76
41790 41791 1
41796 41808 232
41826 41836 246
41835 41858 52
41836 41861 39
41848 41857 37
41873 41913 164
41896 41937 292
41897 41907 9
41919 41952 110
41921 41926 98
41948 41985 271
41970 41978 173
41985 42012 135
42004 42005 217
42008 42021 3
42027 42058 234
42055 42103 210
42058 42103 155
42080 42094 27
42103 42128 88
42128 42174 167
42145 42183 271
42149 42157 21
42149 42166 291
42152 42171 155
42160 42191 9
42165 42202 185
42190 42221 175
42204 42239 254
42207 42231 158
42222 42242 158
42249 42261 75
42273 42308 62
42292 42335 3
42301 42335 110
42306 42341 175
42306 42332 149
42314 42328 217
42343 42359 25
42346 42366 202
42372 42415 289
42377 42394 237
42395 42404 27
42399 42403 58
42423 42434 37
42441 42470 205
42457 42491 95
42475 42497 178
42483 42529 196
42485 42523 275
42511 42549 141
42539 42549 139
42568 42610 219
42571 42615 4
42595 42599 185
42621 42659 198
42648 42656 103
42654 42676 100
42674 42720 196
42691 42716 55
42703 42743 33
42720 42722 20
42743 42777 109
42751 42779 115
42758 42778 223
42787 42829 151
42799 42833 250
42801 42838 84
42831 42844 76
42842 42880 15
42856 42858 109
42857 42858 136
42882 42910 35
42910 42923 78
42915 42956 33
42935 42963 203
42964 42966 300
42991 43033 204
43007 43047 124
43035 43041 152
43049 43080 208
43055 43078 205
43068 43095 241
43080 43125 136
43092 43096 263
43115 43116 177
43144 43156 54
43163 43178 189
43185 43209 51
43213 43259 128
43237 43254 186
43248 43262 104
43256 43292 76
43273 43317 277
43274 43307 105
43284 43320 112
43310 43323 294
43331 43364 103
43334 43340 155
43360 43367 50
43367 43405 173
43386 43435 221
43392 43438 216
43415 43460 182
43429 43459 133
43459 43478 25
43465 43487 119
43491 43531 290
43497 43513 57
43519 43534 21
43519 43522 155
43542 43586 300
43549 43583 122
43579 43599 33
43591 43595 75
43604 43639 271
43612 43617 27
43631 43675 51
43644 43680 23
43663 43699 288
43676 43686 195
43701 43730 97
43714 43739 104
43733 43752 247
43759 43786 226
43765 43781 146
43778 43818 106
43792 43837 207
43796 43804 76
43799 43846 165
43808 43842 272
43821 43841 59
43851 43858 229
43877 43902 276
43888 43936 177
43903 43925 64
43927 43968 60
43945 43962 42
43948 43955 27
43957 43958 12
43973 44011 198
43979 44008 168
44004 44035 58
44034 44069 228
44064 44099 197
44083 44088 142
44097 44111 272
44111 44113 13
44122 44138 25
44138 44186 135
44142 44167 233
44160 44194 105
44170 44201 92
44187 44232 128
44203 44206 174
44220 44243 40
44233 44236 299
44239 44271 101
44266 44285 182
44277 44312 16
44307 44357 68
44330 44366 221
44339 44388 296
44361 44384 93
44383 44426 8
44383 44414 28
44410 44451 201
44418 44454 168
44438 44449 204
44445 44457 4
44467 44509 138
44493 44514 80
44504 44543 142
44528 44545 55
44537 44569 31
44559 44592 27
44587 44605 46
44604 44613 122
44613 44633 159
44622 44656 21
44641 44666 178
44648 44697 152
44665 44707 137
44669 44684 114
44695 44741 250
44702 44730 68
44723 44748 219
44724 44766 288
44751 44783 24
44777 44787 137
44788 44822 289
44814 44820 19
44840 44861 231
44857 44893 115
44880 44888 249
44897 44909 130
44920 44950 44
44947 44991 227
44959 44960 7
44973 45021 256
44988 45015 201
45003 45029 192
45013 45019 131
45035 45041 69
45053 45074 208
45056 45085 32
45059 45062 74
45065 45097 258
45090 45139 279
45113 45120 27
45143 45170 187
45164 45193 188
45170 45190 97
45171 45176 222
45195 45204 77
45225 45233 86
45241 45290 56
45249 45262 202
45264 45271 7
45294 45296 70
45318 45354 79
45341 45386 203
45370 45385 218
45371 45404 153
45381 45383 40
45382 45429 126
45399 45413 197
45423 45457 281
45429 45470 50
45436 45441 77
45449 45473 98
45478 45485 56
45497 45504 157
45521 45568 74
45544 45549 252
45563 45572 112
45585 45633 38
45615 45649 296
45637 45660 202
45649 45674 37
45667 45697 117
45683 45714 73
45698 45739 134
45728 45764 156
45756 45791 98
45779 45782 299
45809 45845 143
45816 45827 63
45827 45844 188
45845 45850 78
45862 45879 91
45883 45891 41
45888 45928 151
45902 45907 244
45911 45919 84
45936 45941 37
45958 45992 249
45977 45983 25
45998 46047 92
46028 46051 25
46038 46057 256
46049 46069 294
46064 46086 215
46074 46095 289
46078 46084 120
46104 46151 219
46114 46145 135
46122 46133 61
46147 46151 241
46157 46160 87
46187 46206 299
46194 46198 255
46215 46254 84
46218 46264 254
46219 46249 25
46239 46279 269
46262 46268 258
46263 46294 150
46285 46326 51
46310 46326 25
46310 46352 262
46338 46388 133
46351 46381 93
46378 46421 9
46383 46386 298
46384 46406 117
46389 46431 187
46402 46424 201
46422 46461 71
46445 46470 184
46455 46490 99
46474 46484 151
46477 46502 153
46498 46516 96
46510 46560 172
46540 46562 22
46564 46610 57
46570 46613 227
46580 46605 59
46582 46614 134
46596 46646 198
46615 46664 139
46636 46673 244
46664 46671 17
46687 46705 84
46692 46705 183
46718 46764 239
46742 46789 28
46756 46765 152
46784 46791 126
46796 46811 133
46824 46850 13
46829 46874 22
46830 46866 156
46834 46868 228
46839 46872 5
46867 46900 194
46878 46890 237
46890 46895 228
46894 46930 246
46914 46938 265
46917 46938 54
46932 46957 61
46945 46992 34
46970 47001 172
46997 47001 208
47020 47026 63
47029 47053 141
47042 47067 241
47070 47115 47
47080 47106 206
47093 47113 47
47122 47164 104
47132 47176 20
47142 47184 252
47157 47191 163
47166 47199 287
47180 47212 107
47185 47196 209
47193 47217 77
47211 47253 13
47213 47225 137
47221 47234 59
47230 47252 258
47250 47260 208
47277 47288 119
47303 47308 202
47316 47362 149
47345 47392 86
47357 47361 77
47382 47429 156
47406 47436 92
47417 47429 23
47437 47454 222
47463 47494 152
47475 47500 210
47491 47525 68
47518 47555 231
47534 47568 257
47539 47570 237
47539 47585 220
47568 47582 61
47593 47612 146
47593 47639 131
47615 47661 156
47634 47673 198
47663 47690 97
47686 47728 279
47691 47704 18
47703 47726 12
47718 47768 264
47745 47789 240
47757 47773 279
47774 47780 60
47797 47837 173
47812 47831 128
47813 47832 99
47830 47854 198
47837 47884 96
47847 47890 218
47854 47881 62
47877 47918 7
47903 47908 213
47922 47968 215
47945 47983 58
47945 47961 131
47956 47982 157
47967 47983 148
47986 48036 41
47995 48041 122
47999 48013 198
48016 48017 133
48036 48038 33
48038 48044 272
48050 48052 3
48066 48078 28
48067 48093 18
48089 48137 170
48091 48141 134
48114 48159 94
48144 48181 144
48147 48167 95
48158 48162 35
48158 48181 46
48174 48212 235
48197 48235 141
48208 48216 122
48236 48264 297
48251 48258 134
48262 48300 157
48270 48281 98
48270 48275 150
48281 48289 79
48311 48351 204
48320 48340 285
48343 48367 172
48345 48382 101
48358 48378 101
48382 48387 261
48394 48423 261
48398 48406 196
48413 48428 215
48417 48441 178
48426 48463 259
48438 48445 112
48444 48463 113
48450 48480 226
48458 48488 284
48482 48489 132
48500 48515 111
48527 48571 281
48533 48537 268
48538 48575 178
48559 48572 255
48589 48591 47
48618 48642 275
48623 48646 223
48651 48678 282
48678 48686 280
48688 48725 182
48690 48733 170
48711 48723 9
48723 48746 63
48740 48767 191
48750 48789 18
48751 48770 280
48763 48788 11
48779 48825 75
48804 48820 275
48809 48846 194
48817 48864 83
48841 48890 52
48848 48886 222
48876 48904 153
48897 48936 270
48909 48923 152
48912 48954 274
48913 48923 287
48931 48957 28
48950 48967 214
48975 48982 145
48996 49028 298
49006 49055 278
49028 49044 160
49043 49076 283
49073 49076 9
49095 49108 63
49100 49144 70
49120 49167 249
49150 49152 157
49171 49193 242
49200 49202 110
49204 49217 20
49227 49242 202
49236 49265 43
49261 49299 279
49291 49317 221
49292 49298 105
49306 49319 73
49322 49330 105
49326 49359 210
49348 49369 105
49377 49407 14
49378 49403 36
49391 49422 143
49394 49418 257
49413 49433 20
49436 49466 146
49466 49472 193
49495 49518 24
49511 49543 259
49526 49535 235
49551 49591 199
49580 49594 248
49609 49629 48
49622 49629 227
49642 49656 268
49669 49706 90
49692 49707 201
49698 49742 231
49714 49728 6
49727 49742 29
49753 49787 200
49774 49792 224
49798 49806 81
49820 49848 144
49845 49894 153
49852 49868 97
49871 49882 203
49899 49926 148
49924 49931 240
49943 49965 282
49964 49989 111
49982 50004 103
49996 50005 128
50021 50029 20
50042 50047 238
50061 50105 147
50072 50074 178
50080 50088 282
50102 50117 255
50128 50141 157
50150 50171 19
50177 50189 77
50190 50225 247
50191 50218 148
50216 50256 274
50239 50247 168
50261 50289 207
50277 50287 45
50303 50336 157
50308 50346 162
50327 50338 214
50332 50368 48
50349 50362 122
50367 50374 107
50386 50393 199
50389 50408 130
50402 50449 203
50420 50451 171
50420 50453 32
50434 50455 213
50456 50467 288
50480 50527 221
50495 50526 229
50509 50525 267
50511 50559 250
50535 50549 139
50561 50576 171
50588 50610 154
50608 50609 217
50617 50632 235
50617 50624 289
50634 50653 20
50635 50641 185
50645 50653 264
50673 50680 53
50687 50734 23
50711 50747 42
50740 50755 126
50750 50784 260
50759 50796 237
50759 50797 277
50760 50783 238
50780 50803 89
50798 50819 44
50823 50830 28
50853 50891 161
50867 50876 36
50889 50890 178
50912 50925 36
50925 50930 141
50951 50955 8
50976 50992 48
50997 51005 194
51017 51063 282
51018 51064 195
51030 51038 278
51051 51084 72
51058 51086 148
51077 51098 255
51088 51106 82
51088 51122 102
51118 51125 269
51137 51149 143
51144 51147 32
51154 51184 126
51184 51194 176
51209 51216 253
51236 51252 119
51241 51257 191
51244 51274 238
51261 51290 104
51281 51300 288
51293 51301 26
51304 51351 44
51328 51364 16
51328 51358 73
51355 51391 24
51364 51366 83
51372 51383 233
51385 51391 277
51401 51422 220
51403 51446 1
51409 51446 288
51438 51451 298
51452 51465 18
51478 51496 248
51478 51512 13
51499 51546 236
51508 51535 197
51524 51555 205
51551 51562 248
51561 51563 141
51574 51620 44
51602 51605 125
51608 51623 138
51636 51682 115
51654 51674 130
51661 51699 267
51688 51701 156
51704 51727 41
51723 51728 149
51747 51768 192
51758 51761 11
51767 51813 277
51780 51830 188
51803 51847 168
51814 51827 97
51836 51848 141
51844 51858 146
51845 51855 81
51869 51878 53
51895 51904 80
51899 51942 99
51914 51955 20
51930 51971 59
51957 51962 117
51957 51982 48
51957 51975 152
51958 52008 95
51968 52017 214
51978 52013 267
51985 52029 160
52013 52046 164
52028 52074 280
52050 52096 262
52068 52085 102
52082 52121 54
52105 52129 177
52133 52149 249
52151 52153 171
52164 52191 202
52188 52227 92
52193 52241 113
52217 52220 271
52236 52278 229
52238 52267 143
52265 52315 264
52286 52316 81
52308 52345 35
52324 52354 145
52338 52349 42
52339 52356 188
52362 52407 159
52381 52403 234
52382 52414 120
52391 52422 291
52410 52417 209
52422 52462 243
52427 52441 71
52451 52492 158
52474 52518 266
52495 52499 192
52516 52531 55
52538 52544 223
52540 52562 294
52549 52564 264
52572 52573 29
52589 52592 14
52602 52645 236
52608 52617 201
52634 52653 81
52647 52672 269
52647 52658 124
52669 52685 54
52685 52705 16
52695 52724 241
52695 52699 19
52705 52727 23
52712 52724 144
52720 52740 205
52723 52730 167
52741 52749 61
52760 52795 226
52780 52801 151
52785 52830 113
52802 52834 291
52827 52868 135
52842 52890 113
52846 52878 124
52847 52857 49
52872 52883 173
52895 52910 293
52916 52943 245
52931 52950 165
52959 52985 57
52964 52991 91
52975 53016 175
52980 52994 207
53003 53004 16
53028 53068 94
53038 53043 4
53045 53067 199
53067 53094 240
53092 53122 275
53120 53159 252
53137 53159 239
53139 53187 54
53157 53171 43
53172 53197 246
53177 53194 214
53177 53184 242
53199 53234 78
53217 53250 98
53226 53267 20
53228 53254 249
53247 53269 44
53249 53263 274
53259 53292 96
53275 53289 55
53303 53308 256
53316 53328 252
53333 53357 231
53339 53366 84
53366 53399 298
53374 53413 245
53383 53421 17
53406 53430 135
53424 53452 17
53432 53457 72
53449 53453 54
53456 53484 177
53466 53467 63
53480 53490 210
53507 53540 244
53517 53541 70
53539 53566 260
53552 53567 280
53576 53593 78
53577 53580 144
53581 53609 252
53587 53596 161
53611 53631 189
53632 53666 64
53642 53687 12
53662 53682 181
53682 53702 11
53711 53744 259
53727 53734 156
53730 53775 132
53738 53780 202
53758 53789 230
53762 53769 36
53788 53792 268
53811 53838 248
53826 53854 147
53852 53885 11
53853 53856 69
53876 53879 234
53877 53882 183
53884 53927 285
53897 53898 240
53909 53948 182
53925 53928 259
53936 53973 158
53946 53954 50
53961 53999 142
53962 53998 28
53974 54010 270
53974 54021 74
53982 54024 201
53998 54024 164
53999 54027 129
54009 54026 18
54038 54084 71
54068 54093 188
54077 54105 72
54086 54104 283
54103 54115 121
54118 54127 193
54135 54137 188
54152 54158 181
54165 54170 85
54183 54205 295
54203 54228 185
54208 54245 106
54222 54228 100
54242 54282 230
54245 54259 19
54253 54274 146
54263 54285 79
54273 54282 1
54287 54292 68
54287 54337 139
54290 54298 289
54317 54341 198
54347 54365 161
54348 54374 106
54369 54415 173
54397 54446 30
54419 54423 196
54427 54455 23
54430 54474 182
54446 54460 248
54464 54486 157
54465 54491 245
54476 54515 175
54483 54493 165
54496 54500 279
54507 54533 6
54533 54583 218
54538 54581 26
54560 54598 213
54564 54591 10
54585 54614 30
54613 54633 84
54627 54628 200
54640 54678 81
54652 54697 290
54655 54703 39
54655 54705 248
54664 54672 294
54689 54731 57
54704 54750 73
54713 54724 5
54731 54751 25
54760 54794 258
54760 54772 160
54781 54826 70
54784 54815 1
54799 54820 216
54829 54835 187
54832 54855 121
54841 54866 32
54868 54882 91
54868 54871 239
54891 54900 210
54918 54958 38
54943 54982 199
54948 54974 197
54959 54977 22
54973 54988 264
55003 55046 206
55016 55022 10
55036 55060 265
55052 55062 167
55067 55084 258
55083 55091 300
55097 55128 78
55120 55121 190
55144 55157 87
55161 55174 57
55186 55216 233
55194 55206 103
55220 55245 210
55236 55248 231
55251 55280 210
55281 55329 75
55294 55337 288
55317 55361 5
55319 55323 91
55341 55354 107
55344 55360 92
55365 55411 221
55382 55410 2
55398 55448 85
55410 55458 139
55425 55475 158
55432 55460 217
55450 55495 160
55457 55495 155
55486 55492 215
55508 55516 70
55532 55553 72
55539 55544 33
55569 55593 207
55580 55629 222
55583 55615 220
55605 55607 101
55628 55668 82
55641 55659 138
55651 55688 65
55664 55667 66
55679 55701 296
55688 55689 298
55693 55736 53
55707 55741 102
55731 55759 148
55737 55742 257
55748 55798 222
55761 55801 211
55773 55806 267
55801 55846 168
55815 55816 38
55816 55845 39
55835 55846 213
55865 55868 214
55893 55943 1
55901 55930 107
55902 55944 273
55921 55963 141
55923 55958 195
55945 55948 30
55966 55996 175
55973 56019 51
55973 55986 195
56001 56042 147
56015 56041 237
56045 56061 59
56053 56100 86
56071 56076 61
56101 56102 261
56108 56129 82
56132 56143 130
56135 56146 180
56136 56149 232
56166 56167 130
56174 56207 180
56180 56230 139
56196 56211 168
56226 56251 132
56242 56291 206
56261 56309 210
56288 56311 62
56314 56325 170
56344 56389 241
56352 56385 22
56371 56396 255
56376 56417 194
56396 56416 73
56405 56434 267
56413 56445 272
56413 56432 171
56414 56434 109
56414 56441 214
56444 56488 224
56465 56504 115
56495 56523 137
56514 56522 72
56519 56521 33
56548 56595 204
56578 56623 293
56602 56636 32
56615 56626 220
56633 56644 95
56633 56655 8
56633 56675 62
56662 56664 269
56662 56694 33
56663 56665 220
56669 56706 57
56696 56745 144
56713 56744 90
56735 56747 222
56765 56802 160
56787 56800 220
56798 56800 285
56828 56873 27
56838 56856 295
56838 56869 73
56855 56877 252
56870 56901 5
56899 56929 142
56919 56938 150
56934 56952 82
56937 56946 245
56960 56992 40
56982 56989 126
56994 57023 166
57008 57031 64
57019 57063 41
57044 57047 257
57063 57111 252
57075 57117 53
57086 57105 55
57103 57139 149
57112 57143 54
57128 57149 211
57156 57186 287
57159 57202 89
57184 57211 258
57187 57210 20
57209 57250 63
57226 57246 230
57236 57275 276
57260 57301 42
57285 57306 244
57288 57297 131
57294 57300 276
57311 57322 179
57341 57378 62
57352 57379 26
57366 57378 297
57391 57427 287
57416 57466 36
57430 57439 177
57441 57487 12
57469 57517 221
57497 57508 104
57500 57530 248
57516 57558 113
57526 57535 206
57532 57558 81
57561 57573 276
57576 57611 50
57600 57606 145
57623 57642 293
57646 57664 201
57665 57666 298
57689 57696 20
57719 57728 263
57730 57747 273
57733 57772 59
57734 57741 155
57764 57767 188
57787 57824 51
57803 57843 252
57806 57844 284
57806 57819 20
57835 57861 198
57853 57873 296
57864 57871 248
57873 57896 296
57876 57902 180
57878 57906 172
57883 57923 193
57900 57904 194
57908 57913 146
57929 57945 51
57948 57977 166
57969 57978 253
57995 58030 2
58012 58042 91
58032 58058 4
58052 58098 176
58078 58116 161
58097 58140 67
58108 58149 260
58112 58155 199
58113 58141 146
58139 58180 35
58140 58182 157
58158 58194 246
58168 58183 91
58184 58189 263
58204 58213 153
58213 58219 87
58235 58281 295
58252 58284 37
58255 58276 78
58269 58310 57
58291 58333 268
58298 58309 52
58320 58341 73
58345 58354 116
58347 58361 141
58356 58366 238
58371 58402 111
58400 58448 8
58426 58430 286
58438 58473 231
58459 58489 202
58468 58508 272
58488 58507 163
58513 58515 299
58536 58567 77
58566 58613 178
58583 58608 240
58607 58623 145
58628 58629 232
58643 58663 113
58657 58684 207
58657 58662 48
58681 58695 2
58696 58729 133
58710 58732 61
58735 58740 131
58761 58808 38
58780 58785 206
58804 58807 49
58814 58845 142
58834 58858 83
58857 58866 287
58863 58865 56
58883 58925 134
58884 58918 252
58905 58914 144
58908 58942 175
58912 58913 29
58921 58967 17
58922 58952 193
58934 58978 202
58944 58954 68
58968 58971 27
58981 59006 122
59007 59056 211
59010 59055 167
59018 59023 84
59033 59056 179
59040 59069 271
59065 59078 103
59086 59104 50
59095 59128 155
59117 59160 205
59121 59163 221
59123 59136 137
59137 59141 79
59152 59182 15
59165 59167 289
59189 59207 252
59207 59208 248
59235 59258 64
59237 59267 267
59248 59260 148
59271 59302 7
59289 59313 240
59303 59307 295
59327 59357 55
59342 59367 112
59351 59357 214
59361 59400 86
59369 59409 66
59386 59413 58
59409 59450 2
59411 59434 166
59424 59452 274
59442 59488 120
59453 59492 290
59473 59496 268
59496 59544 217
59499 59526 38
59527 59557 125
59545 59578 266
59571 59611 153
59591 59594 278
59597 59611 238
59609 59610 108
59635 59646 283
59652 59674 164
59673 59705 230
59703 59750 163
59709 59719 230
59732 59743 173
59742 59744 10
59748 59779 140
59771 59805 123
59777 59795 105
59781 59825 91
59784 59825 44
59798 59813 226
59812 59858 23
59814 59853 74
59836 59868 282
59847 59848 1
59860 59897 82
59875 59922 230
59892 59905 265
59908 59919 125
59937 59980 109
59955 59973 266
59972 59980 246
59985 59993 74
59991 60040 240
59993 60022 119
60009 60022 209
60028 60040 284
60054 60065 12
60082 60087 292
60111 60112 126
60128 60173 24
60149 60168 165
60174 60218 131
60174 60215 81
60201 60213 8
60219 60262 53
60243 60292 19
60266 60283 160
60288 60320 243
60294 60330 214
60310 60357 19
60334 60353 185
60339 60372 277
60358 60359 107
60371 60376 52
60389 60416 279
60406 60443 143
60416 60456 24
60427 60453 165
60427 60446 212
60453 60455 143
60467 60469 244
60472 60518 239
60480 60502 57
60487 60530 135
60513 60523 58
60541 60549 263
60557 60596 275
60571 60613 251
60585 60593 191
60609 60617 177
60638 60669 293
60664 60673 214
60675 60691 87
60705 60737 260
60712 60761 128
60720 60753 15
60741 60784 3
60749 60786 194
60749 60781 213
60764 60812 3
60766 60776 21
60779 60801 40
60784 60830 216
60802 60850 135
60823 60838 206
60844 60864 101
60861 60880 297
60879 60893 13
60888 60915 147
60895 60929 135
60898 60944 292
60913 60924 266
60915 60919 154
60919 60950 223
60946 60968 69
60972 60998 171
60984 61008 72
60990 61036 202
61014 61063 269
61014 61045 207
61042 61075 269
61066 61080 49
61073 61096 3
61076 61107 152
61086 61105 247
61112 61155 176
61140 61155 161
61142 61165 112
61152 61187 261
61161 61197 126
61184 61197 226
61211 61225 187
61231 61276 202
61247 61288 79
61253 61294 65
61281 61328 231
61285 61327 26
61293 61294 124
61314 61319 55
61332 61360 217
61346 61394 9
61355 61402 262
61356 61406 293
61378 61385 97
61402 61406 213
61422 61470 226
61442 61482 126
61453 61458 5
61467 61476 202
61484 61488 257
61486 61502 134
61499 61513 268
61521 61531 156
61544 61562 170
61552 61569 100
61573 61588 10
61603 61612 120
61610 61634 28
61627 61639 86
61655 61688 251
61680 61701 272
61710 61726 72
61713 61716 273
61736 61749 176
61747 61756 181
61750 61762 224
61762 61806 284
61773 61823 118
61773 61795 124
61801 61815 231
61817 61858 54
61844 61879 34
61844 61847 267
61847 61872 114
61848 61885 241
61871 61901 122
61876 61915 205
61887 61900 136
61899 61932 79
61929 61950 92
61945 61970 268
61960 62004 29
61971 61972 13
61978 62028 287
61983 61996 263
62013 62038 113
62042 62079 271
62048 62095 118
62071 62078 125
62091 62097 59
62120 62149 116
62145 62148 262
62148 62169 86
62153 62188 214
62182 62221 5
62196 62245 96
62226 62264 234
62227 62237 156
62230 62264 79
62236 62240 204
62257 62280 218
62274 62279 233
62298 62307 141
62320 62368 221
62323 62358 152
62329 62364 118
62332 62369 299
62352 62360 119
62362 62376 285
62367 62416 190
62386 62403 295
62398 62432 201
62428 62440 256
62440 62461 42
62451 62484 10
62460 62485 253
62468 62472 207
62473 62509 286
62487 62523 73
62495 62538 103
62503 62553 12
62525 62533 124
62554 62572 94
62577 62581 101
62598 62647 233
62621 62655 267
62645 62692 245
62651 62701 156
62677 62722 98
62693 62741 103
62701 62747 15
62706 62726 124
62719 62742 241
62734 62739 148
62747 62762 123
62772 62797 218
62798 62834 229
62818 62832 164
62836 62884 77
62865 62895 14
62870 62899 126
62888 62893 236
62913 62953 277
62913 62925 177
62934 62979 209
62945 62990 25
62963 62993 148
62976 62998 282
63001 63042 254
63015 63019 282
63025 63066 139
63049 63080 250
63078 63086 68
63089 63106 130
63116 63131 45
63146 63160 116
63173 63205 208
63173 63217 270
63184 63224 166
63199 63247 151
63225 63258 105
63228 63240 172
63257 63293 226
63287 63336 239
63294 63329 190
63324 63351 125
63325 63342 18
63342 63362 151
63372 63404 232
63382 63406 102
63389 63411 97
63395 63410 114
63396 63425 261
63426 63471 214
63432 63460 210
63453 63466 292
63457 63468 242
63467 63485 232
63473 63523 158
63497 63505 95
63498 63540 183
63510 63539 86
63540 63582 273
63569 63589 121
63596 63617 24
63596 63608 13
63599 63642 270
63616 63624 181
63616 63662 171
63626 63674 188
63649 63664 157
63659 63699 170
63682 63700 92
63710 63759 259
63729 63742 261
63751 63772 66
63775 63780 57
63783 63800 184
63787 63807 81
63795 63810 37
63820 63847 280
63835 63870 90
63854 63857 180
63863 63883 70
63871 63902 39
63900 63941 244
63903 63920 156
63903 63919 215
63929 63937 194
63949 63976 13
63957 63960 152
63970 63971 160
63991 64029 158
63999 64021 227
63999 64006 263
64011 64018 33
64021 64047 28
64042 64071 289
64049 64053 129
64058 64092 293
64079 64102 131
64089 64108 85
64113 64129 215
64134 64162 188
64160 64205 288
64179 64201 163
64206 64241 230
64222 64255 252
64243 64285 55
64269 64318 162
64295 64316 164
64317 64331 168
64346 64359 38
64352 64395 24
64376 64420 118
64376 64423 7
64400 64411 108
64403 64434 53
64424 64429 277
64451 64469 245
64479 64488 256
64484 64516 119
64489 64531 68
64507 64509 129
64534 64541 295
64563 64602 278
64580 64596 292
64608 64635 60
64632 64668 86
64655 64668 209
64677 64678 260
64703 64733 211
64715 64717 76
64742 64762 31
64753 64780 128
64760 64787 223
64765 64793 281
64783 64795 257
64813 64833 79
64822 64857 196
64823 64846 40
64823 64864 264
64833 64861 225
64860 64877 58
64887 64922 266
64898 64927 65
64909 64946 258
64923 64924 216
64930 64933 201
64930 64959 220
64946 64962 288
64965 64990 102
64967 65003 291
64994 65043 77
64994 65029 35
65021 65042 218
65031 65058 17
65050 65086 54
65066 65113 248
65083 65124 289
65085 65118 265
65097 65107 118
65116 65164 206
65132 65133 195
65138 65146 172
65160 65166 188
65162 65191 5
65174 65207 229
65192 65210 165
65221 65239 11
65247 65271 152
65267 65309 37
65275 65307 55
65292 65296 34
65297 65335 286
65325 65363 217
65347 65362 39
65372 65376 288
65402 65448 59
65432 65433 93
65438 65462 139
65449 65499 217
65476 65499 220
65489 65524 191
65505 65550 279
65507 65524 174
65514 65548 109
65519 65523 274
65548 65581 58
65575 65579 18
65599 65617 256
65617 65636 28
65621 65625 170
65626 65670 130
65646 65677 128
65654 65668 265
65672 65691 189
65682 65689 179
65685 65727 290
65697 65721 82
65718 65730 177
65732 65744 173
65732 65751 223
65754 65771 297
65774 65784 149
65780 65800 218
65800 65820 17
65827 65876 236
65844 65849 295
65873 65881 230
65878 65883 13
65891 65927 145
65907 65916 134
65924 65938 222
65948 65954 42
65956 65971 97
65972 66004 114
65990 66010 256
66018 66033 275
66043 66084 104
66047 66090 239
66054 66099 150
66060 66084 55
66089 66114 85
66111 66114 218
66119 66151 192
66137 66182 260
66156 66180 145
66178 66187 243
66181 66214 105
66199 66216 252
66223 66249 278
66248 66249 154
66277 66324 50
66305 66336 252
66305 66352 245
66315 66341 28
66342 66390 64
66369 66371 63
66369 66409 214
66376 66378 209
66398 66411 70
66405 66434 99
66411 66443 52
66437 66456 280
66452 66485 207
66475 66520 256
66492 66498 235
66504 66535 107
66516 66544 54
66535 66558 75
66556 66603 251
66584 66590 163
66607 66649 286
66630 66633 194
66630 66644 121
66644 66672 241
66662 66693 66
66667 66705 214
66669 66670 280
66670 66701 217
66691 66706 122
66701 66729 193
66719 66724 119
66732 66767 255
66734 66772 283
66737 66774 141
66737 66743 195
66767 66768 116
66790 66808 154
66805 66850 47
66807 66844 217
66828 66878 215
66842 66849 4
66869 66903 82
66899 66949 269
66925 66966 165
66935 66953 129
66943 66954 203
66965 67011 105
66985 67016 187
66995 67000 235
67010 67038 141
67016 67039 257
67045 67069 292
67067 67087 37
67074 67107 22
67089 67096 126
67092 67100 153
67094 67138 120
67114 67140 279
67143 67171 187
67155 67168 207
67160 67196 81
67162 67183 153
67187 67203 84
67209 67210 33
67229 67255 215
67246 67266 21
67250 67254 260
67261 67271 300
67269 67281 35
67293 67312 138
67321 67350 106
67346 67355 187
67362 67390 132
67365 67393 136
67382 67388 275
67409 67415 274
67418 67457 145
67444 67469 103
67464 67470 155
67470 67478 35
67482 67494 163
67494 67517 50
67512 67528 232
67531 67559 179
67531 67553 227
67554 67599 251
67556 67572 110
67582 67625 198
67598 67627 48
67610 67655 33
67623 67658 135
67644 67656 41
67657 67703 104
67657 67662 12
67667 67701 111
67667 67694 282
67678 67700 135
67692 67717 62
67701 67713 142
67703 67736 79
67729 67732 123
67746 67775 64
67756 67789 249
67775 67795 225
67796 67806 250
67821 67827 288
67848 67886 184
67874 67886 115
67883 67904 264
67889 67932 293
67897 67946 65
67925 67926 197
67928 67951 281
67947 67957 252
67955 67964 169
67975 68015 250
67990 68026 28
68009 68036 204
68009 68014 148
68017 68020 140
68029 68074 21
68041 68069 225
68048 68090 189
68051 68099 268
68051 68070 159
68052 68080 228
68078 68127 42
68079 68102 95
68085 68100 8
68108 68139 190
68116 68156 191
68136 68160 99
68165 68195 44
68195 68212 78
68211 68256 198
68230 68246 7
68251 68275 17
68266 68290 15
68278 68294 94
68284 68294 69
68288 68314 256
68299 68341 251
68314 68325 83
68334 68349 17
68342 68346 24
68363 68373 2
68366 68384 141
68396 68426 297
68396 68442 3
68409 68429 266
68438 68470 33
68463 68495 91
68466 68496 251
68496 68541 74
68519 68544 178
68549 68584 144
68568 68585 22
68578 68607 257
68604 68652 300
68609 68654 194
68619 68647 132
68628 68669 158
68651 68665 148
68663 68709 123
68665 68685 128
68691 68740 229
68696 68698 100
68696 68718 152
68711 68759 63
68717 68728 70
68744 68778 268
68747 68767 143
68748 68771 32
68775 68803 246
68799 68830 296
68820 68848 28
68821 68840 235
68821 68827 111
68830 68838 157
68839 68876 156
68867 68892 153
68869 68873 247
68897 68944 204
68914 68919 28
68941 68960 38
68960 69000 39
68978 69010 155
68987 68993 270
69005 69042 275
69009 69011 106
69028 69074 282
69041 69067 12
69064 69107 11
69069 69109 79
69073 69103 194
69088 69130 51
69105 69132 183
69132 69154 231
69133 69182 99
69139 69140 103
69168 69198 291
69187 69193 283
69204 69244 285
69205 69249 45
69217 69218 21
69219 69256 270
69237 69283 156
69250 69293 140
69274 69289 282
69289 69291 11
69310 69353 282
69323 69358 300
69347 69349 266
69362 69408 185
69380 69385 171
69402 69435 5
69407 69446 33
69410 69419 37
69412 69416 268
69430 69431 220
69450 69479 28
69459 69475 171
69464 69490 283
69473 69519 250
69482 69501 132
69497 69508 223
69520 69570 21
69545 69565 9
69559 69564 36
69565 69579 71
69570 69605 284
69585 69595 231
69597 69627 168
69623 69633 92
69623 69654 113
69644 69693 180
69672 69674 284
69676 69720 175
69682 69724 299
69691 69741 284
69721 69754 153
69723 69731 79
69738 69743 24
69759 69799 161
69775 69820 288
69782 69819 29
69807 69848 240
69823 69869 291
69835 69847 269
69848 69860 239
69872 69920 51
69890 69899 33
69899 69929 216
69917 69930 136
69934 69961 240
69935 69954 69
69954 69969 298
69961 69969 177
69986 70001 107
69994 70039 61
70006 70042 105
70014 70038 31
70043 70060 136
70072 70094 224
70078 70095 70
70093 70107 206
70107 70122 224
70119 70148 92
70146 70171 163
70161 70179 178
70163 70185 92
70172 70202 130
70198 70236 183
70228 70242 227
70248 70262 175
70269 70304 79
70270 70277 196
70291 70327 186
70296 70326 209
70307 70341 158
70320 70355 36
70334 70354 94
70336 70379 81
70364 70388 46
70378 70420 106
70396 70400 229
70419 70464 98
70430 70442 64
70437 70478 155
70447 70484 217
70459 70463 129
70489 70539 52
70516 70520 100
70538 70541 115
70567 70602 27
70591 70605 296
70611 70638 230
70612 70617 86
70631 70657 212
70645 70694 9
70646 70685 224
70672 70696 140
70686 70693 243
70701 70704 85
70707 70736 91
70714 70755 134
70720 70756 34
70742 70784 92
70756 70777 265
70779 70829 123
70800 70843 65
70818 70867 287
70846 70858 244
70865 70867 299
70867 70903 13
70885 70900 269
70888 70914 16
70899 70940 64
70903 70921 252
70923 70970 205
70945 70954 122
70970 71008 205
70994 71029 223
71016 71051 59
71036 71068 55
71059 71065 152
71077 71120 32
71084 71114 185
71099 71117 90
71114 71134 219
71117 71127 117
71132 71166 65
71149 71191 271
71161 71193 78
71163 71187 251
71178 71225 285
71202 71232 39
71212 71244 94
71214 71227 68
71242 71256 273
71272 71315 3
71286 71309 112
71296 71346 162
71325 71354 150
71344 71364 256
71364 71407 37
71365 71382 219
71393 71415 54
71415 71444 44
71444 71446 20
71452 71463 82
71481 71522 192
71508 71511 95
71512 71561 275
71531 71557 105
71551 71567 5
71557 71607 262
71557 71572 261
71570 71580 250
71593 71607 60
71606 71614 53
71610 71638 275
71631 71649 275
71637 71684 122
71645 71672 49
71661 71701 64
71669 71679 10
71671 71673 235
71697 71727 50
71716 71730 26
71726 71754 125
71743 71755 277
71766 71774 113
71796 71821 93
71797 71841 147
71818 71839 126
71820 71858 115
71841 71890 119
71866 71916 167
71873 71908 241
71900 71932 236
71905 71914 54
71916 71940 266
71944 71975 210
71974 71999 218
71981 72001 209
72011 72047 238
72038 72076 149
72063 72074 50
72070 72096 33
72080 72090 106
72088 72116 1
72116 72157 135
72145 72179 23
72175 72206 135
72183 72208 261
72194 72238 131
72219 72262 208
72236 72255 51
72251 72280 61
72278 72303 125
72304 72329 229
72317 72358 286
72329 72362 77
72347 72379 62
72376 72397 106
72398 72399 235
72403 72452 25
72406 72433 28
72423 72473 230
72450 72477 5
72479 72524 81
72480 72518 108
72499 72523 276
72512 72542 274
72538 72546 73
72553 72585 219
72558 72607 137
72579 72617 70
72599 72615 215
72623 72633 154
72625 72653 207
72645 72691 18
72651 72674 216
72660 72684 19
72666 72703 184
72676 72725 135
72700 72710 196
72708 72740 79
72737 72743 245
72752 72783 279
72773 72819 244
72783 72829 234
72796 72812 273
72811 72814 30
72811 72855 192
72826 72840 217
72851 72878 190
72875 72918 63
72892 72898 181
72898 72931 181
72911 72931 218
72919 72965 34
72948 72950 124
72975 72983 64
72991 73026 189
73010 73024 132
73037 73057 95
73054 73069 264
73065 73074 80
73069 73081 4
73077 73105 112
73082 73093 46
73096 73114 57
73100 73147 64
73126 73147 94
73144 73164 287
73170 73193 113
73177 73213 282
73187 73197 137
73213 73260 135
73217 73218 48
73217 73246 129
73238 73249 227
73241 73242 295
73259 73269 47
73271 73316 248
73295 73324 176
73309 73313 198
73333 73370 119
73340 73383 10
73347 73353 146
73369 73384 85
73386 73432 253
73406 73435 268
73424 73435 113
73440 73465 294
73465 73473 154
73478 73520 146
73507 73539 295
73508 73537 239
73517 73562 121
73522 73542 197
73534 73543 286
73549 73569 42
73553 73591 188
73583 73592 279
73605 73641 121
73615 73654 248
73621 73664 204
73625 73646 212
73641 73655 90
73665 73686 26
73680 73709 201
73680 73707 110
73699 73723 128
73708 73731 99
73731 73733 180
73761 73762 85
73787 73800 226
73787 73808 220
73800 73847 9
73804 73845 90
73807 73816 196
73833 73883 171
73857 73875 195
73880 73925 253
73901 73902 282
73927 73977 154
73952 73963 182
73974 74001 207
73994 74036 211
74014 74047 60
74025 74029 229
74046 74051 293
74048 74088 83
74062 74065 88
74086 74102 181
74094 74129 202
74109 74139 213
74114 74156 180
74140 74190 292
74163 74190 239
74176 74206 43
74186 74212 58
74187 74207 59
74193 74242 11
74204 74212 226
74207 74238 148
74211 74233 157
74214 74260 89
74228 74272 146
74243 74247 164
74265 74296 34
74282 74328 232
74309 74314 114
74323 74347 93
74342 74347 90
74347 74353 219
74353 74388 165
74371 74386 206
74401 74423 77
74403 74409 164
74425 74460 47
74434 74468 117
74462 74489 139
74468 74509 49
74482 74505 53
74510 74540 37
74510 74542 220
74536 74583 189
74552 74578 300
74568 74589 264
74583 74620 274
74613 74663 88
74619 74632 119
74637 74687 34
74662 74668 211
74667 74687 178
74668 74690 178
74677 74679 223
74702 74703 89
74730 74770 282
74760 74779 61
74762 74766 20
74792 74818 216
74820 74832 148
74825 74835 47
74834 74877 223
74842 74881 74
74851 74898 139
74869 74880 238
74890 74904 232
74903 74951 10
74920 74970 118
74928 74951 268
74942 74943 87
74960 74980 131
74986 75004 48
74996 74998 189
75005 75011 64
75026 75047 270
75029 75066 276
75042 75067 184
75056 75071 86
75072 75087 78
75086 75096 38
75103 75108 157
75113 75149 276
75143 75178 109
75146 75175 260
75149 75156 284
75162 75186 9
75171 75194 139
75180 75218 35
75183 75226 287
75208 75246 74
75237 75260 26
75249 75265 124
75250 75253 112
75255 75256 226
75282 75314 159
75301 75337 65
75326 75350 264
75329 75373 22
75335 75384 132
75356 75402 50
75381 75390 171
75393 75414 163
75412 75418 204
75432 75457 244
75452 75469 21
75481 75512 200
75492 75518 214
75517 75549 256
75538 75540 73
75555 75570 1
75574 75601 210
75584 75599 239
75603 75608 232
75626 75638 62
75627 75663 199
75649 75698 120
75666 75700 94
75670 75695 160
75682 75724 203
75690 75727 1
75690 75719 1
75720 75729 45
75720 75727 241
75743 75754 84
75769 75810 144
75790 75817 223
75820 75851 267
75833 75868 294
75850 75879 177
75867 75903 49
75874 75888 149
75877 75884 53
75905 75914 161
75912 75959 182
75940 75982 181
75964 75976 196
75969 76001 191
75972 75989 106
75985 76026 53
76000 76014 54
76002 76011 232
76019 76036 290
76026 76028 243
76032 76037 127
76049 76073 30
76078 76101 82
76105 76106 21
76120 76124 171
76130 76168 231
