5000
12 51 35
40 62 227
65 99 275
83 130 209
92 112 207
102 137 293
122 155 101
145 194 283
163 180 77
175 180 26
203 219 36
225 263 53
254 297 172
260 292 208
289 337 97
307 314 289
336 349 79
357 370 62
365 408 118
382 402 257
412 448 288
425 443 88
443 486 36
469 474 156
486 531 89
505 509 42
525 527 232
540 576 295
564 593 203
572 602 216
579 617 44
591 636 78
618 645 110
621 626 222
637 669 142
656 705 247
670 692 13
685 728 275
687 698 263
688 717 25
703 709 284
703 707 168
716 746 63
740 749 5
747 771 184
765 781 21
790 824 190
791 802 77
819 855 217
823 855 149
840 852 211
848 849 62
849 851 256
853 860 28
860 898 73
879 921 262
881 931 70
908 914 141
910 916 100
930 958 216
945 979 60
957 974 35
981 1021 214
1005 1052 107
1012 1017 97
1032 1034 175
1034 1069 121
1058 1069 160
1071 1109 255
1077 1112 244
1097 1141 35
1111 1118 98
1115 1156 286
1129 1135 192
1149 1171 260
1170 1205 184
1188 1198 98
1197 1213 26
1202 1239 29
1205 1241 26
1211 1241 281
1238 1250 177
1257 1298 105
1279 1324 235
1291 1332 160
1309 1311 142
1311 1317 155
1329 1354 20
1340 1346 163
1369 1389 200
1382 1423 22
1389 1395 246
1406 1443 73
1433 1434 226
1441 1483 290
1455 1505 229
1459 1463 97
1473 1474 3
1503 1517 94
1533 1569 260
1544 1569 17
1545 1576 133
1561 1587 7
1590 1616 12
1610 1630 75
1636 1685 161
1647 1696 138
1677 1711 163
1705 1744 52
1709 1710 59
1716 1743 71
1731 1735 18
1733 1752 26
1761 1762 204
1782 1812 187
1810 1833 96
1832 1853 51
1861 1884 94
1875 1888 83
1894 1899 130
1905 1944 147
1921 1928 185
1923 1972 235
1938 1985 82
1945 1988 233
1946 1989 192
1947 1954 209
1968 1970 66
1971 2009 155
2000 2028 201
2008 2032 61
2024 2059 177
2029 2047 231
2042 2060 174
2048 2074 51
2073 2084 274
2087 2088 214
2092 2123 102
2095 2137 192
2109 2144 300
2124 2173 226
2142 2143 118
2158 2190 14
2176 2193 35
2177 2202 264
2193 2206 75
2219 2233 149
2246 2253 217
2257 2296 108
2273 2318 86
2288 2310 143
2288 2296 68
2303 2317 43
2321 2327 141
2340 2384 34
2348 2358 219
2367 2385 204
2392 2421 139
2412 2446 47
2436 2437 267
2460 2497 43
2476 2487 119
2476 2512 154
2494 2501 190
2495 2517 195
2512 2517 45
2512 2539 70
2522 2524 193
2530 2536 155
2543 2582 114
2552 2596 1
2576 2610 177
2589 2609 192
2595 2622 213
2612 2653 139
2627 2644 114
2631 2673 28
2660 2666 45
2666 2692 214
2670 2693 285
2687 2698 295
2699 2731 47
2707 2710 137
2734 2770 149
2764 2783 275
2770 2791 60
2777 2807 176
2805 2817 169
2821 2836 15
2838 2877 244
2852 2874 31
2854 2859 53
2866 2898 130
2877 2899 153
2882 2889 115
2885 2892 220
2914 2959 159
2920 2946 38
2931 2978 276
2951 2999 102
2971 2981 48
2978 3016 295
2992 3015 14
3013 3018 184
3043 3093 27
3071 3078 5
3094 3101 229
3107 3135 169
3108 3131 272
3129 3144 161
3149 3175 164
3155 3197 248
3163 3179 192
3165 3199 43
3177 3215 122
3201 3202 89
3222 3269 12
3234 3264 151
3260 3292 249
3261 3285 298
3273 3294 72
3294 3344 201
3322 3358 281
3344 3377 67
3356 3392 273
3358 3375 228
3366 3374 67
3367 3414 67
3391 3423 291
3401 3451 64
3415 3443 44
3422 3469 201
3437 3447 95
3466 3484 98
3482 3512 271
3492 3537 181
3508 3523 282
3525 3573 237
3532 3574 12
3551 3557 51
3574 3617 282
3574 3612 54
3591 3599 224
3611 3628 267
3628 3633 236
3628 3658 57
3650 3672 196
3662 3681 300
3682 3726 122
3708 3735 262
3725 3734 208
3752 3766 296
3765 3777 31
3779 3790 112
3786 3792 169
3793 3840 38
3809 3829 134
3814 3840 63
3823 3872 273
3840 3879 60
3864 3866 90
3874 3886 158
3891 3903 173
3901 3930 118
3911 3948 181
3938 3974 144
3950 3964 165
3961 3974 157
3969 4018 135
3973 3985 30
3992 4009 81
4006 4043 107
4024 4047 208
4027 4039 226
4054 4101 67
4062 4074 8
4086 4114 259
4110 4139 113
4113 4120 183
4124 4144 48
4129 4176 1
4135 4185 39
4162 4209 279
4185 4214 141
4204 4228 187
4221 4237 189
4231 4241 142
4256 4298 20
4277 4285 208
4285 4290 186
4307 4333 32
4333 4359 226
4354 4383 255
4357 4395 159
4358 4407 83
4367 4376 298
4378 4402 16
4398 4410 108
4409 4413 213
4418 4454 279
4436 4454 110
4436 4449 2
4438 4456 42
4440 4489 64
4460 4483 179
4463 4466 149
4467 4476 217
4483 4486 128
4493 4497 224
4507 4545 138
4508 4512 182
4527 4571 88
4537 4576 161
4566 4579 211
4573 4618 252
4582 4626 62
4612 4641 161
4634 4650 100
4656 4683 293
4667 4668 298
4680 4687 44
4692 4730 241
4702 4726 115
4719 4730 92
4719 4752 270
4742 4792 229
4752 4756 35
4780 4807 4
4799 4834 38
4803 4845 34
4804 4838 296
4828 4869 150
4839 4865 278
4849 4897 201
4866 4882 15
4878 4889 108
4901 4904 141
4915 4938 246
4940 4989 229
4940 4955 233
4947 4957 30
4953 4960 34
4977 4989 85
4982 5013 222
5000 5015 283
5008 5022 163
5030 5041 292
5052 5072 192
5058 5074 157
5070 5086 278
5080 5089 15
5104 5143 86
5115 5163 229
5142 5171 133
5145 5170 61
5157 5196 235
5174 5222 1
5176 5218 217
5181 5228 276
5188 5198 224
5203 5209 246
5219 5249 195
5245 5262 135
5265 5284 44
5293 5336 8
5315 5346 269
5339 5365 159
5365 5402 252
5366 5394 276
5387 5434 18
5389 5408 44
5395 5445 51
5423 5452 61
5433 5465 40
5455 5462 249
5465 5498 13
5491 5506 5
5505 5525 236
5510 5534 180
5516 5533 85
5545 5564 163
5570 5584 49
5575 5624 181
5599 5602 47
5624 5673 126
5643 5663 155
5647 5678 212
5665 5683 102
5671 5679 257
5691 5707 104
5694 5724 104
5694 5711 224
5711 5760 77
5741 5766 125
5755 5775 294
5782 5828 172
5792 5815 178
5822 5852 238
5839 5878 128
5868 5917 204
5895 5916 18
5916 5960 46
5942 5949 1
5971 5999 74
6000 6039 45
6021 6031 78
6037 6043 276
6045 6064 13
6067 6085 74
6097 6126 173
6125 6128 28
6130 6146 121
6158 6180 169
6179 6188 56
6207 6241 5
6210 6227 298
6240 6288 113
6246 6274 4
6246 6295 216
6271 6286 169
6275 6310 199
6276 6293 131
6290 6321 117
6306 6321 99
6312 6319 1
6321 6329 167
6331 6354 237
6334 6383 11
6338 6346 170
6347 6368 216
6360 6374 105
6363 6395 180
6378 6405 104
6388 6413 155
6395 6407 145
6420 6457 166
6438 6458 200
6453 6477 176
6457 6484 261
6468 6503 18
6480 6491 256
6481 6516 22
6501 6533 8
6512 6534 58
6512 6526 7
6514 6543 192
6514 6516 122
6541 6557 298
6543 6564 95
6545 6548 5
6551 6578 100
6581 6614 108
6582 6601 7
6591 6602 237
6596 6645 46
6616 6637 101
6633 6644 160
6646 6658 120
6667 6695 210
6696 6734 253
6708 6755 294
6719 6725 28
6739 6765 141
6750 6774 276
6752 6771 260
6759 6799 252
6775 6780 129
6800 6802 143
6825 6859 19
6849 6861 128
6878 6914 135
6886 6935 57
6908 6952 114
6932 6953 226
6957 6982 67
6964 7004 150
6980 7019 141
7010 7036 60
7014 7029 86
7039 7063 90
7048 7088 295
7068 7075 160
7088 7108 18
7115 7144 186
7119 7130 176
7128 7133 110
7137 7161 221
7163 7180 198
7189 7206 101
7211 7225 182
7212 7233 196
7230 7234 267
7256 7266 205
7274 7320 147
7290 7307 61
7315 7325 100
7340 7370 208
7357 7363 239
7379 7416 11
7388 7424 204
7403 7409 213
7418 7440 173
7437 7479 5
7452 7470 67
7473 7520 272
7489 7492 111
7497 7531 195
7518 7538 296
7544 7567 82
7567 7580 215
7589 7625 254
7597 7628 13
7602 7610 205
7607 7620 284
7622 7634 179
7645 7686 55
7666 7676 132
7677 7702 145
7696 7700 265
7702 7724 21
7705 7715 117
7734 7752 206
7758 7792 217
7768 7783 136
7774 7814 62
7794 7795 176
7795 7840 62
7823 7844 13
7836 7871 160
7866 7883 122
7878 7909 96
7878 7890 246
7890 7895 176
7916 7945 27
7924 7935 300
7950 7989 194
7974 7984 15
7993 8009 142
8005 8024 107
8028 8059 134
8038 8070 136
8065 8115 245
8087 8134 75
8104 8112 285
8125 8141 22
8130 8150 275
8154 8199 291
8165 8201 209
8171 8178 136
8184 8227 9
8211 8255 16
8225 8226 75
8252 8298 237
8260 8277 42
8273 8300 236
8294 8311 127
8310 8352 5
8310 8323 218
8329 8363 266
8355 8405 294
8356 8357 124
8380 8407 156
8402 8433 230
8406 8422 145
8435 8478 40
8453 8465 174
8453 8484 180
8466 8492 150
8478 8528 169
8491 8531 42
8512 8535 174
8525 8545 276
8543 8591 187
8573 8598 55
8592 8640 168
8609 8626 146
8639 8660 225
8668 8712 226
8690 8694 5
8718 8728 195
8721 8749 139
8726 8739 134
8730 8766 273
8755 8773 242
8760 8803 219
8777 8825 77
8793 8818 91
8813 8816 119
8818 8820 126
8834 8867 197
8844 8850 181
8862 8868 261
8884 8887 140
8912 8922 248
8925 8951 71
8949 8955 53
8954 9001 11
8984 8999 46
9010 9039 71
9011 9060 297
9028 9049 130
9036 9045 230
9051 9063 165
9081 9096 78
9085 9134 208
9109 9141 134
9114 9150 58
9116 9158 156
9146 9179 295
9161 9171 156
9175 9218 258
9196 9212 83
9225 9263 170
9231 9235 225
9239 9272 138
9240 9281 155
9258 9284 286
9280 9303 293
9295 9312 255
9318 9334 299
9347 9394 204
9352 9386 236
9358 9396 263
9358 9380 17
9385 9393 44
9387 9411 191
9402 9437 47
9408 9409 207
9419 9441 28
9432 9476 27
9449 9465 206
9471 9513 267
9481 9520 111
9505 9550 34
9534 9556 272
9540 9565 93
9569 9575 269
9584 9604 97
9597 9620 219
9614 9650 271
9618 9628 130
9631 9646 50
9646 9667 55
9659 9677 99
9671 9686 132
9672 9696 206
9690 9692 274
9704 9714 138
9708 9713 28
9709 9732 277
9721 9771 91
9741 9771 130
9754 9784 260
9761 9789 139
9767 9809 253
9794 9825 89
9804 9845 56
9814 9851 218
9836 9886 176
9861 9880 289
9875 9896 235
9880 9916 149
9886 9919 226
9912 9915 250
9941 9986 250
9946 9951 135
9951 9980 27
9955 9984 53
9972 9991 283
9973 9990 279
9994 10004 165
9999 10000 67
10026 10030 276
10049 10097 147
10067 10073 90
10074 10089 256
10100 10104 55
10111 10146 224
10138 10144 4
10139 10144 292
10145 10184 163
10159 10162 61
10161 10175 285
10176 10224 179
10191 10201 106
10217 10231 153
10229 10253 82
10249 10261 300
10278 10295 124
10307 10315 218
10309 10343 83
10318 10354 293
10346 10386 282
10361 10405 207
10372 10408 138
10400 10443 215
10427 10448 84
10428 10449 111
10431 10447 28
10456 10491 9
10465 10472 52
10478 10506 179
10498 10513 219
10515 10524 201
10544 10559 99
10569 10602 155
10582 10624 124
10591 10635 185
10606 10648 226
10614 10657 230
10617 10656 192
10631 10635 28
10649 10690 299
10670 10687 37
10688 10690 26
10699 10701 287
10705 10749 115
10708 10710 123
10729 10762 170
10751 10784 156
10768 10772 243
10789 10809 222
10816 10818 7
10839 10853 118
10843 10854 114
10849 10891 153
10878 10908 67
10889 10929 281
10918 10931 28
10936 10961 92
10942 10961 89
10953 10983 78
10975 11005 105
10995 11004 164
11024 11062 170
11048 11081 152
11061 11084 183
11062 11079 24
11088 11098 236
11114 11138 274
11126 11165 33
11142 11191 147
11154 11202 269
11157 11183 67
11159 11198 150
11167 11196 146
11191 11205 287
11202 11246 205
11207 11239 240
11229 11269 281
11229 11242 192
11257 11276 68
11273 11286 289
11279 11281 165
11297 11328 94
11298 11302 177
11328 11348 163
11331 11375 186
11337 11340 85
11343 11378 236
11364 11404 244
11380 11390 54
11401 11446 269
11426 11445 196
11435 11470 24
11450 11474 183
11477 11515 119
11493 11525 104
11511 11515 2
11523 11555 155
11551 11554 221
11551 11567 161
11558 11578 257
11558 11586 50
11569 11596 188
11581 11605 98
11604 11631 27
11614 11653 275
11642 11657 122
11653 11689 245
11671 11692 300
11692 11735 182
11703 11751 153
11717 11743 118
11721 11725 247
11731 11741 231
11733 11756 214
11750 11787 39
11767 11814 183
11772 11799 65
11783 11805 14
11796 11798 294
11797 11841 290
11815 11851 146
11832 11854 228
11844 11858 75
11849 11879 140
11867 11878 235
11869 11892 15
11881 11898 288
11903 11929 43
11928 11947 272
11928 11936 169
11956 11963 33
11979 12025 76
12003 12025 98
12029 12073 34
12035 12056 157
12052 12099 300
12061 12070 185
12083 12113 244
12106 12138 200
12108 12136 203
12135 12141 93
12142 12178 204
12153 12159 290
12182 12214 53
12182 12229 89
12194 12236 174
12213 12240 161
12235 12252 254
12249 12264 19
12270 12301 146
12275 12297 181
12293 12332 152
12308 12327 219
12335 12376 68
12337 12381 8
12355 12376 237
12373 12374 224
12396 12446 299
12418 12434 263
12442 12484 70
12462 12475 278
12469 12519 95
12483 12488 296
12502 12545 145
12507 12519 107
12513 12537 239
12535 12581 249
12538 12568 72
12545 12576 261
12550 12556 26
12560 12567 81
12572 12604 202
12589 12590 46
12596 12598 133
12602 12647 32
12615 12647 30
12625 12666 131
12641 12669 97
12647 12669 96
12647 12673 168
12655 12662 240
12681 12686 271
12704 12751 233
12718 12757 160
12734 12741 103
12762 12799 265
12769 12816 136
12798 12818 299
12803 12845 128
12803 12847 298
12820 12854 19
12850 12892 47
12850 12853 274
12870 12889 254
12897 12916 150
12904 12917 124
12929 12948 275
12949 12954 13
12970 12977 279
13000 13045 98
13017 13018 206
13024 13057 228
13054 13071 53
13078 13109 120
13101 13127 33
13101 13111 153
13127 13162 228
13152 13171 282
13179 13180 109
13182 13213 109
13185 13204 172
13195 13215 91
13206 13233 51
13208 13250 277
13230 13274 90
13242 13289 71
13250 13278 85
13251 13291 181
13269 13317 174
13269 13309 215
13293 13315 222
13304 13322 79
13316 13349 286
13318 13324 226
13330 13333 226
13355 13388 255
13374 13413 230
13377 13415 166
13393 13413 270
13408 13417 152
13426 13431 142
13426 13428 81
13429 13435 223
13437 13472 203
13465 13483 170
13474 13522 177
13492 13539 274
13500 13514 210
13518 13540 283
13541 13545 241
13552 13593 76
13556 13573 230
13574 13582 292
13576 13609 16
13593 13630 280
13594 13595 92
13615 13641 5
13621 13640 64
13634 13667 51
13641 13683 127
13657 13698 292
13674 13718 205
13699 13719 267
13705 13741 284
13711 13750 29
13715 13716 146
13734 13754 155
13755 13780 223
13770 13792 252
13786 13809 296
13805 13855 1
13823 13841 62
13836 13861 236
13862 13888 46
13887 13918 8
13894 13937 135
13919 13946 124
13932 13981 257
13952 13986 129
13969 14005 61
13991 13994 113
14019 14042 144
14044 14069 29
14064 14092 291
14066 14105 3
14070 14112 187
14087 14108 21
14105 14145 220
14120 14149 275
14126 14131 162
14129 14130 286
14140 14161 75
14148 14180 297
14155 14174 214
14161 14192 29
14177 14196 273
14198 14205 129
14205 14208 134
14214 14231 12
14224 14251 155
14248 14276 103
14278 14281 28
14289 14331 73
14307 14336 276
14317 14330 196
14329 14333 33
14350 14377 211
14362 14368 55
14387 14434 222
14395 14431 218
14405 14428 159
14433 14448 214
14439 14460 286
14462 14464 19
14486 14500 299
14489 14522 32
14498 14517 175
14506 14534 165
14527 14568 185
14528 14530 230
14555 14602 10
14559 14561 286
14575 14621 40
14579 14599 152
14588 14618 223
14610 14650 47
14628 14662 142
14644 14652 126
14662 14709 263
14678 14694 59
14682 14697 207
14698 14725 170
14706 14749 51
14723 14762 253
14741 14749 132
14771 14821 134
14791 14803 113
14809 14837 171
14821 14859 215
14839 14847 18
14859 14885 219
14861 14881 58
14884 14892 257
14895 14908 47
14921 14958 162
14922 14961 262
14924 14941 274
14939 14979 31
14960 14988 30
14978 15018 22
14991 15028 35
14992 15042 287
15002 15027 53
15018 15032 195
15045 15075 43
15067 15070 120
15091 15109 30
15095 15140 93
15097 15115 104
15101 15141 182
15130 15170 211
15148 15197 138
15157 15173 233
15168 15204 194
15177 15178 88
15187 15205 76
15192 15213 279
15219 15220 213
15221 15252 130
15247 15255 227
15251 15285 263
15254 15263 58
15284 15317 213
15298 15307 207
15303 15331 279
15332 15368 91
15347 15389 144
15369 15375 299
15383 15390 42
15413 15438 156
15437 15445 216
15451 15476 59
15466 15502 137
15468 15507 116
15487 15530 239
15515 15533 168
15517 15530 292
15528 15560 167
15538 15580 251
15561 15601 32
15569 15584 15
15594 15635 113
15624 15626 200
15652 15699 150
15678 15696 280
15703 15738 220
15725 15773 131
15746 15756 185
15757 15775 111
15779 15790 227
15807 15847 110
15812 15831 132
15824 15837 38
15842 15884 116
15869 15875 127
15872 15901 233
15887 15916 232
15913 15918 113
15930 15935 291
15955 16002 265
15956 15974 111
15986 16006 8
16001 16041 95
16005 16026 88
16021 16055 49
16038 16055 243
16049 16064 132
16078 16094 140
16083 16093 44
16090 16106 192
16119 16149 243
16148 16167 274
16160 16197 130
16165 16182 172
16176 16223 205
16186 16209 296
16188 16231 10
16205 16230 174
16225 16248 165
16234 16241 142
16244 16256 115
16268 16284 175
16296 16333 258
16320 16328 17
16334 16367 25
16335 16379 292
16362 16408 203
16386 16408 122
16412 16458 34
16427 16466 26
16432 16481 267
16461 16493 232
16487 16501 290
16511 16519 33
16515 16520 153
16517 16560 188
16532 16558 8
16536 16537 140
16550 16564 212
16571 16598 106
16578 16586 58
16578 16592 198
16588 16621 137
16614 16637 90
16643 16691 51
16667 16703 68
16685 16718 190
16695 16745 216
16696 16715 75
16700 16743 12
16723 16724 19
16728 16746 112
16732 16738 61
16737 16764 298
16761 16787 180
16769 16771 89
16772 16805 266
16788 16796 225
16793 16819 170
16816 16845 71
16836 16886 155
16837 16866 269
16858 16862 147
16874 16903 210
16879 16881 63
16894 16930 44
16924 16928 182
16942 16960 137
16951 16960 153
16972 16991 297
16981 17014 223
16993 17006 151
17001 17037 42
17008 17014 79
17018 17041 213
17033 17074 235
17033 17041 283
17034 17042 121
17055 17058 195
17064 17096 194
17092 17112 59
17113 17163 138
17125 17174 147
17149 17188 292
17164 17165 121
17178 17206 239
17185 17207 46
17186 17203 199
17208 17239 50
17211 17242 198
17219 17224 252
17242 17288 153
17256 17297 35
17261 17290 16
17268 17269 99
17292 17334 56
17308 17316 158
17338 17381 247
17365 17410 53
17388 17431 100
17406 17407 258
17426 17450 105
17453 17487 150
17482 17521 236
17486 17536 98
17490 17536 224
17501 17521 198
17501 17508 196
17516 17551 299
17516 17525 260
17527 17576 95
17533 17556 160
17549 17559 89
17568 17596 196
17578 17583 295
17602 17627 208
17627 17647 5
17630 17664 186
17631 17645 280
17653 17659 199
17679 17717 253
17709 17722 257
17738 17782 51
17765 17812 110
17779 17822 259
17799 17816 158
17799 17847 234
17823 17836 51
17844 17865 21
17865 17876 69
17874 17894 285
17886 17919 187
17912 17930 250
17942 17963 162
17942 17979 121
17955 17976 256
17978 18017 191
17979 18000 109
17986 18008 191
17988 18035 45
18005 18029 121
18025 18035 149
18026 18045 190
18034 18038 107
18037 18052 272
18063 18071 119
18091 18096 183
18110 18150 254
18112 18147 158
18113 18131 97
18136 18141 294
18165 18179 247
18171 18175 156
18173 18198 283
18190 18219 104
18214 18250 181
18220 18258 112
18236 18250 38
18266 18282 217
18294 18343 210
18316 18360 211
18320 18364 153
18331 18373 250
18359 18394 185
18365 18393 195
18381 18387 238
18402 18430 203
18422 18460 131
18433 18468 200
18461 18507 150
18463 18466 222
18487 18503 93
18488 18516 152
18494 18501 266
18504 18539 173
18526 18544 8
18527 18530 32
18531 18567 241
18561 18595 167
18579 18615 95
18598 18611 5
18606 18634 107
18635 18676 280
18654 18700 263
18680 18698 276
18685 18716 238
18692 18714 13
18717 18733 262
18741 18770 292
18760 18785 145
18775 18787 82
18790 18795 224
18801 18832 191
18825 18841 300
18834 18859 31
18836 18854 165
18864 18887 65
18893 18903 116
18919 18967 95
18936 18972 171
18947 18986 206
18964 19014 182
18968 19018 216
18984 19010 43
19000 19017 84
19005 19011 141
19022 19030 152
19048 19051 26
19054 19056 76
19066 19075 213
19081 19114 293
19110 19142 231
19119 19155 37
19134 19159 184
19145 19173 296
19151 19194 248
19166 19208 56
19185 19216 56
19201 19214 80
19206 19226 78
19215 19227 178
19216 19218 77
19242 19257 225
19263 19304 12
19264 19298 295
19282 19328 294
19302 19349 270
19327 19365 161
19327 19375 49
19354 19394 210
19356 19376 170
19356 19365 188
19377 19403 186
19390 19413 200
19420 19441 259
19449 19485 88
19449 19473 69
19475 19505 8
19485 19500 93
19485 19500 114
19495 19508 47
19512 19527 199
19539 19563 198
19547 19585 236
19574 19599 291
19594 19601 232
19612 19622 65
19637 19639 182
19664 19713 148
19670 19715 254
19674 19719 208
19678 19721 80
19690 19737 248
19714 19733 136
19734 19767 266
19753 19788 127
19758 19786 8
19787 19819 293
19792 19836 29
19817 19859 209
19841 19873 194
19846 19893 145
19867 19878 181
19872 19891 242
19889 19931 287
19915 19956 120
19927 19958 219
19944 19982 154
19964 20001 298
19965 19994 2
19980 19994 63
20007 20039 34
20023 20055 232
20029 20075 268
20047 20093 262
20051 20095 172
20054 20091 53
20062 20088 172
20077 20118 132
20079 20104 219
20082 20123 232
20097 20132 287
20123 20143 256
20124 20143 73
20137 20174 142
20153 20176 42
20163 20198 227
20173 20174 115
20197 20227 35
20202 20238 16
20208 20244 291
20208 20253 106
20219 20243 37
20245 20251 11
20253 20300 189
20268 20280 45
20283 20313 219
20312 20351 122
20328 20349 75
20348 20394 24
20355 20394 145
20355 20394 147
20383 20413 212
20388 20396 68
20414 20445 19
20435 20436 170
20439 20453 62
20457 20486 131
20481 20499 185
20499 20504 263
20520 20542 19
20527 20570 170
20533 20564 153
20548 20555 71
20578 20598 198
20585 20600 48
20607 20648 99
20636 20660 284
20660 20689 45
20660 20671 210
20673 20676 68
20683 20718 192
20697 20707 50
20699 20706 21
20707 20719 259
20713 20731 223
20725 20754 249
20749 20756 46
20773 20795 89
20798 20833 81
20810 20848 95
20821 20860 16
20829 20854 64
20856 20857 136
20878 20886 192
20890 20938 191
20916 20923 136
20946 20993 137
20954 20996 18
20966 20987 158
20969 21011 92
20996 21038 252
21021 21046 189
21042 21066 40
21049 21078 266
21069 21107 49
21097 21110 257
21120 21147 146
21127 21167 59
21134 21173 170
21162 21184 131
21180 21216 256
21191 21230 108
21194 21228 270
21219 21221 80
21229 21262 200
21238 21245 71
21263 21296 104
21280 21287 268
21286 21312 278
21311 21351 22
21341 21347 1
21360 21405 58
21373 21380 171
21395 21405 256
21421 21425 247
21423 21430 264
21435 21458 157
21451 21490 75
21452 21502 211
21462 21500 70
21462 21463 67
21491 21518 93
21497 21509 108
21525 21557 2
21555 21572 45
21584 21593 291
21598 21628 25
21615 21617 188
21637 21680 58
21666 21685 173
21668 21689 257
21687 21698 255
21711 21758 73
21730 21731 247
21743 21764 268
21748 21764 285
21760 21770 126
21778 21824 147
21778 21779 69
21805 21852 80
21823 21839 185
21827 21845 181
21834 21838 253
21854 21885 207
21874 21912 229
21890 21933 210
21918 21943 169
21945 21951 78
21959 21991 45
21982 22008 95
22010 22030 110
22023 22070 68
22042 22070 19
22058 22104 163
22071 22121 93
22075 22121 95
22082 22095 203
22093 22132 164
22102 22139 110
22129 22159 271
22157 22188 139
22161 22188 66
22188 22201 131
22200 22242 135
22207 22236 62
22224 22245 190
22247 22276 195
22269 22315 194
22294 22321 141
22320 22325 19
22344 22367 135
22357 22395 4
22367 22373 246
22375 22423 3
22383 22415 29
22394 22398 187
22417 22436 56
22431 22443 27
22449 22455 57
22465 22471 171
22469 22514 169
22490 22495 74
22499 22527 190
22502 22511 94
22530 22557 42
22559 22575 251
22569 22599 77
22572 22589 211
22595 22602 71
22598 22621 10
22612 22624 228
22630 22668 42
22651 22671 54
22677 22724 248
22697 22715 233
22711 22730 138
22736 22740 226
22743 22788 13
22769 22819 128
22784 22798 171
22790 22805 291
22798 22821 115
22810 22830 270
22835 22871 295
22845 22886 177
22859 22909 282
22874 22923 183
22878 22899 81
22900 22924 97
22902 22918 61
22909 22939 246
22933 22935 171
22954 22999 240
22980 23000 216
22992 22997 17
23010 23038 177
23033 23058 260
23046 23047 159
23065 23105 244
23091 23133 97
23111 23161 27
23118 23157 44
23124 23132 43
23124 23138 92
23142 23147 234
23154 23198 254
23178 23208 204
23195 23235 63
23219 23264 153
23240 23275 14
23251 23281 62
23267 23302 249
23275 23308 213
23287 23308 34
23294 23302 255
23319 23327 262
23341 23377 287
23353 23367 152
23362 23376 235
23392 23396 160
23405 23422 202
23432 23447 130
23453 23485 264
23467 23490 131
23481 23525 20
23487 23493 150
23500 23530 126
23519 23527 190
23537 23540 41
23540 23584 273
23561 23570 52
23572 23603 73
23573 23601 32
23573 23575 14
23599 23628 178
23609 23628 112
23627 23647 181
23651 23652 25
23671 23693 72
23671 23680 242
23674 23718 51
23676 23719 111
23703 23707 281
23703 23728 12
23723 23769 207
23738 23740 43
23755 23796 252
23757 23779 235
23781 23808 80
23796 23836 155
23799 23825 294
23823 23834 213
23835 23841 249
23844 23861 201
23844 23845 194
23874 23894 200
23875 23921 286
23905 23950 273
23917 23939 108
23931 23965 99
23956 23969 75
23985 24014 105
23996 24014 58
24013 24029 7
24014 24050 266
24017 24047 154
24025 24054 30
24053 24086 207
24056 24096 298
24058 24097 154
24080 24109 160
24105 24131 130
24116 24163 11
24136 24158 175
24138 24147 183
24151 24158 91
24172 24206 259
24175 24217 300
24177 24204 148
24193 24209 246
24204 24239 201
24212 24221 285
24231 24273 67
24261 24280 164
24291 24325 7
24311 24352 260
24315 24332 112
24342 24355 268
24365 24412 86
24382 24397 241
24395 24398 48
24425 24449 159
24443 24479 219
24464 24502 23
24472 24492 121
24501 24506 19
24506 24539 254
24536 24552 54
24553 24592 101
24573 24621 133
24598 24637 128
24613 24657 96
24635 24666 166
24655 24685 172
24672 24689 142
24677 24716 214
24690 24720 28
24695 24725 206
24724 24741 64
24737 24739 159
24765 24778 93
24794 24829 264
24796 24843 176
24798 24839 271
24815 24822 137
24839 24840 41
24866 24878 240
24895 24931 98
24913 24929 195
24913 24954 39
24927 24957 92
24932 24948 233
24955 24966 106
24964 24995 72
24986 25011 136
24995 25022 68
25007 25048 138
25027 25069 96
25050 25073 277
25067 25103 118
25078 25124 265
25101 25108 287
25126 25172 193
25153 25185 104
25175 25224 288
25178 25209 187
25201 25217 15
25222 25256 52
25232 25256 146
25251 25265 129
25275 25287 90
25287 25311 277
25303 25325 215
25309 25326 108
25314 25331 246
25335 25368 29
25351 25388 110
25357 25369 60
25369 25407 289
25392 25421 99
25418 25468 41
25440 25482 156
25452 25472 150
25458 25507 259
25470 25506 143
25496 25509 159
25505 25544 244
25522 25558 203
25538 25557 164
25564 25610 156
25580 25586 249
25600 25643 35
25600 25635 292
25629 25655 105
25643 25656 174
25658 25689 232
25665 25701 14
25684 25713 48
25688 25690 289
25693 25712 8
25721 25754 7
25728 25766 125
25744 25770 105
25757 25785 196
25757 25764 232
25781 25804 274
25804 25806 147
25829 25862 95
25854 25861 213
25880 25922 279
25904 25932 280
25932 25961 41
25944 25991 227
25953 25985 225
25954 25992 260
25956 25977 145
25981 25997 103
26005 26022 245
26010 26052 49
26021 26041 143
26036 26039 218
26056 26077 45
26066 26101 262
26068 26076 281
26098 26114 120
26111 26131 233
26119 26153 29
26121 26155 165
26134 26161 65
26159 26196 197
26160 26174 257
26188 26219 75
26212 26229 1
26215 26256 13
26223 26255 258
26243 26292 106
26267 26274 271
26296 26328 80
26304 26335 194
26328 26335 118
26337 26340 51
26367 26370 70
26388 26412 40
26412 26432 69
26414 26456 15
26416 26450 23
26416 26444 131
26426 26436 259
26426 26430 202
26428 26458 221
26449 26490 291
26455 26501 145
26483 26498 192
26499 26512 58
26516 26531 222
26529 26564 290
26544 26549 180
26548 26569 81
26572 26619 136
26580 26591 227
26601 26632 239
26625 26666 2
26654 26672 257
26671 26683 219
26672 26708 159
26687 26709 166
26714 26761 248
26729 26753 118
26730 26759 237
26760 26786 257
26788 26806 111
26795 26809 252
26797 26833 126
26827 26836 140
26846 26876 294
26873 26874 295
26884 26888 130
26914 26948 235
26941 26955 218
26951 26985 255
26966 26976 22
26974 27019 153
26998 27000 185
27012 27045 147
27036 27080 296
27063 27110 211
27064 27076 19
27081 27131 146
27100 27141 218
27128 27140 294
27158 27187 82
27163 27208 160
27176 27201 87
27196 27234 2
27225 27260 277
27226 27241 86
27251 27266 115
27254 27270 94
27281 27289 219
27281 27323 209
27292 27315 30
27301 27339 142
27310 27330 176
27331 27343 100
27360 27369 121
27371 27380 246
27384 27394 8
27399 27427 56
27423 27459 159
27433 27441 293
27454 27461 277
27471 27494 221
27475 27516 21
27486 27505 231
27497 27524 63
27500 27515 216
27513 27529 185
27514 27534 300
27529 27572 239
27541 27560 94
27554 27600 261
27570 27577 157
27598 27614 210
27602 27638 79
27632 27644 167
27660 27674 95
27683 27727 104
27686 27709 225
27703 27734 33
27710 27728 60
27715 27752 151
27728 27748 134
27753 27782 148
27771 27778 6
27801 27846 254
27814 27841 53
27824 27834 52
27834 27865 286
27858 27904 120
27882 27928 123
27883 27886 211
27900 27907 145
27914 27930 236
27919 27950 32
27932 27962 50
27949 27988 108
27978 28014 49
27995 28015 79
28013 28033 109
28029 28051 230
28057 28091 298
28078 28114 136
28103 28118 288
28107 28144 51
28129 28155 179
28140 28164 284
28147 28197 97
28168 28197 122
28195 28200 82
28201 28210 31
28215 28218 175
28236 28260 134
28262 28294 11
28267 28289 94
28295 28299 199
28301 28310 262
28317 28336 16
28346 28369 300
28360 28405 121
28364 28372 90
28375 28400 279
28403 28435 255
28412 28424 98
28440 28445 107
28449 28468 215
28456 28473 72
28474 28522 296
28497 28542 142
28513 28558 48
28515 28537 190
28538 28569 194
28540 28573 106
28549 28584 163
28560 28563 66
28567 28586 275
28589 28615 113
28611 28638 200
28629 28660 173
28658 28708 298
28659 28672 219
28685 28703 279
28710 28720 144
28718 28751 29
28727 28730 113
28755 28797 239
28784 28804 286
28804 28828 252
28812 28816 56
28826 28862 5
28830 28831 215
28852 28891 76
28872 28878 68
28900 28933 200
28919 28960 107
28925 28926 252
28925 28940 206
28940 28941 74
28943 28944 36
28957 29001 55
28984 28992 256
29014 29027 88
29031 29080 174
29041 29053 186
29064 29094 112
29087 29130 258
29096 29110 280
29102 29117 212
29124 29156 128
29135 29139 47
29142 29186 298
29147 29185 14
29165 29189 178
29186 29221 174
29187 29237 256
29207 29244 277
29234 29238 32
29263 29288 201
29275 29287 26
29292 29332 53
29302 29303 209
29331 29353 9
29348 29364 248
29376 29377 113
29377 29414 61
29393 29424 163
29407 29422 67
29422 29437 76
29438 29449 144
29453 29497 111
29456 29460 259
29460 29507 209
29470 29484 130
29480 29499 266
29486 29513 199
29490 29492 169
29506 29533 86
29535 29562 77
29552 29598 171
29554 29561 32
29560 29596 191
29588 29621 98
29593 29632 158
29601 29620 119
29630 29664 119
29638 29664 238
29648 29673 64
29662 29681 3
29669 29674 282
29689 29739 110
29713 29755 249
29731 29738 75
29756 29789 51
29768 29785 267
29792 29836 96
29798 29829 218
29806 29808 25
29829 29855 145
29849 29850 135
29850 29897 177
29855 29904 102
29866 29915 170
29888 29934 53
29890 29912 94
29917 29924 186
29918 29923 152
29928 29974 222
29947 29952 134
29977 29992 258
30007 30025 269
30016 30038 1
30033 30075 153
30050 30058 211
30063 30081 23
30081 30091 189
30083 30102 101
30086 30116 285
30098 30130 207
30117 30147 33
30129 30144 13
30148 30196 127
30156 30194 88
30182 30217 206
30211 30230 123
30212 30250 131
30213 30252 191
30243 30267 249
30264 30296 53
30270 30289 38
30285 30317 187
30287 30318 135
30299 30308 215
30317 30324 189
30324 30364 167
30350 30400 104
30356 30389 92
30386 30400 240
30411 30458 106
30440 30454 281
30470 30491 26
30486 30532 284
30502 30545 94
30514 30550 46
30529 30572 297
30555 30574 115
30585 30588 197
30609 30655 123
30613 30623 277
30634 30666 18
30662 30690 266
30680 30686 244
30691 30719 39
30712 30740 88
30738 30781 102
30763 30778 265
30778 30814 12
30785 30815 288
30815 30826 179
30843 30859 167
30854 30856 93
30882 30898 174
30883 30922 238
30903 30927 270
30922 30955 18
30932 30933 284
30932 30941 260
30949 30981 269
30976 30998 51
30986 31006 294
31010 31022 119
31033 31072 244
31046 31067 239
31047 31091 124
31054 31077 170
31084 31101 177
31113 31133 185
31133 31179 280
31162 31192 32
31178 31191 89
31200 31207 155
31206 31241 282
31235 31283 11
31259 31267 253
31284 31307 115
31300 31318 62
31302 31316 192
31324 31362 259
31339 31352 29
31359 31397 101
31367 31384 241
31393 31415 21
31395 31444 223
31403 31413 49
31403 31444 103
31406 31442 296
31408 31433 165
31410 31440 159
31439 31458 283
31444 31458 14
31466 31514 235
31471 31478 271
31497 31531 109
31523 31543 257
31553 31602 134
31582 31614 201
31587 31624 262
31588 31637 142
31593 31602 96
31610 31637 263
31626 31671 111
31636 31659 259
31664 31710 180
31687 31715 140
31702 31745 124
31721 31724 135
31736 31783 160
31756 31775 95
31778 31804 19
31792 31839 87
31815 31832 181
31825 31864 56
31842 31875 85
31870 31884 133
31873 31902 19
31881 31891 157
31884 31902 168
31895 31910 192
31895 31933 28
31921 31959 300
31940 31985 271
31940 31977 99
31942 31988 32
31951 31967 36
31964 31975 135
31971 32004 3
31985 31994 273
31991 32023 188
32020 32042 14
32043 32084 130
32073 32097 41
32079 32095 190
32087 32120 108
32104 32120 33
32104 32141 38
32104 32147 111
32110 32121 43
32120 32148 99
32127 32153 235
32150 32182 267
32153 32192 72
32167 32190 91
32184 32191 49
32186 32202 46
32196 32236 204
32198 32202 284
32213 32263 78
32223 32230 5
32249 32253 96
32267 32302 23
32295 32336 112
32309 32341 111
32327 32368 254
32331 32368 242
32347 32379 251
32364 32414 240
32389 32408 52
32391 32406 234
32402 32431 119
32422 32444 176
32437 32459 86
32444 32468 139
32466 32501 238
32469 32506 153
32471 32495 242
32486 32532 174
32501 32551 49
32524 32542 25
32542 32567 106
32566 32613 88
32596 32599 236
32618 32663 201
32631 32641 3
32654 32703 227
32681 32690 21
32700 32704 292
32708 32709 96
32717 32763 216
32728 32739 35
32734 32747 215
32740 32745 259
32747 32764 300
32763 32778 255
32772 32801 168
32799 32830 235
32806 32821 13
32827 32849 280
32833 32848 132
32856 32878 280
32882 32931 246
32883 32900 260
32907 32954 200
32911 32921 100
32919 32955 75
32928 32958 214
32957 32958 15
32966 32979 38
32996 33014 55
33021 33035 296
33023 33045 292
33037 33047 203
33061 33110 8
33070 33116 85
33081 33129 184
33096 33127 24
33117 33121 284
33124 33149 165
33144 33175 263
33162 33169 149
33179 33217 89
33193 33225 108
33221 33225 127
33249 33289 45
33264 33285 91
33279 33304 299
33301 33338 115
33320 33321 234
33329 33351 229
33339 33355 204
33356 33390 185
33385 33430 81
33401 33439 258
33423 33454 97
33446 33481 135
33450 33463 64
33461 33475 115
33486 33504 216
33498 33539 210
33499 33530 69
33499 33532 220
33528 33544 144
33542 33574 87
33561 33567 274
33579 33621 200
33597 33638 95
33597 33606 209
33608 33655 150
33622 33669 10
33652 33702 160
33665 33710 83
33675 33722 100
33693 33725 295
33699 33723 160
33706 33754 44
33708 33724 224
33718 33745 65
33734 33747 179
33740 33779 137
33770 33778 269
33784 33812 84
33791 33819 277
33809 33842 26
33826 33876 122
33838 33874 143
33855 33903 5
33871 33890 292
33889 33937 6
33902 33931 252
33929 33966 56
33930 33953 239
33947 33972 85
33967 34001 128
33967 33984 83
33987 34007 97
34015 34021 96
34015 34042 188
34033 34055 171
34052 34095 255
34058 34078 235
34074 34111 100
34084 34125 260
34107 34115 66
34114 34156 276
34135 34172 273
34165 34214 149
34178 34181 266
34182 34206 113
34194 34242 195
34215 34226 92
34228 34272 40
34258 34259 126
34282 34300 283
34300 34348 289
34302 34332 232
34319 34340 65
34335 34383 85
34357 34370 203
34384 34394 73
34384 34405 69
34406 34435 109
34426 34456 83
34437 34471 95
34462 34481 164
34476 34512 287
34476 34499 212
34478 34511 277
34496 34523 259
34526 34570 177
34528 34538 78
34557 34603 298
34558 34592 227
34562 34586 276
34583 34604 268
34595 34637 288
34624 34641 15
34634 34679 66
34641 34658 296
34654 34689 104
34679 34686 268
34709 34734 84
34716 34728 203
34741 34749 247
34746 34765 258
34774 34778 243
34804 34846 251
34821 34864 33
34848 34867 63
34849 34893 230
34875 34905 125
34889 34899 242
34900 34920 101
34906 34922 222
34916 34941 241
34946 34977 160
34975 34999 221
34982 35032 248
35004 35026 27
35027 35036 237
35055 35090 212
35072 35074 41
35086 35104 39
35093 35110 211
35099 35124 30
35108 35143 232
35120 35138 63
35136 35143 166
35154 35172 275
35162 35199 163
35174 35192 114
35177 35195 201
35186 35214 206
35209 35248 209
35218 35237 111
35243 35264 270
35250 35267 13
35250 35298 237
35267 35279 171
35276 35325 252
35295 35340 127
35305 35327 167
35311 35331 18
35311 35353 50
35319 35343 254
35324 35357 161
35346 35385 162
35374 35415 78
35381 35387 187
35389 35431 253
35392 35430 32
35415 35437 1
35431 35468 9
35453 35473 33
35463 35512 177
35466 35485 104
35480 35507 161
35482 35510 214
35482 35526 163
35483 35530 179
35497 35542 295
35502 35541 176
35505 35531 143
35514 35516 13
35544 35565 267
35546 35589 297
35574 35593 250
35592 35624 17
35602 35615 41
35617 35652 40
35641 35689 106
35661 35670 281
35665 35666 189
35681 35694 96
35696 35704 199
35707 35748 240
35719 35750 168
35741 35748 226
35758 35766 70
35764 35809 66
35771 35809 167
35788 35801 212
35804 35843 211
35806 35829 201
35827 35868 29
35844 35869 147
35872 35896 117
35900 35905 138
35910 35912 248
35929 35961 173
35929 35930 182
35952 35986 282
35957 36002 153
35963 35987 176
35966 35996 72
35966 35981 125
35968 35998 50
35973 35987 221
35996 36041 116
36011 36040 82
36040 36050 81
36057 36070 107
36084 36117 121
36111 36149 242
36133 36181 46
36152 36199 53
36155 36191 21
36165 36175 255
36171 36195 76
36182 36194 295
36184 36191 57
36214 36249 286
36237 36286 192
36238 36271 300
36256 36267 141
36279 36329 45
36284 36314 265
36311 36339 260
36338 36359 267
36350 36360 184
36376 36407 53
36388 36413 46
36409 36438 199
36433 36435 88
36433 36460 64
36463 36466 293
36467 36478 145
36480 36504 270
36486 36519 119
36496 36535 199
36500 36545 38
36529 36571 163
36544 36576 214
36567 36577 164
36594 36618 75
36598 36621 132
36599 36626 119
36611 36613 232
36612 36614 81
36626 36675 114
36631 36640 84
36641 36648 53
36654 36700 57
36657 36679 99
36677 36704 132
36690 36712 275
36713 36750 88
36722 36751 172
36745 36756 176
36759 36764 83
36785 36788 125
36814 36852 44
36825 36861 276
36850 36886 127
36876 36906 215
36880 36911 193
36910 36927 108
36921 36969 23
36943 36952 232
36972 36995 78
36977 37016 112
36979 36991 39
36998 37046 79
37018 37061 261
37034 37053 36
37059 37078 239
37087 37137 20
37091 37105 75
37114 37115 15
37138 37165 197
37160 37165 209
37173 37180 160
37175 37192 2
37178 37190 10
37208 37229 256
37237 37250 25
37246 37279 279
37271 37311 272
37281 37318 182
37283 37306 94
37294 37335 215
37311 37315 180
37332 37355 3
37359 37396 50
37372 37400 145
37399 37425 248
37417 37453 191
37442 37467 138
37458 37485 95
37470 37487 210
37488 37533 125
37492 37499 155
37515 37546 67
37529 37568 18
37532 37544 30
37560 37581 29
37582 37614 129
37596 37599 141
37615 37654 26
37638 37684 259
37651 37660 235
37672 37701 1
37682 37705 170
37707 37709 275
37728 37733 183
37749 37774 84
37750 37762 294
37754 37802 232
37760 37768 164
37785 37796 96
37795 37833 275
37813 37857 231
37843 37845 243
37846 37860 229
37863 37901 227
37875 37899 249
37886 37887 184
37900 37936 164
37901 37921 159
37931 37969 205
37956 37985 24
37977 38026 2
37994 38034 253
38015 38025 42
38040 38044 147
38058 38097 268
38060 38090 61
38085 38128 250
38091 38135 203
38121 38132 53
38125 38132 85
38128 38144 113
38137 38164 223
38150 38184 177
38177 38217 255
38185 38197 91
38188 38197 183
38210 38218 236
38219 38268 44
38231 38270 141
38246 38287 262
38254 38265 41
38283 38304 113
38288 38313 135
38290 38291 9
38297 38324 49
38306 38308 14
38321 38338 54
38346 38368 125
38372 38378 11
38380 38381 33
38401 38423 284
38412 38432 47
38428 38470 114
38446 38495 277
38472 38482 237
38493 38516 227
38496 38516 157
38523 38525 12
38536 38565 40
38545 38552 108
38565 38615 81
38589 38592 207
38604 38654 213
38605 38652 30
38627 38658 46
38645 38654 125
38671 38721 214
38682 38702 84
38684 38721 170
38693 38716 74
38705 38753 153
38733 38782 293
38738 38749 283
38754 38786 178
38777 38816 28
38785 38786 118
38796 38820 213
38816 38866 83
38843 38890 284
38873 38898 106
38880 38929 100
38885 38932 52
38907 38937 97
38915 38946 268
38939 38972 39
38945 38980 111
38960 38996 241
38965 39012 48
38981 38985 215
38983 39008 74
39012 39039 295
39030 39075 161
39039 39077 212
39054 39093 53
39056 39101 285
39083 39110 161
39091 39135 34
39099 39100 5
39122 39124 241
39151 39168 273
39165 39196 175
39180 39183 64
39181 39229 35
39186 39218 112
39196 39218 2
39224 39252 286
39230 39280 92
39257 39297 160
39270 39287 113
39272 39291 174
39278 39298 140
39278 39318 259
39303 39352 109
39312 39318 199
39330 39352 292
39331 39365 104
39350 39393 209
39373 39389 299
39375 39401 200
39379 39408 133
39392 39402 98
39407 39438 224
39428 39459 134
39447 39456 192
39454 39457 4
39477 39499 274
39479 39521 56
39503 39547 49
39510 39525 212
39530 39555 208
39533 39545 80
39536 39574 294
39547 39560 162
39556 39605 256
39560 39610 58
39588 39614 275
39604 39647 154
39624 39639 134
39653 39702 186
39671 39673 68
39697 39731 11
39708 39756 78
39729 39774 83
39752 39792 128
39770 39793 244
39771 39789 117
39793 39816 121
39815 39846 126
39838 39843 200
39856 39858 104
39869 39877 186
39890 39899 26
39918 39928 289
39948 39953 216
39967 39983 36
39991 40038 154
39994 40037 299
39998 40021 271
39999 40041 181
40004 40031 294
40029 40063 219
40036 40077 298
40058 40069 94
40059 40069 182
40072 40100 29
40097 40130 181
40097 40122 55
40110 40158 291
40119 40134 231
40125 40165 130
40140 40170 97
40151 40168 55
40162 40183 232
40175 40200 202
40177 40225 102
40199 40249 252
40210 40231 78
40237 40285 11
40244 40291 119
40260 40268 200
40279 40299 125
40286 40308 257
40311 40325 228
40337 40384 49
40341 40372 1
40351 40390 112
40361 40375 102
40385 40395 197
40407 40431 68
40436 40449 70
40442 40480 102
40443 40451 69
40462 40472 290
40476 40480 231
40505 40513 219
40520 40563 172
40520 40552 298
40538 40554 72
40552 40560 51
40581 40622 102
40588 40627 277
40588 40610 222
40597 40624 59
40602 40608 293
40630 40648 197
40650 40657 80
40658 40707 108
40659 40692 259
40668 40676 196
40693 40734 239
40719 40740 169
40737 40747 64
40738 40784 83
40757 40798 284
40783 40792 269
40795 40844 90
40824 40857 12
40832 40855 129
40835 40842 169
40851 40884 239
40870 40889 212
40890 40891 155
40891 40915 257
40897 40898 255
40901 40930 61
40927 40968 202
40953 41003 124
40983 40988 238
40999 41010 163
41022 41059 29
41037 41054 52
41037 41044 288
41067 41090 97
41090 41121 13
41119 41158 187
41136 41162 86
41152 41173 68
41177 41179 30
41177 41180 281
41204 41231 112
41209 41215 242
41226 41243 94
41243 41257 90
41267 41313 225
41293 41298 144
41314 41343 66
41315 41335 30
41330 41365 94
41346 41393 9
41367 41391 251
41374 41387 88
41394 41435 183
41416 41449 69
41416 41418 212
41424 41461 140
41434 41464 152
41439 41460 255
41447 41467 216
41470 41478 124
41484 41526 262
41488 41521 191
41502 41544 66
41508 41531 174
41535 41558 50
41537 41552 74
41566 41593 214
41577 41622 146
41597 41607 145
41617 41622 54
41623 41653 79
41649 41674 96
41651 41672 155
41677 41694 247
41678 41705 27
41687 41708 256
41692 41723 156
41692 41693 271
41715 41750 128
41733 41747 53
41763 41809 145
41767 41774 179
41783 41828 10
41797 41811 44
41810 41839 135
41835 41868 102
41852 41853 224
41872 41910 227
41885 41898 188
41889 41939 30
41916 41926 265
41918 41951 148
41918 41942 5
41947 41962 118
41974 42018 105
41980 42003 248
41985 42003 133
42005 42030 240
42010 42050 151
42017 42062 227
42021 42030 36
42030 42072 107
42051 42073 108
42059 42087 224
42066 42107 221
42069 42087 56
42084 42129 85
42086 42101 248
42112 42149 247
42124 42141 298
42138 42175 189
42138 42188 83
42159 42170 86
42181 42230 27
42211 42242 274
42217 42240 240
42239 42286 27
42256 42259 138
42272 42275 17
42291 42327 297
42316 42330 167
42334 42356 282
42336 42371 1
42365 42413 241
42389 42418 145
42406 42431 10
42417 42434 295
42434 42472 260
42456 42482 185
42477 42478 120
42495 42531 206
42511 42549 38
42536 42554 178
42546 42557 265
42568 42593 107
42596 42639 111
42611 42612 12
42632 42636 180
42660 42707 158
42690 42695 30
42706 42753 282
42736 42784 84
42766 42778 125
42769 42786 148
42796 42802 66
42804 42805 51
42829 42846 137
42838 42852 280
42842 42847 4
42848 42852 252
42848 42869 9
42857 42868 111
42886 42902 18
42904 42933 74
42924 42954 88
42933 42961 174
42941 42960 162
42953 42954 12
42967 43012 123
42980 42983 192
43006 43019 44
43010 43014 69
43036 43084 127
43063 43081 285
43071 43104 27
43098 43115 199
43112 43149 22
43117 43146 204
43145 43152 250
43151 43168 224
43152 43188 233
43156 43164 131
43162 43200 76
43180 43223 216
43209 43247 176
43224 43241 195
43245 43275 8
43253 43289 188
43262 43291 206
43262 43288 130
43285 43307 244
43312 43333 42
43329 43351 163
43349 43372 148
43365 43410 173
43383 43390 108
43403 43440 232
43414 43449 234
43436 43464 71
43446 43478 3
43448 43492 39
43463 43487 13
43486 43526 96
43495 43496 194
43505 43527 282
43520 43557 160
43520 43557 80
43538 43559 212
43550 43596 38
43561 43602 109
43569 43577 265
43592 43638 93
43596 43635 143
43599 43614 269
43604 43630 134
43633 43661 270
43635 43647 73
43653 43689 103
43671 43680 94
43680 43686 247
43686 43721 166
43686 43733 44
43714 43722 47
43740 43770 234
43754 43793 89
43776 43814 200
43801 43842 219
43815 43826 134
43818 43864 149
43833 43844 10
43848 43874 134
43852 43892 102
43869 43899 217
43881 43902 116
43907 43912 279
43917 43958 167
43922 43931 229
43928 43956 71
43935 43978 157
43948 43954 60
43968 44013 235
43969 43982 101
43970 44002 295
43974 43978 41
43997 44033 257
44021 44032 279
44023 44043 110
44029 44064 168
44048 44075 249
44076 44103 2
44089 44098 276
44093 44139 51
44097 44107 266
44118 44150 273
44147 44195 68
44175 44202 118
44183 44228 272
44201 44215 86
44210 44221 57
44234 44256 291
44234 44273 297
44248 44285 101
44258 44269 199
44270 44281 211
44282 44323 234
44307 44337 179
44319 44328 143
44343 44384 131
44360 44406 217
44370 44377 269
44400 44417 168
44407 44436 1
44422 44433 271
44437 44484 223
44441 44466 130
44471 44503 188
44497 44503 30
44522 44547 13
44533 44566 71
44554 44569 26
44575 44624 291
44584 44619 183
44599 44619 163
44625 44640 237
44645 44673 246
44656 44659 175
44671 44719 221
44699 44714 30
44709 44729 56
44736 44758 85
44743 44756 197
44743 44789 115
44743 44789 164
44752 44792 187
44758 44778 40
44762 44803 108
44788 44818 295
44791 44803 286
44806 44807 83
44821 44851 8
44837 44843 273
44857 44878 147
44867 44894 117
44896 44946 133
44897 44945 71
44914 44931 66
44939 44952 292
44949 44984 61
44979 45007 108
44983 45003 230
44983 44998 85
44985 44999 48
44988 45020 35
45012 45056 104
45041 45088 56
45059 45075 113
45073 45115 113
45073 45100 283
45102 45144 78
45107 45157 19
45119 45128 228
45125 45154 189
45129 45142 100
45159 45199 241
45167 45188 18
45176 45217 24
45188 45211 204
45193 45198 79
45215 45259 247
45231 45238 29
45236 45241 242
45246 45261 97
45256 45276 300
45277 45316 58
45298 45330 271
45326 45361 5
45356 45406 117
45361 45363 216
45368 45410 82
45384 45406 237
45391 45436 91
45401 45412 38
45401 45410 270
45411 45433 137
45423 45451 82
45425 45470 110
45439 45476 45
45454 45468 226
45474 45505 100
45484 45517 212
45499 45519 123
45512 45561 4
45514 45516 206
45524 45558 145
45529 45531 268
45547 45589 138
45567 45607 173
45584 45607 160
45593 45637 169
45607 45648 94
45612 45634 254
45639 45644 212
45653 45663 253
45657 45684 278
45678 45688 268
45699 45723 25
45722 45739 157
45737 45763 58
45765 45785 104
45790 45839 152
45807 45821 240
45821 45840 122
45845 45868 47
45850 45861 142
45854 45872 203
45870 45907 163
45883 45917 111
45894 45909 57
45913 45937 138
45936 45970 212
45938 45988 295
45959 45996 261
45976 45979 8
45998 46032 123
46022 46068 57
46046 46055 276
46051 46059 12
46070 46112 32
46083 46116 216
46113 46161 110
46130 46140 63
46132 46174 51
46144 46193 295
46161 46210 224
46170 46204 81
46198 46224 142
46211 46231 125
46229 46233 117
46254 46275 231
46267 46273 234
46280 46312 86
46306 46345 164
46336 46359 10
46348 46350 28
46351 46395 51
46380 46397 146
46403 46437 75
46405 46417 14
46414 46417 298
46437 46457 271
46441 46467 137
46460 46483 39
46460 46464 225
46461 46494 29
46473 46485 199
46484 46515 159
46511 46521 251
46515 46543 170
46525 46532 299
46535 46579 128
46545 46571 181
46560 46598 69
46574 46617 151
46601 46619 109
46615 46621 275
46644 46678 27
46656 46699 72
46682 46686 226
46690 46730 5
46694 46720 207
46711 46718 222
46714 46735 175
46727 46730 242
46736 46762 164
46746 46791 211
46765 46812 36
46771 46798 143
46777 46787 118
46780 46808 273
46781 46792 254
46794 46828 144
46808 46846 267
46827 46869 290
46848 46876 225
46853 46892 167
46866 46912 96
46891 46910 150
46907 46911 236
46928 46965 34
46957 46980 293
46959 46965 256
46989 47026 158
46998 47013 106
47017 47043 289
47030 47046 201
47039 47079 181
47069 47094 156
47096 47131 257
47122 47123 178
47143 47172 178
47158 47179 207
47187 47221 295
47202 47237 253
47221 47259 221
47250 47271 264
47276 47317 283
47284 47317 7
47285 47323 264
47308 47316 53
47312 47314 272
47324 47327 104
47343 47386 151
47356 47406 27
47386 47389 58
47399 47443 161
47411 47422 207
47411 47446 151
47441 47459 31
47455 47497 251
47465 47482 263
47480 47504 151
47482 47532 58
47505 47536 216
47524 47564 219
47542 47577 16
47542 47581 244
47553 47588 156
47571 47617 259
47587 47621 33
47609 47643 226
47613 47615 115
47620 47665 4
47623 47655 202
47631 47645 27
47638 47648 70
47664 47680 230
47689 47711 143
47708 47728 92
47711 47751 4
47730 47779 43
47734 47735 223
47746 47789 66
47752 47769 202
47781 47810 113
47795 47820 7
47807 47817 36
47836 47843 56
47838 47877 208
47843 47847 244
47870 47915 163
47890 47914 249
47902 47937 118
47916 47950 149
47943 47987 217
47972 47988 104
48001 48023 214
48016 48044 13
48034 48069 226
48043 48059 184
48063 48088 49
48075 48088 76
48093 48128 161
48113 48114 77
48116 48165 211
48122 48139 177
48148 48157 210
48153 48181 163
48180 48199 291
48190 48227 267
48191 48198 192
48197 48242 149
48200 48221 63
48209 48232 177
48223 48262 281
48237 48250 61
48253 48276 78
48275 48276 43
48284 48317 268
48295 48319 189
48311 48330 241
48335 48384 195
48352 48401 145
48375 48424 114
48402 48409 203
48424 48449 14
48450 48471 270
48453 48479 198
48481 48509 233
48482 48511 72
48497 48520 259
48520 48534 287
48532 48538 34
48536 48568 283
48547 48588 290
48555 48604 299
48565 48591 229
48595 48639 260
48604 48626 193
48609 48657 277
48628 48657 64
48635 48644 53
48648 48695 277
48678 48724 27
48694 48715 249
48716 48758 172
48744 48769 251
48746 48787 16
48775 48816 101
48779 48784 211
48792 48819 66
48796 48824 292
48803 48842 246
48815 48863 183
48825 48869 82
48832 48863 64
48848 48893 18
48878 48907 176
48899 48921 106
48918 48920 298
48921 48959 170
48948 48979 9
48963 48990 197
48969 49003 136
48971 49018 276
48982 49008 177
48995 48996 70
49003 49050 280
49031 49039 115
49040 49062 168
49040 49064 38
49065 49091 18
49093 49123 284
49093 49138 23
49115 49156 21
49144 49155 41
49148 49155 102
49166 49214 107
49196 49227 250
49222 49263 235
49248 49278 25
49248 49280 212
49263 49288 94
49285 49303 9
49303 49317 161
49312 49360 32
49333 49371 275
49337 49384 291
49347 49375 89
49362 49382 273
49390 49412 291
49394 49396 43
49401 49444 154
49414 49457 246
49438 49451 250
49446 49463 274
49462 49479 165
49472 49519 6
49480 49514 4
49480 49504 11
49493 49499 275
49499 49510 18
49526 49537 269
49542 49557 203
49558 49571 159
49560 49594 292
49582 49632 43
49603 49627 135
49627 49657 227
49635 49652 70
49655 49695 125
49681 49696 188
49697 49712 105
49723 49738 145
49730 49746 56
49740 49772 242
49743 49776 3
49766 49799 125
49790 49838 131
49793 49834 24
49807 49813 273
49815 49821 186
49837 49876 40
49844 49854 12
49848 49879 80
49853 49899 99
49878 49882 86
49899 49913 3
49926 49928 149
49953 49964 287
49970 50007 145
49973 49991 221
49976 49978 278
49996 50038 74
50003 50041 174
50003 50023 96
50011 50040 236
50020 50046 42
50031 50033 174
50041 50065 245
50042 50049 148
50049 50093 137
50076 50114 83
50085 50104 58
50114 50120 44
50142 50176 218
50169 50172 85
50196 50200 254
50216 50237 295
50226 50248 121
50254 50279 274
50275 50317 139
50292 50297 230
50294 50321 270
50320 50332 74
50349 50397 193
50351 50375 142
50374 50397 155
50399 50422 138
50426 50470 162
50444 50482 240
50466 50493 258
50492 50521 41
50507 50539 33
50511 50548 40
50523 50566 11
50528 50567 172
50539 50557 45
50547 50592 184
50549 50552 268
50573 50592 150
50576 50591 11
50577 50579 169
50591 50601 226
50607 50647 173
50630 50655 28
50650 50662 48
50672 50686 31
50696 50725 145
50724 50732 194
50747 50797 97
50772 50818 288
50772 50777 143
50802 50828 162
50818 50841 26
50827 50828 27
50852 50865 278
50869 50892 240
50876 50899 199
50890 50908 263
50913 50957 81
50917 50951 11
50935 50954 208
50964 50993 253
50993 51039 138
50999 51044 272
51001 51027 102
51021 51027 122
51026 51051 54
51038 51085 208
51065 51106 111
51080 51112 132
51085 51095 224
51112 51159 137
51122 51149 157
51124 51151 209
51149 51195 25
51165 51190 203
51179 51218 123
51180 51196 125
51205 51231 42
51213 51242 198
51234 51275 65
51248 51251 219
51273 51289 201
51293 51297 53
51296 51323 277
51313 51330 37
51340 51354 12
51340 51388 219
51358 51367 143
51361 51370 233
51367 51379 67
51382 51428 64
51403 51448 61
51427 51443 124
51440 51479 221
51452 51457 135
51457 51485 212
51486 51511 119
51504 51523 212
51516 51535 298
51544 51551 92
51552 51576 42
51563 51612 51
51579 51617 16
51600 51649 268
51628 51667 284
51649 51660 249
51674 51679 292
51694 51711 79
51707 51711 190
51720 51725 275
51748 51795 109
51753 51784 27
51771 51792 252
51779 51783 144
51781 51831 228
51795 51798 155
51806 51824 241
51829 51873 279
51837 51841 274
51856 51891 272
51863 51879 55
51883 51913 259
51910 51914 136
51931 51951 176
51935 51974 162
51960 51973 73
51974 51979 173
51984 52029 239
52014 52033 37
52026 52060 56
52048 52065 1
52071 52103 246
52087 52098 28
52093 52121 26
52113 52115 195
52119 52151 4
52145 52166 120
52160 52178 156
52160 52174 161
52163 52197 24
52189 52237 243
52203 52206 177
52230 52268 291
52243 52291 70
52251 52299 128
52252 52270 9
52276 52324 81
52306 52334 294
52323 52337 129
52331 52370 73
52340 52374 262
52367 52417 224
52393 52443 152
52411 52425 51
52421 52450 92
52450 52495 31
52471 52515 87
52500 52509 61
52514 52522 247
52544 52546 205
52566 52575 72
52580 52606 234
52606 52624 209
52609 52610 155
52632 52650 75
52635 52679 259
52647 52668 26
52664 52698 20
52683 52722 18
52705 52724 23
52731 52738 160
52751 52762 38
52767 52811 110
52793 52817 52
52816 52839 58
52817 52861 128
52824 52854 234
52845 52846 292
52855 52886 241
52877 52892 71
52879 52929 74
52901 52945 153
52927 52977 187
52934 52948 98
52956 52971 101
52973 53009 249
52989 53006 62
53006 53026 159
53016 53032 168
53039 53066 142
53057 53078 7
53064 53102 13
53078 53124 1
53094 53098 27
53094 53114 142
53107 53126 34
53111 53135 10
53132 53134 168
53162 53174 140
53169 53191 202
53195 53214 129
53218 53259 62
53247 53260 2
53258 53306 236
53266 53313 127
53284 53311 148
53285 53309 25
53312 53357 225
53320 53334 85
53333 53338 50
53356 53390 293
53379 53397 237
53402 53404 146
53422 53467 41
53435 53449 207
53437 53439 101
53447 53461 199
53465 53508 272
53485 53502 55
53485 53533 236
53511 53532 85
53527 53541 174
53533 53559 29
53553 53574 168
53563 53598 91
53574 53584 162
53599 53612 133
53629 53675 159
53637 53649 221
53641 53669 19
53646 53660 211
53655 53667 157
53657 53681 157
53665 53677 288
53673 53695 14
53674 53697 252
53701 53719 238
53726 53748 142
53740 53742 140
53760 53805 126
53768 53812 105
53768 53804 250
53789 53813 149
53802 53823 2
53814 53815 41
53830 53835 86
53858 53897 6
53860 53866 164
53869 53872 230
53879 53896 75
53889 53892 277
53891 53894 47
53918 53927 151
53923 53945 234
53923 53948 251
53943 53975 217
53954 53978 61
53971 54012 79
53982 54011 129
53992 54007 144
54002 54034 44
54022 54031 274
54039 54086 181
54049 54072 109
54079 54092 201
54091 54096 298
54118 54141 112
54133 54160 208
54156 54188 98
54182 54220 45
54199 54201 143
54218 54247 160
54240 54275 3
54255 54289 67
54285 54323 192
54294 54341 96
54310 54335 259
54325 54357 129
54346 54383 58
54356 54372 153
54376 54426 300
54383 54421 38
54390 54407 294
54418 54453 120
54447 54489 65
54462 54470 259
54484 54508 57
54505 54555 125
54523 54557 158
54542 54575 279
54550 54599 16
54566 54592 7
54568 54580 67
54576 54608 227
54578 54595 80
54596 54636 99
54612 54625 32
54623 54652 130
54637 54670 169
54663 54687 131
54667 54706 171
54671 54705 38
54675 54705 239
54701 54715 264
54711 54736 218
54720 54728 99
54750 54752 86
54765 54772 91
54789 54822 87
54800 54809 57
54820 54833 265
54825 54842 36
54846 54871 256
54864 54871 212
54892 54935 221
54919 54929 53
54925 54961 275
54941 54974 259
54971 54972 183
54973 55003 120
54992 55037 120
55004 55043 85
55010 55015 201
55021 55025 119
55032 55074 219
55036 55061 291
55057 55086 25
55086 55094 209
55095 55129 177
55108 55135 170
55126 55159 283
55150 55157 14
55177 55186 13
55197 55204 261
55205 55234 264
55207 55247 93
55227 55245 20
55243 55285 266
55273 55294 162
55288 55318 27
55297 55336 51
55326 55340 279
55345 55354 255
55375 55395 124
55392 55402 194
55421 55424 130
55437 55447 131
55465 55482 59
55477 55516 107
55500 55517 235
55512 55513 26
55513 55558 262
55542 55570 221
55554 55591 52
55571 55601 235
55584 55593 183
55614 55653 78
55636 55667 71
55660 55709 5
55677 55715 267
55695 55720 281
55713 55747 272
55718 55736 268
55729 55748 59
55738 55748 151
55751 55797 215
55779 55811 197
55779 55788 103
55786 55823 156
55801 55838 120
55825 55866 204
55850 55862 257
55880 55885 2
55889 55917 106
55907 55932 263
55923 55965 277
55942 55951 267
55956 55989 239
55965 55967 132
55977 56016 244
56007 56037 38
56017 56018 34
56041 56053 257
56061 56063 78
56081 56126 36
56109 56143 76
56117 56150 171
56138 56188 90
56150 56180 249
56161 56179 105
56184 56188 89
56195 56234 37
56197 56206 233
56197 56239 1
56224 56236 298
56253 56284 52
56269 56301 207
56270 56287 191
56275 56314 153
56305 56319 80
56308 56321 118
56329 56346 9
56349 56350 66
56373 56375 86
56396 56442 33
56400 56431 55
56429 56458 208
56444 56474 242
56460 56493 192
56489 56537 67
56489 56529 17
56508 56547 181
56510 56518 43
56531 56537 35
56561 56570 298
56571 56592 160
56578 56589 236
56580 56596 176
56593 56606 49
56618 56656 162
56638 56643 53
56667 56690 209
56681 56690 242
56706 56725 194
56724 56736 125
56752 56791 240
56754 56798 174
56783 56803 233
56805 56839 170
56830 56844 181
56832 56843 268
56844 56888 120
56870 56881 31
56898 56948 12
56909 56934 174
56928 56961 196
56954 56962 264
56975 56996 130
56980 57023 40
57000 57038 50
57021 57050 204
57044 57056 236
57063 57067 236
57091 57116 215
57117 57130 178
57139 57186 229
57155 57158 29
57173 57206 124
57179 57207 225
57181 57209 76
57198 57208 62
57208 57213 240
57209 57255 243
57237 57264 284
57252 57270 70
57278 57328 68
57293 57295 260
57299 57344 286
57300 57326 272
57319 57356 272
57321 57327 156
57347 57372 294
57363 57378 104
57367 57383 115
57391 57421 73
57392 57410 11
57413 57417 184
57427 57434 262
57433 57450 132
57458 57481 2
57475 57477 46
57490 57494 83
57508 57551 202
57534 57555 219
57546 57561 94
57556 57581 42
57569 57598 268
57591 57600 200
57616 57647 89
57644 57661 293
57673 57684 136
57685 57702 291
57693 57704 96
57695 57733 241
57699 57724 233
57702 57720 138
57710 57720 172
57729 57748 147
57743 57771 56
57748 57751 183
57774 57792 175
57802 57813 261
57829 57838 19
57855 57904 295
57885 57924 133
57886 57935 278
57906 57936 110
57906 57936 188
57913 57936 172
57943 57971 271
57948 57989 224
57962 57999 137
57977 58021 6
57980 58013 71
57982 57995 215
58000 58047 136
58024 58044 37
58053 58101 116
58067 58076 154
58081 58111 26
58094 58112 44
58108 58156 26
58111 58112 298
58112 58144 233
58139 58156 123
58141 58176 149
58167 58185 5
58180 58191 265
58209 58223 113
58239 58263 199
58239 58249 238
58257 58281 187
58286 58313 220
58290 58309 255
58297 58320 154
58324 58372 37
58339 58372 75
58345 58386 207
58372 58387 256
58389 58416 141
58389 58403 103
58412 58431 243
58438 58459 241
58463 58469 280
58464 58470 254
58473 58508 11
58493 58522 1
58494 58538 62
58509 58540 41
58535 58551 6
58559 58591 148
58578 58626 77
58594 58619 174
58616 58623 292
58638 58645 112
58658 58686 14
58688 58716 48
58691 58741 43
58721 58767 234
58747 58750 293
58763 58793 112
58792 58810 187
58820 58864 136
58826 58869 49
58833 58858 292
58849 58885 72
58877 58919 59
58900 58938 277
58921 58933 207
58926 58945 288
58935 58970 31
58938 58942 239
58951 58955 90
58956 58984 299
58979 58984 50
59006 59013 146
59009 59046 158
59029 59036 84
59029 59067 65
59047 59058 8
59063 59066 179
59069 59093 80
59075 59088 253
59081 59116 13
59094 59104 201
59115 59160 185
59119 59164 150
59140 59165 81
59168 59212 168
59180 59219 109
59201 59237 43
59221 59224 218
59236 59243 197
59253 59280 203
59278 59289 78
59286 59333 77
59286 59289 257
59316 59349 52
59330 59379 178
59337 59351 280
59353 59391 76
59372 59378 151
59375 59412 244
59376 59404 220
59392 59408 258
59395 59432 147
59418 59436 166
59443 59452 260
59448 59483 54
59454 59486 191
59465 59509 115
59476 59489 11
59487 59511 20
59513 59525 39
59523 59560 262
59538 59584 295
59562 59594 9
59576 59594 111
59577 59584 35
59578 59594 53
59596 59601 288
59609 59639 48
59634 59640 235
59642 59692 243
59644 59663 36
59659 59704 91
59675 59678 70
59691 59737 269
59701 59729 268
59723 59770 147
59736 59786 260
59757 59780 5
59773 59809 262
59794 59844 293
59813 59855 205
59818 59840 218
59829 59871 253
59832 59859 210
59860 59906 132
59880 59915 43
59907 59908 153
59934 59972 148
59957 59981 264
59963 59971 210
59974 60019 200
59987 59999 159
59999 60033 221
60003 60041 247
60023 60046 145
60041 60067 247
60041 60052 70
60062 60081 174
60072 60098 256
60088 60126 188
60110 60158 256
60121 60159 16
60130 60180 175
60138 60143 93
60141 60176 92
60155 60165 60
60174 60195 110
60193 60233 80
60220 60237 110
60227 60251 2
60239 60284 187
60263 60279 86
60268 60307 251
60283 60316 9
60308 60311 172
60318 60327 231
60325 60369 208
60344 60389 41
60361 60409 18
60391 60433 51
60400 60425 238
60420 60468 203
60441 60468 236
60470 60494 58
60473 60482 274
60492 60536 7
60501 60534 2
60521 60556 161
60524 60565 110
60537 60577 10
60563 60608 265
60581 60605 169
60606 60618 186
60607 60638 117
60632 60655 99
60641 60679 272
60657 60707 140
60670 60703 170
60671 60674 285
60686 60724 253
60709 60739 197
60737 60774 91
60743 60774 24
60753 60758 40
60773 60815 40
60783 60787 289
60786 60816 210
60805 60854 26
60824 60854 62
60828 60866 26
60831 60857 15
60851 60862 46
60864 60878 227
60865 60908 153
60872 60914 207
60890 60932 168
60902 60921 191
60922 60951 183
60923 60964 49
60940 60953 82
60964 60981 232
60991 61032 221
61007 61049 242
61035 61062 118
61053 61076 160
61068 61116 129
61078 61079 3
61101 61140 120
61104 61123 110
61110 61140 262
61129 61132 67
61157 61172 136
61183 61228 28
61201 61221 39
61203 61223 264
61218 61266 155
61244 61258 205
61256 61297 245
61273 61290 290
61289 61332 135
61312 61340 254
61323 61348 96
61353 61357 50
61354 61386 210
61382 61423 73
61398 61414 207
61425 61447 74
61443 61465 45
61460 61510 42
61463 61470 159
61489 61512 94
61512 61525 251
61519 61562 214
61538 61588 240
61561 61607 70
61586 61618 190
61605 61622 100
61626 61639 122
61631 61650 217
61656 61690 281
61658 61698 200
61669 61689 42
61693 61696 129
61697 61740 91
61706 61744 89
61734 61735 257
61738 61785 18
61763 61806 3
61783 61804 92
61794 61813 253
61804 61833 234
61814 61821 48
61814 61825 196
61836 61866 217
61843 61844 168
61845 61872 145
61853 61886 221
61853 61868 85
61863 61912 76
61878 61890 45
61894 61919 145
61899 61909 72
61905 61908 143
61913 61942 182
61931 61951 89
61960 62000 275
61963 61989 3
61990 62024 47
62011 62041 173
62029 62069 32
62052 62083 267
62069 62078 57
62094 62134 272
62102 62124 142
62108 62114 171
62126 62147 233
62134 62178 162
62153 62155 256
62183 62206 230
62205 62209 36
62235 62266 82
62255 62294 285
62279 62290 235
62287 62332 31
62304 62310 203
62311 62349 297
62336 62356 85
62360 62378 35
62365 62375 285
62370 62380 293
62381 62429 100
62410 62419 119
62418 62468 53
62445 62461 190
62452 62467 150
62474 62520 196
62496 62499 98
62511 62559 297
62539 62572 205
62544 62554 216
62548 62585 73
62548 62580 289
62576 62604 194
62595 62597 185
62622 62634 215
62650 62661 233
62659 62698 36
62665 62711 274
62689 62712 77
62711 62755 51
62711 62713 247
62711 62742 124
62735 62784 247
62739 62774 63
62747 62748 275
62766 62799 238
62796 62836 209
62824 62863 100
62848 62875 239
62872 62888 60
62881 62891 252
62895 62897 74
62911 62929 242
62933 62974 150
62953 62972 8
62974 62984 89
62997 62999 180
63025 63039 49
63049 63068 186
63071 63101 44
63088 63104 277
63103 63137 237
63118 63141 3
63127 63158 32
63130 63140 285
63152 63168 235
63157 63193 122
63162 63172 276
63177 63187 31
63180 63204 53
63202 63212 16
63204 63234 256
63227 63271 175
63248 63282 291
63248 63260 248
63271 63302 133
63285 63314 105
63304 63345 257
63326 63348 90
63344 63345 204
63357 63365 178
63377 63400 121
63391 63428 130
63396 63400 36
63416 63429 117
63435 63455 78
63453 63459 213
63482 63525 24
63512 63514 75
63537 63555 235
63539 63585 285
63559 63597 153
63578 63596 8
63595 63606 253
63604 63643 299
63621 63664 214
63639 63656 74
63650 63655 295
63671 63717 254
63677 63701 44
63702 63723 212
63717 63748 233
63741 63788 72
63763 63787 254
63769 63783 207
63784 63791 287
63790 63797 299
63803 63834 165
63820 63828 111
63845 63856 167
63847 63893 244
63850 63872 55
63874 63910 256
63899 63905 114
63920 63941 187
63934 63981 118
63945 63979 226
63948 63996 139
63974 64010 136
63989 64031 9
64017 64035 297
64044 64047 140
64057 64098 240
64068 64077 108
64081 64126 180
64093 64137 240
64096 64127 32
64115 64157 184
64138 64154 38
64167 64189 139
64173 64179 282
64194 64203 12
64214 64215 33
64219 64228 119
64247 64248 136
64255 64256 296
64269 64296 204
64299 64316 71
64300 64350 114
64309 64347 194
64321 64330 93
64333 64342 276
64359 64405 163
64364 64401 284
64372 64373 87
64396 64419 21
64404 64439 182
64431 64464 49
64454 64471 285
64457 64481 214
64485 64505 44
64506 64518 92
64517 64536 43
64523 64565 103
64543 64567 185
64563 64594 261
64567 64575 151
64592 64613 219
64600 64635 157
64627 64636 153
64634 64667 79
64656 64667 172
64659 64694 236
64666 64697 113
64688 64732 34
64709 64722 182
64712 64750 76
64716 64735 277
64721 64752 277
64726 64749 290
64741 64778 166
64743 64771 169
64748 64766 265
64776 64820 124
64796 64807 142
64814 64846 147
64842 64885 226
64854 64876 101
64870 64913 35
64900 64946 295
64909 64917 262
64926 64974 233
64935 64952 107
64953 64976 156
64968 65009 206
64994 65016 234
65014 65047 170
65026 65031 55
65040 65075 102
65068 65095 102
65073 65097 45
65096 65128 105
65113 65122 266
65119 65163 220
65134 65147 40
65147 65181 283
65177 65183 146
65177 65184 153
65198 65228 155
65203 65215 244
65216 65220 183
65221 65255 26
65236 65278 5
65244 65250 284
65254 65280 156
65269 65288 106
65298 65341 186
65311 65324 52
65312 65338 210
65328 65372 212
65329 65374 4
65331 65368 74
65345 65374 136
65354 65404 99
65384 65431 61
65392 65431 234
65422 65460 43
65450 65493 158
65476 65524 198
65480 65485 216
65492 65537 35
65516 65517 151
65524 65571 18
65535 65541 217
65550 65554 87
65565 65587 259
65570 65577 7
65578 65611 180
65593 65637 107
65623 65634 107
65623 65673 208
65625 65675 33
65635 65647 178
65657 65685 55
65677 65714 220
65696 65742 52
65716 65746 283
65718 65722 115
65743 65760 114
65760 65780 48
65768 65769 144
65790 65807 155
65803 65807 256
65803 65831 211
65813 65831 112
65822 65843 51
65845 65852 43
65868 65904 18
65887 65904 152
65892 65941 216
65905 65941 50
65905 65932 66
65916 65966 201
65939 65946 96
65964 65981 125
65981 66017 221
65994 66037 101
65999 66042 123
66007 66038 180
66024 66038 92
66044 66071 229
66074 66085 179
66094 66137 146
66113 66139 18
66122 66146 97
66134 66139 109
66137 66184 117
66145 66165 69
66168 66169 29
66183 66222 76
66189 66218 78
66204 66214 296
66220 66261 70
66232 66253 33
66238 66241 100
66268 66276 238
66297 66311 63
66297 66304 229
66321 66347 280
66325 66330 213
66328 66335 182
66334 66359 133
66355 66404 152
66372 66379 205
66376 66389 203
66398 66436 228
66412 66439 167
66415 66450 10
66425 66447 254
66438 66461 32
66450 66453 113
66453 66480 2
66473 66506 56
66492 66500 29
66518 66562 87
66520 66532 167
66522 66569 11
66525 66553 278
66541 66581 54
66569 66577 184
66594 66627 77
66609 66642 115
66625 66641 34
66637 66683 6
66644 66650 146
66649 66684 19
66664 66666 191
66665 66698 122
66678 66727 63
66705 66726 13
66705 66736 14
66705 66753 35
66728 66737 172
66746 66773 162
66765 66772 155
66784 66796 53
66790 66807 91
66807 66830 63
66824 66829 210
66828 66872 43
66841 66860 14
66845 66895 97
66856 66871 228
66863 66899 48
66869 66902 114
66880 66892 274
66906 66943 95
66918 66965 165
66935 66979 28
66950 66980 255
66963 66984 175
66963 66972 84
66966 66997 15
66996 67037 217
67021 67052 161
67028 67052 220
67042 67079 210
67072 67083 230
67083 67084 123
67084 67102 169
67104 67153 299
67109 67149 90
67132 67143 281
67160 67179 27
67161 67210 194
67182 67193 60
67209 67253 232
67225 67238 63
67243 67282 238
67268 67276 194
67287 67303 160
67288 67311 292
67296 67305 245
67305 67310 279
67308 67335 181
67322 67356 223
67352 67402 296
67374 67407 175
67392 67396 185
67401 67450 155
67403 67447 187
67403 67423 28
67419 67432 97
67434 67443 161
67446 67464 16
67467 67515 298
67492 67538 297
67504 67545 196
67506 67532 299
67524 67554 80
67542 67561 4
67545 67562 243
67556 67574 187
67578 67610 195
67587 67613 227
67614 67646 94
67632 67660 1
67640 67676 5
67663 67665 108
67663 67708 298
67669 67678 258
67696 67745 111
67722 67725 139
67747 67782 197
67750 67753 177
67758 67762 193
67780 67826 218
67805 67812 183
67818 67835 51
67843 67858 170
67851 67863 182
67865 67893 13
67881 67907 254
67897 67941 107
67914 67963 15
67940 67950 181
67961 67981 102
67977 68006 88
67993 67998 190
68022 68033 119
68041 68067 74
68054 68092 132
68056 68064 142
68071 68095 227
68089 68121 267
68116 68159 4
68129 68135 135
68133 68148 300
68161 68164 15
68171 68206 24
68172 68196 278
68199 68226 2
68218 68234 4
68229 68260 16
68259 68286 263
68260 68265 202
68280 68295 220
68300 68315 209
68301 68324 261
68325 68328 129
68344 68347 295
68349 68354 41
68375 68392 225
68404 68421 272
68419 68421 39
68428 68456 247
68458 68467 5
68471 68486 156
68493 68531 52
68493 68516 37
68506 68527 30
68514 68529 147
68532 68548 218
68558 68608 288
68577 68602 94
68603 68607 186
68631 68649 258
68637 68640 235
68647 68674 248
68649 68656 126
68663 68707 146
68686 68704 219
68702 68746 73
68709 68719 176
68715 68760 259
68733 68762 18
68754 68771 156
68784 68831 209
68803 68825 16
68810 68848 155
68836 68862 64
68841 68884 35
68845 68848 291
68875 68894 70
68895 68934 144
68923 68941 235
68948 68949 13
68978 69006 188
68981 69011 78
68989 69028 135
69001 69036 99
69023 69030 133
69050 69067 109
69076 69078 279
69091 69112 131
69120 69132 281
69148 69152 121
69178 69180 75
69199 69211 252
69211 69243 191
69233 69278 95
69250 69251 221
69264 69279 8
69280 69294 113
69295 69334 284
69296 69334 44
69309 69347 241
69336 69361 294
69347 69366 291
69372 69384 148
69379 69408 149
69384 69397 191
69412 69440 249
69415 69422 148
69421 69424 105
69422 69442 182
69443 69447 219
69464 69489 13
69466 69492 41
69486 69519 109
69507 69535 65
69512 69560 294
69531 69542 238
69533 69554 185
69559 69598 196
69585 69603 199
69600 69628 300
69601 69610 173
69607 69641 137
69617 69653 72
69642 69666 80
69650 69657 249
69674 69683 265
69697 69722 105
69713 69735 201
69721 69737 111
69732 69782 239
69735 69752 285
69735 69765 147
69752 69761 6
69773 69812 60
69785 69830 140
69792 69817 2
69812 69824 265
69820 69855 67
69833 69842 26
69845 69846 29
69868 69917 56
69891 69938 52
69892 69907 254
69900 69903 213
69903 69909 298
69911 69932 191
69929 69930 189
69930 69947 104
69957 69974 121
69980 70014 281
70002 70031 197
70012 70032 137
70028 70040 103
70032 70077 52
70055 70061 250
70073 70084 113
70099 70129 57
70121 70151 92
70135 70172 73
70139 70159 81
70147 70188 228
70159 70202 15
70174 70200 182
70188 70237 106
70193 70231 93
70213 70255 288
70219 70265 248
70223 70230 56
70228 70231 8
70257 70307 257
70286 70322 40
70312 70323 263
70326 70333 5
70326 70371 43
70327 70364 223
70340 70371 86
70344 70374 10
70371 70399 127
70379 70421 128
70386 70401 248
70390 70414 95
70401 70405 99
70406 70450 87
70436 70460 97
70447 70473 63
70453 70488 130
70473 70485 38
70475 70517 15
70501 70533 28
70512 70519 109
70517 70535 22
70519 70563 172
70539 70545 81
70566 70588 36
70590 70615 115
70618 70662 232
70639 70648 20
70653 70686 138
70665 70666 122
70675 70677 293
70705 70706 250
70710 70736 104
70728 70770 3
70744 70771 123
70768 70791 230
70790 70808 191
70809 70854 277
70831 70876 257
70853 70900 95
70862 70870 10
70892 70923 4
70897 70903 229
70914 70929 293
70918 70946 6
70928 70966 252
70955 71004 71
70974 71000 206
71004 71037 251
71026 71034 8
71026 71046 66
71047 71056 227
71074 71115 151
71080 71122 59
71104 71112 2
71131 71137 262
71131 71175 181
71142 71188 80
71144 71193 132
71162 71208 247
71176 71181 215
71184 71206 241
71191 71199 161
71212 71250 118
71225 71272 103
71252 71257 295
71278 71308 198
71278 71279 133
71301 71315 67
71305 71342 107
71318 71365 7
71342 71353 4
71345 71370 118
71353 71355 122
71376 71406 122
71378 71419 164
71390 71391 143
71394 71401 220
71406 71441 227
71430 71444 263
71440 71461 284
71444 71494 128
71459 71502 218
71485 71492 141
71489 71539 183
71504 71537 27
71527 71531 281
71551 71555 157
71555 71592 169
71562 71612 152
71583 71585 119
71594 71598 138
71596 71618 197
71624 71630 139
71643 71671 239
71665 71694 66
71665 71706 95
71678 71685 3
71680 71720 100
71699 71714 142
71711 71737 183
71719 71735 71
71744 71750 271
71766 71801 275
71774 71802 204
71782 71829 281
71800 71822 78
71829 71835 117
71841 71887 138
71863 71901 54
71863 71906 34
71882 71920 241
71911 71921 231
71920 71944 187
71943 71957 254
71944 71988 137
71949 71997 84
71967 71977 191
71993 72004 147
72008 72028 170
72017 72062 16
72023 72026 19
72035 72072 229
72061 72073 174
72089 72096 41
72095 72127 38
72113 72127 191
72130 72163 213
72154 72180 29
72182 72219 225
72203 72229 11
72229 72267 111
72233 72262 13
72240 72283 90
72257 72284 178
72284 72291 255
72304 72351 103
72316 72341 60
72318 72339 71
72320 72341 130
72333 72348 241
72361 72364 138
72380 72395 141
72406 72435 290
72417 72465 290
72433 72442 98
72460 72498 8
72468 72475 16
72486 72505 13
72493 72515 43
72510 72552 88
72514 72527 108
72538 72577 16
72539 72578 56
72565 72615 25
72590 72629 280
72599 72603 4
72600 72607 91
72623 72666 18
72625 72644 9
72652 72702 48
72681 72708 8
72700 72710 189
72729 72736 108
72731 72750 175
72745 72788 153
72748 72756 36
72770 72793 64
72794 72835 57
72804 72841 112
72826 72835 295
72846 72855 9
72856 72902 196
72857 72858 176
72881 72918 145
72900 72913 83
72908 72911 61
72916 72961 105
72926 72934 153
72940 72949 148
72946 72952 179
72955 73001 144
72975 72990 233
72993 73012 63
73003 73038 231
73008 73040 212
73028 73063 8
73033 73073 255
73051 73074 49
73053 73078 20
73067 73104 52
73096 73141 65
73115 73121 253
73136 73140 246
73159 73166 280
73161 73209 90
73174 73197 173
73179 73225 143
73188 73217 147
73214 73262 149
73235 73239 71
73240 73249 111
73247 73263 273
73264 73265 29
73280 73303 135
73293 73304 283
73308 73353 51
73333 73368 5
73336 73373 295
73364 73374 213
73388 73409 160
73395 73419 207
73419 73445 134
73422 73440 149
73436 73460 62
73450 73456 104
73464 73468 230
73488 73499 168
73514 73537 176
73536 73558 264
73549 73585 232
73551 73572 150
73570 73594 79
73577 73578 35
73595 73636 171
73608 73638 282
73632 73661 257
73661 73671 5
73669 73718 188
73684 73703 221
73691 73739 126
73699 73741 165
73728 73732 142
73744 73792 55
73767 73808 138
73769 73780 49
73788 73791 166
73803 73831 291
73825 73843 111
73855 73903 226
73868 73918 5
73896 73911 63
73922 73972 228
73952 73998 144
73980 74000 154
73997 74020 291
74016 74033 46
74024 74045 225
74037 74085 16
74066 74079 193
74088 74136 173
74088 74104 171
74116 74155 266
74118 74133 175
74132 74160 190
74140 74190 232
74160 74205 184
74175 74214 35
74205 74239 32
74208 74231 239
74209 74255 97
74212 74241 132
74242 74258 154
74251 74289 215
74276 74277 155
74284 74309 8
74303 74324 39
74311 74313 65
74331 74339 104
74336 74355 138
74363 74395 127
74384 74407 276
74398 74442 68
74418 74436 6
74418 74429 72
74435 74479 51
74435 74463 272
74451 74464 93
74479 74527 138
74505 74522 284
74525 74530 214
74528 74535 127
74558 74577 172
74572 74613 189
74584 74631 292
74591 74640 166
74601 74620 276
74605 74608 88
74619 74625 164
74640 74668 203
74647 74681 272
74669 74709 295
74693 74715 79
74695 74724 80
74721 74761 260
74750 74795 36
74773 74778 156
74790 74794 59
74798 74816 263
74823 74838 14
74839 74870 253
74869 74886 133
74896 74933 101
74915 74916 187
74937 74951 34
74944 74968 178
74958 74989 127
74959 74983 232
74968 74987 1
74982 75000 184
75005 75035 152
75034 75076 28
75040 75050 144
75054 75084 130
75067 75088 260
75068 75112 157
75093 75118 81
75114 75130 297
75117 75163 145
75135 75178 218
75159 75183 166
75183 75204 266
75196 75243 284
75197 75213 264
75210 75257 68
75228 75256 268
75232 75252 215
75252 75277 271
75274 75323 244
75281 75316 276
75303 75311 56
75321 75331 266
75340 75352 250
75342 75377 16
75359 75394 172
75379 75418 295
75389 75425 133
75419 75467 78
