5000
17 20 109
36 54 127
40 60 77
52 92 9
55 80 68
66 85 66
93 95 270
119 131 132
139 160 80
139 181 119
162 205 70
191 208 106
203 225 250
219 261 243
237 257 86
250 275 263
267 310 171
295 323 263
307 343 78
327 337 296
328 334 10
329 370 92
342 349 26
368 410 147
377 421 129
381 415 38
383 406 283
398 433 67
421 448 50
441 487 207
450 453 217
471 474 189
480 529 122
489 512 254
497 505 210
500 519 126
513 529 234
537 547 193
555 585 145
580 605 299
595 638 105
607 633 77
619 662 31
646 666 125
668 702 183
687 704 98
704 739 55
732 764 144
752 770 139
778 818 146
787 836 54
801 817 176
829 868 221
850 898 186
876 922 76
899 928 167
908 911 150
920 949 118
933 973 257
944 959 131
974 1008 246
998 1043 131
1016 1019 285
1032 1049 189
1034 1072 300
1036 1080 164
1058 1091 128
1071 1091 160
1095 1112 237
1111 1147 161
1128 1152 77
1149 1151 139
1162 1192 147
1164 1181 177
1189 1230 150
1201 1225 292
1214 1254 174
1232 1281 73
1232 1248 204
1248 1256 235
1260 1308 12
1260 1290 291
1290 1308 12
1311 1358 208
1328 1352 187
1330 1342 184
1350 1384 186
1378 1387 31
1407 1423 240
1435 1455 46
1464 1486 281
1474 1514 253
1501 1534 238
1516 1566 268
1529 1541 108
1549 1559 61
1560 1577 289
1587 1623 260
1595 1609 276
1606 1652 67
1629 1664 142
1632 1636 158
1641 1651 142
1644 1679 134
1645 1667 198
1661 1666 182
1676 1700 275
1681 1682 67
1701 1736 47
1728 1755 290
1753 1776 171
1765 1803 246
1779 1789 127
1783 1822 203
1790 1816 115
1790 1818 287
1810 1812 41
1825 1829 187
1830 1855 145
1836 1849 48
1858 1896 249
1877 1922 157
1892 1930 239
1910 1923 99
1933 1950 297
1940 1968 275
1961 1990 62
1979 1982 82
2004 2017 114
2033 2046 263
2060 2069 189
2087 2112 17
2117 2137 203
2130 2155 181
2140 2162 219
2153 2160 42
2181 2198 7
2205 2211 11
2215 2220 225
2226 2228 77
2236 2243 236
2263 2265 95
2292 2324 58
2315 2340 45
2318 2323 253
2346 2360 73
2363 2412 229
2386 2396 293
2396 2433 67
2416 2426 20
2421 2448 88
2448 2470 263
2477 2496 81
2505 2527 105
2532 2534 271
2532 2563 212
2550 2597 177
2554 2586 200
2577 2578 288
2594 2596 169
2603 2614 83
2621 2645 239
2628 2675 78
2636 2644 244
2650 2662 256
2676 2708 41
2694 2739 177
2711 2738 52
2736 2782 218
2754 2786 271
2780 2818 21
2782 2799 276
2811 2859 163
2837 2885 222
2867 2907 257
2888 2933 148
2890 2920 85
2895 2926 223
2900 2907 98
2902 2935 297
2911 2927 78
2929 2942 211
2955 2983 203
2962 2999 182
2987 3023 244
3004 3048 203
3031 3034 295
3032 3077 263
3055 3066 173
3081 3094 113
3102 3125 162
3122 3140 153
3143 3150 204
3152 3201 40
3162 3181 244
3176 3220 93
3186 3213 130
3190 3230 264
3199 3201 116
3228 3249 216
3242 3287 135
3258 3279 1
3270 3294 21
3272 3278 32
3280 3290 153
3289 3290 181
3302 3322 120
3306 3330 229
3329 3371 9
3337 3344 262
3365 3373 202
3379 3388 262
3403 3446 225
3417 3429 133
3441 3465 263
3452 3465 3
3461 3504 48
3468 3484 114
3493 3515 195
3508 3546 156
3526 3568 63
3528 3544 194
3533 3581 62
3543 3553 295
3560 3599 289
3568 3600 6
3574 3598 18
3597 3624 208
3599 3615 54
3628 3641 90
3645 3681 3
3675 3710 246
3683 3696 41
3711 3740 261
3733 3768 127
3760 3796 147
3766 3780 148
3767 3816 14
3781 3829 261
3796 3812 213
3800 3805 16
3812 3856 38
3820 3825 232
3826 3868 139
3829 3865 175
3833 3837 84
3836 3865 177
3844 3883 290
3848 3891 3
3870 3912 48
3871 3882 111
3899 3949 206
3913 3920 235
3919 3962 283
3934 3948 224
3951 3970 85
3966 4008 116
3971 3990 16
3980 3999 86
3984 4025 86
4008 4021 299
4018 4033 55
4039 4084 2
4039 4075 76
4065 4083 29
4075 4104 168
4088 4129 280
4092 4111 99
4104 4130 12
4109 4114 256
4136 4156 19
4156 4176 168
4168 4191 217
4193 4206 273
4206 4221 10
4236 4285 254
4263 4271 172
4275 4299 17
4290 4325 24
4313 4355 276
4337 4347 178
4362 4410 169
4368 4369 281
4391 4419 204
4406 4452 195
4420 4466 206
4437 4454 200
4451 4488 50
4456 4506 245
4457 4467 290
4460 4461 189
4473 4513 106
4487 4492 84
4511 4518 246
4521 4551 141
4521 4545 190
4550 4567 201
4561 4574 73
4585 4625 38
4594 4620 140
4613 4630 188
4631 4651 258
4639 4642 54
4660 4709 187
4674 4702 285
4685 4719 12
4702 4751 165
4730 4778 21
4736 4741 29
4756 4765 99
4770 4786 261
4777 4805 242
4801 4850 108
4802 4851 63
4803 4839 234
4809 4852 214
4816 4855 156
4816 4832 123
4816 4827 99
4832 4856 285
4858 4859 272
4876 4923 223
4898 4904 135
4904 4926 142
4925 4970 247
4940 4970 182
4945 4981 72
4945 4985 188
4953 4971 86
4976 5018 228
4996 5014 114
5014 5031 4
5044 5056 50
5061 5087 99
5087 5126 225
5098 5137 158
5124 5148 96
5139 5144 43
5165 5172 70
5170 5171 21
5194 5212 117
5220 5231 58
5250 5287 200
5264 5282 267
5269 5305 126
5271 5283 137
5275 5293 182
5302 5345 40
5303 5343 63
5333 5344 266
5357 5396 168
5387 5433 115
5405 5437 18
5416 5432 202
5418 5467 239
5447 5486 141
5455 5502 270
5469 5496 18
5487 5534 134
5493 5505 152
5505 5525 154
5513 5552 113
5520 5538 198
5543 5557 80
5551 5578 52
5554 5584 272
5562 5580 186
5574 5614 83
5588 5634 65
5603 5649 155
5603 5613 271
5628 5629 293
5654 5696 211
5683 5727 267
5683 5715 197
5705 5728 55
5715 5736 135
5722 5761 189
5734 5766 22
5735 5769 78
5755 5774 140
5784 5822 88
5786 5818 289
5788 5827 148
5793 5825 25
5822 5858 99
5838 5876 50
5855 5887 27
5884 5895 218
5902 5929 86
5928 5950 167
5957 5980 97
5981 5997 221
5986 6030 9
5993 6000 17
6021 6023 229
6040 6062 14
6042 6078 126
6054 6062 108
6079 6123 283
6082 6091 195
6084 6121 137
6113 6141 203
6119 6137 234
6129 6160 28
6138 6174 289
6140 6159 97
6146 6150 136
6173 6182 26
6197 6239 201
6212 6233 298
6223 6224 233
6252 6258 32
6254 6276 264
6263 6307 106
6283 6298 213
6296 6308 230
6312 6337 201
6312 6316 32
6333 6367 253
6342 6347 241
6353 6381 261
6367 6406 117
6385 6418 127
6404 6414 204
6414 6424 16
6425 6462 64
6449 6494 251
6473 6508 111
6496 6530 80
6521 6567 34
6543 6555 231
6552 6593 226
6570 6592 73
6573 6595 178
6586 6602 214
6596 6620 299
6611 6632 137
6625 6662 64
6655 6683 3
6666 6716 45
6688 6713 71
6695 6715 185
6719 6753 134
6740 6759 38
6753 6800 137
6774 6812 67
6778 6780 217
6781 6797 252
6811 6817 211
6835 6848 140
6845 6869 166
6875 6925 162
6885 6925 105
6901 6911 190
6930 6980 258
6949 6967 78
6972 6977 109
6992 7006 77
6995 7042 296
7000 7017 123
7018 7043 49
7023 7051 78
7032 7054 132
7049 7080 137
7076 7115 1
7095 7118 12
7104 7149 193
7122 7142 59
7124 7174 226
7138 7173 299
7161 7189 39
7183 7200 144
7202 7245 113
7229 7239 292
7250 7295 1
7260 7276 254
7280 7282 127
7283 7291 84
7295 7299 59
7301 7345 38
7319 7345 128
7348 7367 191
7369 7397 272
7382 7424 29
7402 7421 164
7418 7427 169
7419 7429 249
7432 7454 191
7462 7509 221
7462 7493 83
7470 7491 89
7486 7530 227
7508 7549 161
7525 7533 203
7531 7536 62
7557 7606 208
7561 7572 277
7566 7615 49
7590 7596 83
7605 7617 52
7612 7629 266
7614 7644 89
7614 7644 214
7628 7677 22
7656 7683 85
7662 7692 190
7676 7725 179
7678 7718 89
7699 7733 125
7721 7752 110
7736 7750 278
7746 7765 173
7770 7788 220
7796 7811 277
7824 7842 42
7825 7863 231
7851 7860 95
7870 7875 266
7900 7939 75
7917 7967 222
7932 7939 209
7957 7995 19
7974 7981 117
7994 8005 139
8023 8027 196
8028 8042 170
8034 8045 277
8044 8086 201
8055 8059 139
8082 8125 42
8087 8102 213
8089 8111 253
8100 8116 299
8118 8135 19
8139 8183 283
8164 8191 131
8191 8218 247
8198 8237 258
8205 8227 294
8235 8247 288
8235 8260 292
8253 8279 56
8271 8308 276
8278 8287 286
8284 8296 52
8297 8322 299
8298 8321 189
8317 8347 78
8323 8332 248
8326 8369 202
8344 8355 188
8366 8381 5
8384 8420 285
8395 8398 246
8395 8443 166
8401 8433 285
8424 8435 202
8441 8457 218
8458 8497 6
8470 8493 129
8478 8487 250
8489 8517 146
8516 8553 195
8521 8534 10
8525 8557 166
8550 8594 143
8577 8625 15
8580 8628 194
8584 8597 119
8611 8656 17
8638 8672 104
8650 8656 77
8658 8693 54
8687 8721 136
8694 8707 267
8700 8720 121
8723 8749 32
8725 8739 182
8726 8732 206
8746 8747 124
8753 8773 30
8765 8804 51
8785 8817 251
8812 8838 189
8820 8839 35
8829 8858 258
8846 8868 296
8850 8854 84
8853 8879 22
8854 8901 50
8855 8873 40
8882 8890 125
8910 8933 127
8916 8936 8
8935 8954 118
8939 8950 152
8966 8993 209
8968 8991 273
8974 8984 51
9001 9029 173
9013 9026 50
9026 9035 205
9034 9068 128
9038 9049 35
9063 9098 162
9089 9128 284
9118 9128 141
9130 9144 43
9142 9190 109
9164 9188 37
9172 9208 93
9179 9183 241
9200 9202 294
9203 9207 17
9220 9266 22
9238 9272 118
9263 9277 151
9274 9306 84
9294 9313 235
9303 9345 213
9326 9351 291
9349 9358 102
9365 9408 249
9390 9434 296
9400 9431 275
9400 9436 213
9401 9405 76
9428 9467 214
9444 9462 90
9472 9485 261
9489 9521 35
9506 9538 175
9534 9574 261
9564 9605 291
9568 9572 82
9579 9607 263
9603 9644 158
9625 9642 50
9648 9676 300
9672 9714 296
9694 9734 24
9698 9704 258
9711 9715 41
9712 9742 27
9713 9738 34
9728 9770 110
9731 9772 246
9731 9756 157
9739 9764 138
9747 9792 234
9768 9769 159
9782 9822 183
9784 9817 59
9787 9821 148
9805 9848 74
9806 9825 218
9815 9847 106
9843 9868 153
9849 9882 41
9879 9901 198
9888 9937 96
9888 9920 50
9916 9936 179
9929 9955 68
9949 9974 179
9956 9977 208
9959 9990 259
9980 10016 170
10007 10025 135
10036 10066 252
10063 10089 27
10074 10095 57
10081 10094 39
10104 10130 20
10114 10151 97
10130 10147 88
10159 10173 287
10164 10211 253
10178 10209 231
10187 10198 13
10200 10206 48
10222 10235 124
10235 10282 263
10253 10294 132
10262 10287 159
10263 10294 274
10276 10282 277
10301 10317 297
10302 10308 176
10309 10318 185
10319 10361 239
10340 10389 170
10346 10369 8
10372 10374 189
10379 10416 211
10389 10392 146
10399 10406 160
10425 10470 208
10439 10442 104
10453 10481 8
10470 10476 50
10474 10497 185
10488 10515 160
10493 10539 236
10511 10526 37
10534 10584 52
10547 10593 297
10556 10599 15
10586 10615 201
10608 10652 120
10631 10637 162
10646 10679 131
10653 10699 285
10671 10695 27
10687 10703 254
10711 10739 106
10740 10748 48
10762 10795 164
10777 10789 203
10782 10784 71
10804 10821 220
10813 10814 179
10839 10849 48
10845 10854 181
10851 10882 99
10864 10904 149
10884 10916 1
10903 10914 102
10910 10918 209
10919 10959 54
10939 10982 294
10965 10991 146
10986 11032 134
10995 11020 257
11012 11060 287
11031 11058 229
11055 11072 44
11066 11075 38
11085 11091 2
11101 11119 167
11122 11156 223
11129 11133 18
11150 11181 153
11164 11186 163
11180 11217 165
11190 11231 179
11197 11200 96
11224 11258 290
11246 11248 74
11273 11279 36
11280 11311 26
11293 11341 257
11309 11332 140
11319 11325 205
11326 11337 129
11346 11390 101
11357 11358 241
11359 11384 136
11375 11376 58
11396 11446 27
11421 11425 89
11425 11452 29
11455 11487 230
11474 11484 186
11488 11530 221
11495 11540 232
11507 11528 35
11536 11555 51
11565 11604 278
11577 11598 6
11597 11643 160
11623 11630 156
11653 11679 238
11678 11716 111
11708 11709 24
11717 11732 290
11733 11768 78
11741 11773 105
11753 11769 260
11764 11805 109
11783 11811 79
11806 11856 85
11827 11860 118
11829 11836 221
11840 11865 94
11855 11898 2
11862 11900 220
11870 11871 162
11877 11920 170
11880 11923 287
11893 11896 52
11916 11957 54
11940 11973 138
11958 11965 111
11970 12004 290
12000 12003 250
12014 12048 171
12030 12080 194
12041 12046 262
12050 12100 113
12063 12092 54
12090 12102 68
12109 12154 31
12130 12149 132
12139 12157 199
12155 12172 136
12181 12206 218
12191 12233 183
12199 12224 147
12206 12212 150
12215 12246 154
12238 12275 284
12252 12269 98
12270 12316 110
12275 12293 2
12292 12322 291
12309 12311 246
12313 12341 136
12320 12361 133
12322 12363 2
12325 12354 167
12354 12367 105
12367 12403 258
12373 12376 96
12400 12420 138
12425 12452 182
12428 12466 141
12441 12483 27
12441 12461 204
12463 12512 114
12474 12500 136
12478 12516 108
12486 12492 132
12498 12532 103
12517 12518 60
12546 12596 16
12562 12589 27
12570 12588 27
12582 12624 226
12600 12646 91
12603 12653 216
12618 12659 105
12646 12696 258
12655 12674 96
12657 12680 235
12687 12699 44
12709 12741 157
12735 12738 114
12765 12809 22
12775 12820 81
12780 12817 53
12784 12803 50
12797 12798 108
12809 12852 88
12809 12820 236
12820 12848 46
12833 12865 279
12835 12846 143
12858 12904 11
12858 12865 175
12863 12901 158
12875 12910 293
12886 12920 57
12892 12933 280
12920 12921 269
12948 12982 93
12958 12967 108
12973 13011 275
13002 13023 212
13017 13028 106
13020 13030 170
13047 13054 219
13077 13108 124
13090 13095 91
13120 13135 288
13129 13146 119
13156 13159 295
13161 13174 219
13182 13211 98
13198 13224 236
13203 13215 104
13210 13232 16
13230 13270 195
13239 13266 207
13255 13302 74
13267 13317 126
13288 13311 2
13315 13357 38
13330 13363 168
13338 13342 73
13368 13417 37
13395 13420 198
13416 13441 221
13426 13437 174
13434 13460 89
13447 13486 231
13463 13469 60
13480 13506 243
13503 13515 215
13503 13540 24
13518 13563 116
13523 13572 255
13534 13583 104
13554 13590 244
13560 13582 243
13562 13574 60
13564 13600 228
13567 13585 147
13586 13634 74
13597 13602 199
13604 13642 22
13615 13621 221
13645 13675 137
13666 13670 279
13682 13693 249
13683 13704 164
13693 13705 18
13707 13750 270
13728 13774 161
13736 13742 83
13764 13797 270
13770 13787 193
13778 13801 77
13787 13832 232
13805 13836 187
13835 13851 245
13858 13908 44
13874 13879 136
13895 13942 90
13900 13939 223
13908 13934 211
13930 13953 197
13934 13973 103
13951 13962 180
13971 13999 291
13973 13977 247
13973 13980 263
13979 14019 237
14003 14039 11
14004 14013 57
14015 14041 195
14030 14077 218
14051 14067 211
14055 14083 32
14079 14112 179
14108 14124 212
14108 14153 288
14129 14160 3
14129 14136 203
14141 14174 131
14164 14195 255
14165 14185 181
14192 14195 11
14207 14245 274
14237 14249 272
14257 14269 78
14269 14299 232
14296 14332 95
14298 14326 129
14315 14340 266
14320 14354 160
14327 14371 225
14344 14352 196
14346 14381 37
14350 14352 81
14365 14415 276
14377 14384 271
14381 14408 205
14390 14399 55
14415 14464 133
14422 14431 197
14438 14459 290
14451 14465 117
14453 14463 149
14469 14472 232
14469 14497 146
14481 14517 259
14497 14505 27
14504 14538 46
14534 14558 46
14537 14579 278
14567 14575 243
14584 14608 176
14585 14587 100
14614 14634 79
14641 14665 7
14662 14678 165
14675 14701 18
14698 14730 240
14723 14766 245
14724 14745 101
14752 14796 44
14758 14782 111
14775 14783 66
14795 14824 291
14809 14818 57
14837 14864 217
14845 14857 296
14849 14892 162
14851 14863 44
14876 14885 285
14882 14904 182
14912 14947 212
14917 14929 265
14935 14948 172
14948 14967 16
14959 14986 55
14987 15031 274
15005 15033 122
15009 15049 256
15028 15065 262
15029 15079 281
15036 15039 65
15058 15072 146
15082 15130 198
15094 15104 272
15106 15146 201
15114 15125 265
15125 15167 98
15154 15193 29
15158 15162 210
15180 15183 22
15185 15224 128
15196 15233 211
15207 15245 72
15225 15260 74
15251 15260 42
15260 15305 228
15280 15309 75
15301 15309 106
15314 15327 205
15338 15375 111
15363 15413 272
15372 15411 248
15395 15428 221
15408 15441 45
15432 15477 42
15445 15482 210
15475 15489 65
15482 15521 129
15503 15534 203
15507 15537 19
15533 15556 219
15556 15606 207
15558 15578 182
15574 15584 55
15603 15621 221
15622 15640 140
15625 15637 56
15636 15639 189
15652 15656 256
15666 15683 16
15675 15697 206
15695 15738 5
15695 15724 51
15719 15720 149
15731 15734 96
15756 15801 165
15779 15822 143
15799 15846 191
15824 15848 25
15843 15873 285
15865 15905 179
15881 15930 259
15886 15910 224
15886 15896 237
15913 15937 159
15941 15958 161
15967 16002 149
15995 16043 21
16000 16035 2
16007 16045 59
16014 16045 19
16044 16060 154
16070 16079 70
16087 16097 196
16099 16128 214
16111 16118 154
16111 16160 230
16138 16181 274
16153 16179 252
16162 16169 160
16187 16226 94
16207 16215 299
16224 16236 258
16246 16272 89
16275 16311 286
16282 16316 245
16307 16333 263
16323 16368 31
16336 16362 36
16340 16352 162
16340 16380 198
16346 16347 17
16360 16389 175
16376 16381 254
16401 16433 77
16412 16417 119
16428 16477 135
16454 16486 295
16484 16502 164
16503 16519 205
16506 16520 176
16522 16555 110
16527 16532 98
16557 16572 70
16566 16572 99
16585 16588 199
16612 16622 202
16621 16660 66
16636 16650 110
16663 16699 186
16666 16691 89
16670 16715 190
16677 16689 71
16697 16743 293
16708 16750 129
16734 16762 13
16744 16779 205
16755 16770 161
16773 16787 287
16792 16833 192
16810 16849 133
16838 16886 287
16851 16858 227
16855 16888 214
16884 16898 35
16899 16920 142
16921 16967 32
16934 16939 225
16936 16982 33
16955 16975 271
16961 17003 108
16966 17010 266
16986 17033 120
17001 17027 217
17021 17040 219
17051 17055 187
17064 17114 295
17064 17093 281
17066 17069 192
17073 17077 203
17077 17118 286
17090 17094 250
17118 17140 128
17136 17179 280
17165 17181 91
17179 17221 142
17193 17220 273
17201 17251 264
17217 17254 196
17239 17271 39
17268 17308 144
17275 17278 191
17276 17313 166
17300 17342 168
17313 17334 2
17321 17354 49
17337 17376 183
17367 17407 207
17376 17383 219
17380 17417 137
17400 17437 45
17420 17459 288
17433 17440 140
17450 17453 159
17452 17480 259
17456 17475 82
17478 17514 198
17496 17539 128
17497 17526 76
17501 17528 295
17518 17532 99
17531 17548 44
17561 17570 257
17579 17623 217
17580 17591 255
17595 17644 34
17605 17608 227
17622 17629 120
17651 17697 291
17657 17707 61
17666 17679 165
17674 17693 18
17697 17724 13
17720 17739 44
17734 17765 11
17747 17767 144
17771 17808 32
17790 17804 112
17797 17813 104
17813 17819 248
17827 17864 300
17836 17861 148
17847 17859 157
17851 17869 124
17866 17915 6
17870 17904 128
17870 17910 286
17899 17920 74
17913 17919 290
17916 17956 55
17934 17962 269
17954 17987 131
17958 18002 2
17985 17996 299
17999 18017 101
18024 18059 153
18032 18070 266
18059 18093 1
18060 18077 246
18089 18114 272
18108 18138 271
18110 18112 44
18130 18154 156
18132 18156 9
18137 18145 209
18142 18168 159
18169 18197 120
18178 18198 25
18186 18194 210
18201 18251 165
18228 18244 235
18256 18301 13
18272 18278 207
18302 18345 282
18315 18338 97
18325 18344 232
18332 18346 43
18362 18366 129
18363 18402 121
18372 18388 245
18402 18407 184
18422 18429 164
18429 18450 225
18452 18490 120
18469 18493 262
18484 18513 114
18484 18518 179
18514 18525 72
18516 18526 251
18529 18561 115
18558 18571 47
18586 18611 185
18603 18635 167
18630 18673 43
18647 18667 299
18671 18672 70
18672 18713 73
18702 18750 197
18732 18767 288
18753 18756 258
18773 18776 162
18781 18821 32
18791 18823 204
18800 18824 269
18825 18858 61
18844 18874 68
18870 18896 174
18879 18892 178
18904 18928 201
18924 18959 40
18928 18952 64
18931 18971 7
18932 18933 27
18938 18973 21
18945 18983 103
18955 18966 275
18973 18995 40
18988 18999 116
18998 19038 142
19026 19031 240
19048 19056 255
19050 19058 294
19075 19114 269
19100 19140 286
19117 19150 36
19119 19152 195
19129 19176 265
19144 19194 86
19173 19202 204
19195 19210 289
19221 19265 131
19222 19249 197
19252 19263 101
19280 19324 194
19288 19335 67
19305 19322 77
19310 19311 45
19313 19341 221
19323 19364 252
19346 19394 168
19364 19375 98
19370 19417 240
19395 19445 186
19410 19413 246
19439 19458 264
19445 19476 146
19465 19487 133
19488 19507 50
19502 19552 221
19513 19527 252
19519 19522 49
19526 19541 48
19526 19571 74
19545 19559 239
19553 19571 253
19553 19598 3
19567 19583 262
19594 19641 226
19594 19624 278
19607 19608 192
19626 19674 108
19653 19668 137
19654 19690 206
19655 19671 3
19665 19709 181
19690 19715 273
19695 19702 206
19721 19722 193
19751 19779 16
19775 19815 46
19776 19799 84
19788 19831 15
19796 19805 278
19809 19816 138
19837 19874 91
19842 19850 231
19869 19889 122
19871 19885 154
19892 19903 221
19893 19930 193
19922 19968 246
19939 19979 149
19951 19991 77
19952 19997 104
19974 20003 262
20004 20050 83
20025 20075 266
20031 20059 38
20043 20059 19
20052 20086 146
20055 20071 78
20055 20088 94
20065 20071 110
20080 20098 290
20107 20128 248
20119 20140 35
20124 20151 175
20140 20155 175
20162 20182 165
20188 20195 189
20218 20233 201
20230 20271 250
20241 20270 177
20242 20246 223
20251 20296 213
20260 20309 209
20268 20279 236
20285 20293 171
20314 20339 224
20321 20370 256
20349 20397 248
20378 20389 99
20408 20429 195
20431 20466 215
20445 20456 222
20466 20480 43
20491 20525 246
20500 20532 37
20527 20548 186
20552 20589 18
20577 20591 174
20581 20592 88
20589 20622 136
20599 20625 268
20618 20621 300
20632 20674 113
20657 20658 234
20674 20716 257
20679 20711 157
20702 20745 1
20725 20732 92
20751 20777 68
20753 20801 92
20755 20779 9
20769 20770 219
20773 20785 28
20795 20845 147
20805 20829 93
20825 20830 131
20843 20860 175
20856 20898 159
20856 20865 295
20882 20914 185
20896 20916 290
20909 20933 182
20929 20954 111
20944 20974 294
20960 21006 166
20980 21018 227
20992 21040 46
21020 21066 285
21031 21050 15
21040 21066 152
21055 21070 218
21080 21101 150
21097 21124 295
21101 21117 60
21117 21154 172
21134 21150 142
21139 21189 300
21140 21153 277
21153 21163 198
21156 21167 99
21171 21176 97
21200 21208 265
21218 21241 108
21224 21232 142
21241 21265 143
21257 21273 238
21285 21335 58
21294 21338 126
21316 21321 210
21335 21361 166
21353 21363 153
21367 21375 259
21374 21407 113
21386 21435 119
21388 21418 287
21400 21406 62
21415 21461 193
21424 21437 274
21450 21465 260
21473 21478 21
21481 21493 44
21499 21512 251
21501 21539 55
21507 21529 160
21519 21551 241
21536 21556 113
21540 21586 105
21569 21578 282
21598 21601 194
21611 21645 295
21622 21642 29
21631 21658 101
21647 21663 89
21674 21708 33
21690 21727 198
21710 21757 294
21719 21726 16
21743 21755 79
21756 21801 275
21781 21829 131
21787 21803 75
21814 21860 218
21822 21868 115
21848 21873 65
21870 21910 64
21878 21906 276
21881 21906 205
21895 21910 265
21910 21932 91
21930 21935 161
21949 21986 285
21960 21987 59
21985 22023 72
21992 21996 285
22004 22030 294
22024 22035 92
22047 22049 76
22070 22099 50
22076 22080 235
22100 22114 189
22114 22147 274
22118 22128 103
22148 22198 294
22169 22213 245
22187 22232 238
22192 22223 17
22204 22221 263
22208 22229 30
22220 22248 274
22220 22223 120
22229 22255 171
22257 22283 267
22263 22264 5
22281 22299 273
22289 22298 26
22300 22313 13
22329 22370 294
22341 22374 140
22349 22350 209
22377 22398 293
22396 22419 46
22410 22442 52
22420 22426 177
22438 22457 97
22460 22485 23
22476 22492 41
22496 22497 4
22514 22564 143
22544 22567 224
22545 22563 252
22565 22582 175
22571 22580 254
22577 22609 220
22590 22616 6
22616 22655 96
22629 22649 19
22635 22654 118
22637 22654 51
22666 22695 49
22685 22710 184
22687 22708 150
22707 22710 134
22716 22729 238
22727 22730 149
22751 22790 107
22760 22782 156
22775 22813 299
22775 22799 235
22801 22837 107
22827 22864 138
22833 22880 148
22846 22848 242
22863 22910 277
22890 22906 141
22916 22948 208
22923 22960 292
22939 22955 186
22966 23005 57
22976 22990 59
22977 22987 205
22993 23025 131
23011 23025 20
23019 23029 77
23032 23036 83
23051 23054 74
23069 23119 266
23098 23110 252
23127 23135 167
23129 23136 127
23147 23176 117
23153 23177 146
23157 23201 42
23179 23210 91
23193 23228 232
23199 23204 276
23210 23227 190
23232 23249 286
23252 23285 292
23260 23308 280
23285 23332 56
23308 23318 21
23325 23344 117
23332 23345 48
23350 23384 278
23364 23410 292
23393 23402 222
23406 23412 80
23435 23478 70
23447 23478 54
23449 23453 122
23458 23472 94
23459 23502 213
23474 23509 60
23492 23505 99
23496 23528 85
23508 23531 78
23524 23529 227
23529 23565 14
23558 23560 80
23580 23618 32
23584 23634 222
23610 23621 154
23623 23630 86
23648 23676 241
23677 23680 247
23691 23721 250
23692 23731 135
23696 23707 184
23722 23758 218
23743 23761 92
23751 23794 12
23773 23820 176
23784 23796 216
23810 23841 166
23826 23868 262
23836 23844 122
23841 23884 69
23847 23888 209
23851 23900 104
23852 23895 121
23867 23897 205
23874 23897 108
23889 23896 285
23898 23925 280
23917 23956 75
23918 23957 91
23926 23955 201
23956 24001 141
23980 23990 25
24005 24038 131
24026 24074 187
24034 24061 82
24034 24081 95
24062 24099 168
24068 24096 279
24091 24141 231
24102 24115 31
24112 24139 9
24122 24147 110
24123 24165 33
24137 24184 161
24151 24159 148
24170 24197 141
24181 24199 242
24181 24205 142
24181 24228 49
24185 24186 208
24198 24245 191
24206 24228 85
24219 24269 132
24234 24283 140
24255 24288 66
24283 24296 199
24285 24330 187
24299 24307 296
24300 24304 213
24305 24337 85
24318 24353 217
24348 24381 53
24356 24363 176
24377 24383 22
24384 24428 81
24399 24443 108
24429 24434 294
24437 24446 263
24465 24490 65
24494 24515 21
24501 24537 98
24521 24570 222
24538 24569 57
24539 24583 237
24563 24600 282
24566 24568 289
24577 24608 119
24578 24622 199
24594 24636 267
24610 24620 98
24625 24658 219
24650 24667 43
24650 24688 131
24657 24670 131
24669 24678 271
24698 24710 36
24712 24714 132
24739 24778 238
24766 24810 200
24786 24823 282
24815 24863 152
24845 24894 35
24854 24861 195
24869 24919 144
24876 24913 262
24885 24931 185
24900 24927 42
24914 24942 14
24933 24944 230
24962 24985 115
24977 25021 178
24984 25020 268
25006 25025 31
25014 25015 177
25024 25045 51
25027 25039 298
25044 25064 46
25063 25079 167
25063 25103 38
25071 25095 176
25080 25090 99
25083 25110 265
25087 25122 229
25107 25122 175
25114 25151 83
25121 25166 272
25130 25140 200
25151 25167 86
25174 25190 86
25192 25239 64
25221 25254 120
25228 25229 65
25246 25254 87
25251 25280 138
25265 25313 276
25267 25300 80
25277 25313 297
25279 25293 154
25290 25302 77
25297 25331 162
25305 25331 37
25317 25340 222
25322 25342 281
25324 25328 146
25354 25402 74
25362 25363 253
25364 25401 220
25381 25428 254
25402 25413 213
25423 25435 292
25437 25482 217
25462 25487 100
25462 25510 183
25475 25505 226
25477 25524 110
25484 25522 161
25505 25543 72
25508 25533 245
25527 25545 58
25527 25577 7
25552 25567 275
25552 25601 32
25578 25610 86
25583 25606 19
25587 25604 226
25605 25638 249
25612 25648 75
25616 25626 53
25617 25629 114
25621 25671 114
25621 25650 23
25651 25701 59
25658 25671 191
25679 25695 30
25706 25743 196
25729 25761 248
25750 25762 242
25757 25759 163
25762 25781 274
25786 25787 132
25801 25839 190
25807 25851 161
25823 25837 124
25841 25866 123
25871 25921 15
25875 25882 41
25877 25908 224
25897 25903 20
25911 25930 113
25934 25935 58
25935 25941 49
25938 25940 147
25958 25993 50
25980 26024 95
26001 26043 125
26011 26023 121
26024 26057 262
26052 26054 140
26060 26090 14
26061 26079 43
26084 26087 253
26101 26124 93
26114 26138 297
26125 26154 104
26149 26160 189
26177 26219 33
26195 26227 231
26204 26216 173
26229 26271 58
26258 26261 186
26284 26313 248
26299 26317 106
26304 26329 17
26310 26328 83
26310 26350 1
26319 26320 254
26343 26368 260
26350 26396 192
26376 26423 139
26395 26397 20
26397 26407 216
26421 26431 259
26440 26472 204
26458 26482 135
26485 26519 146
26502 26509 3
26516 26536 229
26544 26593 128
26574 26595 182
26585 26592 289
26589 26624 178
26595 26629 266
26618 26626 180
26641 26689 143
26643 26661 46
26649 26653 87
26678 26713 117
26699 26731 63
26714 26745 218
26719 26734 229
26745 26788 231
26769 26814 180
26780 26811 282
26801 26827 39
26819 26840 174
26830 26871 116
26844 26886 282
26854 26875 271
26862 26906 43
26871 26874 182
26885 26897 181
26903 26953 83
26908 26946 171
26927 26973 139
26933 26983 245
26957 26964 206
26962 27000 12
26965 27010 35
26987 27011 256
27011 27013 228
27022 27025 298
27046 27051 269
27054 27055 132
27070 27094 290
27098 27128 213
27109 27116 98
27130 27135 286
27157 27179 114
27179 27206 243
27195 27196 121
27215 27227 56
27234 27262 178
27251 27280 131
27278 27314 245
27302 27333 217
27303 27349 69
27313 27348 206
27341 27344 198
27360 27394 243
27363 27376 214
27381 27412 105
27410 27458 265
27433 27457 159
27437 27438 114
27441 27467 188
27453 27478 95
27478 27523 113
27484 27528 156
27497 27542 191
27513 27541 292
27541 27588 70
27567 27593 161
27576 27594 214
27587 27609 105
27598 27617 122
27606 27642 192
27635 27640 44
27635 27649 32
27644 27667 15
27644 27676 184
27659 27698 266
27671 27674 108
27689 27731 213
27698 27717 201
27722 27764 291
27734 27781 216
27756 27776 135
27768 27792 273
27788 27835 113
27802 27810 275
27812 27831 243
27823 27829 153
27849 27877 119
27849 27855 293
27877 27903 122
27882 27916 169
27911 27931 83
27933 27957 261
27959 27972 296
27979 28005 263
27991 27995 298
27991 28036 88
28021 28049 112
28049 28085 286
28049 28077 6
28079 28116 250
28098 28105 192
28110 28112 109
28128 28173 263
28132 28180 137
28146 28187 102
28153 28200 222
28174 28211 186
28198 28241 172
28203 28205 7
28228 28270 37
28240 28265 91
28243 28285 229
28245 28248 179
28255 28299 146
28272 28280 211
28276 28299 129
28281 28324 218
28294 28324 292
28317 28344 80
28317 28337 162
28337 28362 64
28337 28348 240
28347 28362 280
28353 28388 178
28353 28403 211
28358 28393 90
28387 28391 25
28396 28436 117
28400 28441 122
28413 28415 52
28425 28472 126
28437 28469 195
28440 28446 283
28456 28501 219
28463 28500 262
28478 28514 198
28507 28519 255
28511 28537 204
28519 28544 99
28535 28557 228
28543 28581 269
28573 28616 155
28598 28647 211
28604 28626 32
28610 28620 42
28638 28688 57
28655 28680 276
28673 28678 100
28700 28723 93
28713 28734 37
28735 28766 102
28753 28773 193
28783 28831 132
28802 28847 95
28806 28827 134
28824 28829 62
28830 28850 263
28835 28839 96
28850 28868 167
28851 28852 287
28863 28882 18
28892 28914 136
28916 28921 4
28918 28935 147
28948 28967 203
28978 28983 24
28998 29029 246
29012 29032 17
29040 29070 182
29060 29102 55
29060 29100 36
29070 29112 267
29081 29116 162
29087 29107 211
29117 29127 18
29141 29189 41
29162 29192 148
29186 29211 140
29213 29233 170
29220 29258 297
29246 29250 108
29272 29319 275
29287 29299 117
29316 29329 249
29320 29360 245
29324 29359 48
29350 29383 254
29364 29376 287
29392 29436 231
29415 29434 218
29437 29447 12
29444 29491 37
29461 29469 235
29471 29487 243
29473 29497 232
29491 29504 174
29509 29541 261
29510 29547 251
29514 29545 233
29529 29575 3
29558 29577 137
29578 29597 113
29588 29614 276
29612 29615 170
29628 29675 147
29632 29666 127
29651 29686 212
29670 29720 222
29689 29733 118
29714 29720 290
29718 29755 231
29736 29764 264
29764 29810 35
29781 29803 250
29806 29817 253
29818 29860 165
29838 29876 252
29859 29897 21
29867 29914 154
29872 29877 61
29893 29927 263
29919 29957 251
29941 29958 157
29948 29962 127
29965 29968 207
29980 29986 271
30001 30038 194
30028 30075 61
30054 30071 132
30067 30095 57
30089 30105 92
30099 30116 80
30125 30162 65
30126 30141 98
30137 30178 11
30150 30198 151
30151 30176 93
30173 30201 190
30192 30226 121
30212 30256 77
30219 30221 2
30241 30264 64
30251 30269 134
30277 30282 286
30279 30298 136
30284 30294 263
30313 30315 29
30330 30361 256
30330 30362 113
30343 30361 33
30356 30369 245
30367 30400 117
30384 30413 137
30393 30409 138
30414 30462 283
30422 30462 245
30451 30483 129
30481 30508 189
30495 30521 295
30495 30497 163
30518 30549 197
30539 30568 80
30541 30572 46
30555 30567 229
30562 30607 198
30591 30606 255
30608 30648 22
30631 30647 296
30651 30700 201
30672 30717 266
30687 30691 8
30701 30733 257
30720 30752 122
30732 30742 33
30762 30802 230
30780 30823 249
30807 30839 270
30810 30821 8
30816 30829 262
30835 30841 181
30843 30893 233
30857 30874 178
30887 30909 151
30908 30915 163
30920 30964 91
30925 30948 294
30928 30961 48
30932 30963 164
30954 30994 225
30954 30968 167
30964 30981 224
30967 30968 44
30987 31034 63
30987 30996 16
31010 31036 239
31012 31060 216
31024 31074 123
31044 31081 299
31058 31077 79
31077 31119 70
31091 31117 167
31111 31153 179
31130 31169 261
31148 31170 156
31178 31210 256
31199 31213 164
31220 31227 104
31225 31254 40
31249 31258 148
31255 31285 21
31275 31280 86
31297 31324 189
31303 31310 111
31324 31345 19
31342 31349 210
31372 31395 144
31375 31406 234
31397 31409 182
31397 31406 173
31397 31409 233
31425 31474 76
31449 31455 60
31470 31490 174
31475 31503 250
31491 31514 239
31502 31503 6
31513 31557 210
31528 31540 274
31538 31577 143
31544 31591 173
31569 31606 188
31588 31632 102
31613 31654 161
31643 31689 97
31651 31656 60
31653 31656 147
31679 31709 15
31702 31741 87
31717 31727 101
31739 31771 92
31742 31754 284
31749 31773 242
31762 31774 113
31763 31776 98
31785 31825 38
31798 31814 172
31812 31833 148
31816 31842 23
31818 31828 57
31832 31870 104
31858 31861 33
31876 31897 35
31889 31919 296
31892 31933 248
31918 31944 183
31946 31977 176
31972 32007 285
32002 32034 161
32030 32053 102
32053 32059 8
32078 32086 206
32080 32088 42
32107 32125 254
32117 32167 254
32135 32176 140
32138 32176 254
32166 32200 260
32172 32183 233
32184 32211 20
32192 32232 250
32212 32262 181
32224 32246 11
32250 32267 124
32261 32296 86
32265 32272 191
32285 32286 71
32293 32306 135
32304 32333 149
32310 32336 112
32333 32376 129
32363 32413 181
32380 32428 70
32391 32424 17
32407 32442 24
32418 32454 263
32448 32493 161
32472 32507 63
32473 32491 240
32486 32504 225
32505 32551 224
32510 32524 243
32533 32538 176
32536 32579 226
32562 32595 259
32565 32606 67
32573 32590 233
32587 32628 10
32591 32624 257
32605 32624 35
32611 32630 88
32634 32669 109
32664 32681 165
32678 32693 247
32692 32724 134
32719 32764 5
32729 32779 227
32748 32775 1
32776 32784 298
32799 32817 160
32799 32805 289
32827 32852 189
32848 32887 288
32868 32869 259
32881 32911 100
32883 32889 300
32891 32921 2
32914 32949 279
32940 32947 4
32966 33004 195
32986 33002 180
32993 32998 273
33021 33070 289
33021 33027 288
33021 33058 221
33023 33058 227
33049 33052 56
33058 33082 279
33068 33116 223
33093 33111 144
33118 33143 210
33128 33133 276
33145 33174 53
33150 33177 33
33173 33187 104
33201 33245 96
33206 33208 10
33210 33238 165
33232 33239 236
33259 33276 281
33273 33282 170
33288 33313 224
33300 33328 70
33310 33319 82
33310 33312 28
33330 33360 79
33343 33388 299
33367 33368 177
33369 33406 284
33384 33397 195
33399 33424 253
33401 33404 263
33426 33466 156
33441 33471 203
33455 33482 147
33470 33483 95
33499 33531 268
33527 33539 99
33547 33550 72
33573 33606 275
33590 33616 67
33620 33647 253
33649 33692 271
33659 33691 252
33668 33697 185
33682 33711 42
33683 33729 62
33708 33749 279
33737 33738 249
33761 33774 177
33780 33808 152
33799 33847 129
33823 33825 54
33848 33850 8
33873 33904 85
33888 33896 144
33903 33907 84
33912 33937 265
33941 33977 251
33951 33984 5
33955 33961 70
33970 33996 4
33991 34036 146
34011 34034 189
34037 34058 200
34037 34043 15
34047 34075 164
34076 34104 234
34101 34146 148
34106 34149 241
34132 34158 243
34155 34184 261
34184 34220 280
34202 34209 170
34224 34258 118
34243 34281 243
34245 34289 102
34268 34282 32
34295 34316 7
34323 34331 215
34341 34380 175
34348 34349 7
34369 34399 189
34381 34420 140
34382 34400 247
34402 34408 145
34413 34420 31
34440 34453 268
34451 34455 84
34462 34495 176
34469 34485 161
34478 34489 262
34502 34518 268
34527 34530 75
34550 34592 227
34563 34572 231
34563 34570 169
34580 34609 87
34606 34611 270
34615 34639 99
34634 34648 148
34657 34661 90
34660 34676 160
34684 34704 196
34705 34755 84
34707 34754 254
34728 34773 14
34736 34754 283
34743 34783 42
34755 34773 271
34766 34776 224
34790 34835 91
34819 34868 215
34843 34852 133
34861 34872 146
34862 34875 122
34862 34867 233
34870 34897 258
34893 34896 196
34910 34941 141
34914 34947 120
34932 34945 290
34954 34961 76
34969 35010 104
34995 35023 95
34996 35032 94
35006 35054 241
35019 35031 28
35035 35066 177
35042 35068 175
35065 35078 243
35076 35123 159
35104 35135 245
35126 35131 109
35149 35197 127
35175 35214 177
35205 35249 202
35224 35229 210
35225 35271 73
35229 35277 218
35241 35243 96
35247 35262 209
35274 35305 232
35280 35293 5
35302 35317 185
35308 35318 31
35331 35341 247
35360 35380 25
35377 35412 249
35398 35428 142
35406 35446 200
35413 35420 135
35428 35442 171
35436 35467 85
35445 35453 122
35474 35503 9
35478 35499 40
35487 35521 19
35514 35525 77
35531 35544 142
35543 35580 192
35547 35578 61
35570 35589 279
35591 35607 16
35619 35620 120
35628 35665 117
35647 35681 194
35670 35718 242
35697 35742 181
35720 35755 195
35732 35738 148
35761 35782 192
35770 35776 247
35788 35807 220
35800 35843 129
35815 35823 137
35830 35841 28
35850 35866 149
35868 35907 178
35884 35886 226
35890 35896 153
35916 35918 75
35932 35971 236
35961 35984 179
35979 36028 39
35994 35997 205
36009 36013 189
36019 36027 11
36029 36075 255
36047 36071 113
36052 36081 99
36067 36116 270
36076 36117 62
36086 36119 226
36098 36102 87
36116 36127 268
36117 36124 142
36144 36184 16
36158 36185 227
36181 36223 96
36208 36234 67
36221 36270 213
36229 36240 251
36258 36281 259
36265 36294 148
36295 36306 274
36313 36352 138
36327 36328 71
36355 36391 236
36382 36427 128
36397 36443 27
36413 36454 108
36419 36427 103
36447 36488 112
36472 36521 4
36480 36496 220
36494 36544 255
36504 36518 221
36504 36510 158
36523 36571 283
36526 36571 164
36549 36554 174
36575 36584 279
36599 36634 154
36612 36644 289
36621 36631 187
36646 36657 236
36667 36668 57
36676 36696 10
36689 36739 4
36700 36733 128
36720 36767 173
36743 36751 64
36757 36777 245
36757 36781 24
36768 36793 292
36776 36789 297
36791 36831 249
36800 36835 292
36814 36833 15
36820 36840 98
36839 36868 199
36867 36907 166
36876 36904 295
36880 36907 36
36902 36930 195
36904 36948 97
36927 36974 174
36946 36971 40
36955 36994 221
36978 37009 224
36989 37003 13
36999 37030 254
37013 37063 290
37028 37052 267
37056 37100 287
37085 37133 151
37092 37136 89
37109 37126 267
37134 37175 240
37161 37190 123
37174 37190 178
37199 37225 242
37217 37223 110
37222 37261 189
37226 37272 280
37232 37261 215
37249 37293 121
37249 37254 160
37272 37281 32
37290 37302 156
37318 37358 128
37321 37347 153
37344 37377 150
37346 37390 174
37347 37352 85
37376 37415 257
37389 37415 217
37408 37458 210
37412 37443 296
37425 37429 262
37453 37499 172
37473 37477 246
37477 37497 50
37505 37518 241
37506 37510 163
37522 37524 144
37533 37566 90
37551 37596 135
37564 37577 40
37590 37636 94
37610 37640 5
37627 37632 91
37631 37656 49
37644 37649 288
37650 37651 17
37672 37720 36
37690 37727 263
37713 37756 84
37720 37734 87
37738 37770 125
37766 37782 252
37796 37810 138
37816 37831 82
37842 37884 34
37851 37875 289
37855 37886 122
37878 37918 232
37901 37905 212
37909 37950 105
37926 37932 79
37936 37940 166
37957 38003 222
37958 37996 281
37966 37978 219
37988 38007 262
38014 38045 246
38017 38019 132
38042 38046 48
38065 38083 182
38092 38105 222
38121 38163 14
38138 38187 281
38167 38182 296
38179 38199 162
38190 38225 205
38214 38242 59
38225 38226 120
38244 38276 113
38258 38280 54
38284 38320 36
38306 38314 112
38308 38351 60
38333 38346 46
38356 38377 105
38357 38397 96
38369 38385 37
38378 38393 136
38392 38432 234
38420 38426 251
38432 38477 48
38448 38485 51
38453 38460 240
38483 38521 85
38508 38521 218
38527 38534 3
38556 38576 196
38585 38603 221
38590 38622 75
38601 38633 32
38618 38622 116
38633 38680 35
38655 38692 69
38664 38697 258
38679 38701 90
38707 38723 202
38727 38762 69
38748 38784 50
38748 38787 115
38776 38798 89
38802 38820 156
38806 38820 64
38828 38848 122
38836 38862 248
38844 38858 1
38863 38899 154
38873 38893 237
38873 38879 46
38894 38918 207
38908 38924 49
38930 38945 185
38958 38969 242
38969 39011 33
38979 39024 15
38999 39030 9
39001 39051 42
39001 39010 146
39009 39029 236
39033 39036 57
39033 39041 36
39053 39058 292
39081 39105 25
39102 39114 299
39102 39145 116
39119 39164 197
39132 39141 243
39147 39186 42
39166 39208 228
39187 39217 199
39194 39210 192
39207 39242 285
39234 39264 189
39250 39269 244
39254 39292 134
39258 39289 33
39266 39280 95
39266 39277 89
39282 39315 1
39293 39299 287
39323 39364 207
39349 39357 237
39355 39371 298
39377 39415 219
39400 39406 249
39408 39437 37
39436 39463 144
39455 39504 249
39467 39485 211
39489 39496 89
39518 39535 294
39535 39541 242
39559 39587 137
39588 39621 123
39609 39623 30
39626 39630 65
39637 39655 45
39637 39646 26
39653 39699 88
39679 39702 252
39691 39694 109
39710 39725 38
39723 39731 212
39726 39768 161
39732 39741 109
39745 39750 223
39756 39781 179
39757 39760 205
39785 39795 222
39811 39842 72
39829 39849 43
39853 39883 224
39861 39895 7
39871 39892 209
39887 39935 129
39900 39935 211
39901 39902 12
39910 39958 156
39933 39965 50
39944 39964 293
39971 40019 96
39996 40014 162
40024 40060 148
40048 40060 146
40074 40085 112
40083 40108 61
40085 40124 129
40092 40123 200
40096 40136 116
40103 40140 63
40118 40163 234
40135 40180 272
40145 40156 115
40149 40171 198
40179 40192 66
40186 40230 195
40194 40220 2
40221 40234 235
40250 40272 250
40255 40272 106
40260 40306 104
40277 40284 228
40283 40325 132
40286 40325 146
40298 40333 149
40310 40344 221
40312 40318 207
40333 40339 191
40350 40392 213
40370 40399 227
40372 40407 248
40380 40416 268
40410 40414 289
40439 40451 90
40459 40503 48
40482 40500 259
40504 40542 223
40517 40543 43
40518 40536 52
40535 40538 115
40545 40556 50
40569 40580 263
40578 40587 117
40605 40608 179
40635 40641 166
40653 40661 129
40659 40695 255
40676 40710 16
40678 40686 139
40698 40730 271
40714 40764 125
40724 40758 169
40742 40776 161
40753 40771 212
40778 40827 249
40796 40843 51
40809 40837 147
40826 40868 253
40850 40893 18
40850 40862 146
40863 40865 153
40872 40880 73
40892 40909 256
40895 40920 50
40920 40952 47
40937 40977 210
40958 41002 56
40980 41009 96
40980 40983 135
41001 41037 130
41006 41013 295
41012 41053 200
41025 41067 208
41054 41058 181
41078 41090 80
41099 41140 184
41129 41135 35
41145 41170 300
41169 41191 104
41176 41221 17
41181 41205 277
41197 41212 285
41205 41233 39
41217 41245 235
41231 41251 60
41237 41270 227
41265 41301 88
41285 41307 244
41288 41294 231
41297 41310 297
41314 41340 89
41324 41369 1
41333 41337 173
41343 41380 153
41366 41381 10
41390 41415 152
41391 41426 35
41405 41411 195
41412 41431 300
41430 41476 150
41438 41472 225
41445 41481 82
41473 41516 150
41479 41528 160
41488 41537 277
41499 41502 159
41507 41530 71
41529 41561 265
41553 41603 186
41571 41620 102
41600 41612 68
41619 41652 146
41627 41660 76
41630 41678 283
41641 41669 190
41664 41708 259
41676 41706 25
41682 41711 142
41700 41730 76
41713 41755 93
41740 41762 223
41764 41781 172
41773 41780 131
41780 41814 119
41789 41812 165
41791 41802 273
41800 41801 11
41816 41825 20
41829 41845 123
41842 41888 121
41847 41865 288
41856 41876 88
41867 41886 227
41897 41902 195
41920 41961 106
41928 41977 14
41951 41981 120
41978 41987 165
41990 42004 93
42020 42047 245
42048 42085 205
42076 42097 205
42082 42128 221
42093 42123 298
42122 42171 230
42138 42139 279
42143 42154 232
42171 42202 153
42176 42194 79
42193 42199 210
42219 42247 128
42232 42279 109
42245 42258 202
42255 42295 203
42255 42277 27
42279 42316 89
42304 42349 254
42305 42315 212
42315 42362 136
42339 42367 132
42362 42381 63
42373 42405 280
42381 42412 148
42384 42385 155
42413 42417 191
42428 42475 1
42432 42464 278
42449 42467 221
42458 42503 71
42480 42483 77
42486 42517 126
42509 42553 226
42511 42534 83
42535 42577 53
42546 42567 188
42553 42594 74
42569 42584 168
42588 42613 279
42599 42626 262
42607 42643 287
42619 42631 127
42623 42664 168
42643 42680 21
42662 42704 1
42662 42693 35
42683 42724 50
42708 42733 163
42724 42754 9
42729 42776 132
42741 42781 10
42746 42758 57
42757 42793 105
42771 42813 110
42776 42785 14
42785 42834 228
42798 42821 44
42812 42850 135
42842 42888 184
42848 42854 277
42873 42896 68
42883 42932 18
42888 42932 37
42914 42917 108
42939 42957 29
42939 42962 269
42940 42974 87
42942 42952 135
42959 42989 3
42982 43003 271
43004 43023 100
43007 43032 151
43011 43026 175
43029 43067 179
43058 43095 232
43082 43094 117
43103 43152 170
43104 43106 37
43108 43125 138
43118 43138 176
43131 43181 251
43150 43170 243
43154 43166 290
43160 43184 95
43175 43210 177
43194 43211 257
43203 43216 112
43222 43240 17
43233 43283 235
43237 43242 24
43240 43262 97
43242 43276 44
43242 43252 99
43271 43302 292
43286 43329 32
43308 43321 41
43325 43360 120
43327 43331 64
43346 43386 45
43355 43356 117
43366 43392 194
43393 43399 122
43422 43446 84
43439 43489 22
43453 43474 257
43460 43502 132
43490 43505 43
43514 43520 21
43526 43570 110
43526 43530 187
43535 43574 71
43560 43609 299
43576 43595 188
43583 43617 119
43586 43593 139
43595 43614 225
43610 43645 183
43629 43638 16
43641 43661 124
43653 43700 41
43661 43662 73
43675 43716 148
43699 43749 58
43720 43762 299
43740 43760 153
43743 43777 223
43767 43806 71
43780 43811 125
43803 43827 256
43820 43853 298
43835 43868 79
43837 43869 39
43859 43891 51
43883 43896 193
43912 43923 203
43941 43978 244
43957 43988 3
43978 44027 168
44002 44026 151
44007 44039 112
44007 44047 213
44016 44058 188
44026 44072 266
44033 44057 181
44040 44076 149
44052 44053 50
44081 44122 72
44083 44097 92
44099 44108 87
44111 44157 123
44127 44144 72
44148 44164 24
44162 44164 145
44192 44200 115
44200 44216 131
44213 44224 132
44240 44257 231
44250 44297 4
44277 44291 252
44285 44331 235
44305 44342 261
44324 44356 208
44350 44377 58
44351 44391 57
44380 44394 27
44395 44413 240
44417 44431 63
44417 44436 117
44418 44453 196
44441 44484 5
44469 44502 191
44473 44489 211
44487 44528 117
44488 44515 215
44508 44534 25
44519 44544 93
44544 44548 32
44559 44582 210
44582 44607 220
44609 44644 56
44625 44647 249
44634 44670 299
44650 44668 215
44668 44707 9
44677 44715 291
44703 44748 117
44709 44737 172
44736 44780 81
44749 44797 133
44773 44786 215
44794 44818 160
44809 44816 193
44822 44858 74
44840 44849 93
44845 44874 157
44866 44897 9
44885 44934 145
44894 44937 195
44911 44942 93
44924 44934 152
44944 44983 108
44947 44961 94
44953 44999 172
44962 45006 150
44965 45001 240
44982 44983 76
45003 45026 250
45004 45042 19
45025 45050 80
45037 45038 298
45038 45080 117
45059 45093 8
45085 45106 182
45115 45159 296
45144 45186 136
45160 45176 91
45178 45208 117
45192 45239 220
45216 45226 216
45216 45230 166
45231 45258 18
45253 45298 296
45269 45310 161
45286 45328 293
45298 45343 75
45324 45367 68
45330 45374 71
45349 45376 155
45370 45410 89
45395 45417 90
45421 45460 291
45426 45476 185
45446 45493 101
45467 45512 175
45481 45504 71
45496 45509 284
45522 45564 44
45542 45590 300
45569 45611 127
45589 45591 113
45595 45626 50
45611 45649 115
45620 45663 74
45647 45689 26
45652 45692 149
45667 45701 64
45684 45715 88
45706 45714 198
45712 45748 80
45740 45759 297
45744 45781 293
45766 45770 244
45789 45818 263
45810 45846 131
45832 45858 113
45856 45879 193
45870 45876 219
45878 45907 123
45907 45951 118
45918 45929 16
45936 45970 150
45951 45957 293
45955 45997 49
45956 45966 65
45983 46019 110
46006 46055 179
46019 46051 196
46039 46068 48
46062 46096 205
46085 46130 257
46102 46117 118
46105 46140 205
46107 46124 226
46117 46129 6
46128 46135 74
46152 46186 56
46175 46196 129
46177 46181 59
46187 46236 191
46197 46198 194
46217 46266 116
46217 46228 141
46237 46253 258
46262 46276 280
46291 46323 156
46317 46366 62
46337 46373 15
46364 46374 82
46370 46398 155
46376 46385 130
46396 46431 170
46405 46438 44
46434 46479 231
46450 46455 16
46476 46515 199
46491 46512 205
46516 46517 6
46535 46548 78
46536 46578 149
46536 46538 35
46551 46562 24
46559 46595 148
46567 46605 81
46571 46609 17
46580 46620 284
46586 46610 69
46609 46635 98
46619 46629 83
46627 46662 114
46630 46650 115
46660 46679 210
46674 46704 158
46694 46730 265
46705 46749 220
46730 46753 36
46742 46763 290
46760 46770 220
46789 46829 160
46817 46860 132
46827 46847 131
46834 46858 87
46861 46908 42
46869 46886 176
46899 46943 284
46928 46940 39
46945 46975 77
46960 46971 29
46980 46987 2
47004 47047 250
47026 47075 86
47040 47086 141
47062 47090 272
47075 47100 26
47089 47125 19
47115 47148 257
47144 47166 173
47147 47184 247
47168 47210 159
47172 47211 20
47175 47223 28
47176 47211 146
47198 47245 233
47205 47248 197
47211 47248 60
47211 47215 3
47232 47241 51
47252 47257 183
47281 47317 85
47308 47323 6
47321 47338 191
47347 47353 247
47355 47402 229
47378 47392 57
47406 47423 167
47436 47473 134
47448 47458 72
47468 47501 248
47485 47496 96
47485 47506 280
47500 47543 99
47503 47528 101
47526 47550 276
47549 47558 140
47549 47588 165
47564 47603 87
47577 47620 119
47598 47604 257
47626 47629 45
47635 47670 235
47642 47648 295
47665 47713 18
47669 47702 269
47697 47698 148
47700 47703 196
47729 47755 12
47754 47795 84
47784 47826 125
47811 47859 9
47823 47835 183
47835 47841 290
47841 47857 251
47845 47873 121
47863 47866 275
47892 47931 267
47921 47957 113
47930 47961 141
47937 47980 11
47965 47967 134
47965 47975 116
47970 47976 294
47984 48005 133
48006 48018 181
48018 48039 26
48038 48087 43
48046 48084 20
48066 48103 280
48091 48112 33
48101 48125 171
48111 48135 93
48139 48157 171
48148 48173 175
48154 48173 215
48160 48192 58
48165 48211 221
48174 48222 233
48174 48213 101
48204 48232 110
48231 48245 289
48245 48270 68
48258 48265 59
48262 48271 129
48286 48319 146
48297 48335 179
48324 48369 276
48330 48368 69
48357 48405 146
48357 48387 289
48366 48413 286
48383 48432 131
48390 48392 149
48395 48439 111
48412 48444 62
48428 48459 221
48456 48485 252
48463 48503 36
48470 48478 193
48479 48487 57
48501 48551 10
48520 48539 226
48527 48571 270
48542 48577 289
48551 48581 224
48570 48582 275
48589 48605 170
48618 48637 93
48641 48689 181
48647 48688 181
48648 48659 209
48673 48700 253
48693 48729 64
48720 48744 269
48730 48741 99
48741 48771 206
48750 48770 12
48770 48814 168
48790 48794 61
48818 48860 25
48843 48847 189
48873 48894 139
48893 48896 163
48914 48964 241
48920 48930 270
48922 48944 266
48934 48959 14
48956 48975 190
48983 49032 279
48995 49018 229
49012 49032 69
49025 49027 211
49038 49045 269
49044 49085 228
49056 49084 279
49068 49091 61
49086 49123 192
49097 49132 68
49112 49145 285
49114 49119 10
49124 49141 270
49150 49160 197
49153 49193 161
49177 49208 213
49205 49227 97
49219 49269 118
49219 49247 55
49233 49238 299
49258 49259 53
49259 49274 207
49271 49317 213
49287 49296 292
49313 49360 187
49338 49382 129
49339 49361 136
49362 49378 71
49364 49385 231
49366 49411 215
49368 49404 207
49397 49401 160
49408 49441 209
49433 49448 279
49434 49435 175
49456 49472 252
49461 49507 43
49470 49507 161
49497 49523 140
49512 49543 19
49517 49545 71
49540 49588 15
49541 49560 185
49569 49601 146
49580 49627 65
49595 49638 83
49604 49608 104
49604 49628 248
49617 49663 30
49645 49684 296
49672 49694 208
49691 49729 92
49720 49724 126
49745 49750 27
49763 49781 241
49784 49804 38
49787 49833 206
49802 49827 259
49802 49837 205
49809 49850 221
49834 49868 14
49857 49906 218
49859 49895 1
49880 49900 295
49897 49898 265
49915 49956 177
49920 49925 175
49931 49967 194
49960 49988 125
49980 50005 187
49983 49992 179
50000 50014 148
50023 50055 77
50042 50067 35
50055 50074 146
50060 50099 232
50061 50077 270
50068 50104 53
50094 50132 202
50103 50145 25
50119 50159 20
50135 50139 151
50151 50164 244
50155 50196 140
50156 50167 161
50175 50201 271
50189 50195 261
50208 50240 86
50213 50260 19
50232 50262 69
50243 50245 113
50256 50285 108
50275 50317 172
50291 50312 150
50301 50335 106
50322 50346 149
50345 50358 203
50353 50359 35
50363 50401 145
50367 50402 2
50377 50394 268
50377 50415 40
50379 50399 232
50384 50428 182
50409 50455 101
50434 50480 136
50446 50447 152
50465 50482 263
50487 50495 269
50516 50519 207
50546 50556 251
50551 50579 66
50576 50621 168
50583 50608 138
50604 50617 179
50607 50655 93
50613 50640 55
50620 50632 8
50641 50691 108
50642 50650 94
50668 50669 278
50676 50685 258
50698 50739 61
50704 50738 261
50721 50762 38
50721 50728 16
50725 50766 86
50731 50736 276
50760 50794 108
50774 50798 21
50792 50841 16
50794 50838 113
50811 50832 159
50840 50871 192
50843 50874 98
50849 50860 71
50875 50887 155
50875 50897 43
50877 50922 228
50887 50890 193
50911 50914 155
50937 50973 166
50952 50999 182
50960 50993 248
50962 51008 192
50988 51037 76
50989 50996 228
51006 51023 157
51029 51058 12
51048 51086 84
51057 51078 12
51062 51096 133
51070 51082 293
51075 51082 20
51097 51123 110
51111 51159 281
51135 51185 294
51146 51175 125
51148 51166 82
51175 51186 131
51188 51215 206
51207 51214 274
51227 51234 86
51231 51261 226
51235 51253 137
51264 51298 251
51292 51304 273
51294 51332 39
51313 51361 220
51337 51354 136
51348 51373 131
51359 51380 108
51363 51374 59
51368 51396 13
51379 51380 130
51388 51437 82
51409 51413 193
51438 51461 14
51461 51462 31
51479 51519 101
51500 51539 96
51524 51562 271
51550 51580 43
51558 51607 122
51581 51599 44
51582 51629 80
51608 51635 230
51615 51647 77
51632 51653 140
51660 51671 24
51670 51673 59
51679 51720 137
51701 51732 93
51725 51733 90
51739 51745 205
51761 51784 213
51773 51789 161
51774 51783 150
51775 51790 199
51801 51803 91
51828 51865 15
51848 51873 208
51877 51890 113
51895 51942 146
51897 51924 202
51925 51932 207
51939 51945 205
51961 51982 25
51965 51991 291
51981 52007 138
51992 52023 139
52009 52042 245
52024 52072 146
52054 52065 127
52074 52119 203
52100 52104 88
52104 52144 162
52123 52139 82
52137 52138 73
52145 52157 295
52167 52190 226
52189 52200 51
52216 52263 242
52241 52286 148
52259 52303 75
52273 52296 123
52299 52327 95
52303 52347 9
52318 52365 89
52335 52341 107
52359 52371 276
52374 52382 227
52384 52420 193
52400 52420 215
52429 52446 223
52436 52472 279
52436 52458 228
52460 52462 31
52489 52512 206
52510 52541 105
52526 52563 82
52551 52589 284
52574 52610 196
52597 52618 189
52618 52638 197
52640 52689 90
52658 52700 154
52688 52720 262
52710 52753 68
52738 52781 129
52740 52766 106
52753 52794 159
52764 52793 178
52787 52798 110
52802 52821 141
52812 52858 287
52824 52857 289
52824 52864 279
52834 52876 129
52845 52883 236
52856 52861 224
52860 52876 160
52884 52889 95
52909 52950 210
52916 52921 267
52938 52953 260
52944 52980 43
52960 52964 112
52963 52983 292
52992 53015 246
53003 53018 275
53010 53033 267
53035 53060 214
53052 53064 131
53053 53063 191
53061 53071 21
53075 53095 135
53087 53096 244
53096 53108 19
53114 53147 126
53138 53150 241
53145 53146 79
53172 53210 125
53189 53211 177
53204 53225 41
53212 53219 9
53218 53221 240
53235 53255 258
53258 53261 100
53270 53298 233
53295 53314 131
53320 53343 298
53333 53367 244
53336 53366 14
53339 53382 44
53345 53392 285
53374 53389 120
53399 53445 282
53424 53442 186
53453 53486 58
53477 53479 153
53492 53521 160
53508 53513 66
53514 53542 39
53544 53571 37
53560 53602 30
53566 53601 128
53588 53590 198
53591 53603 204
53601 53619 102
53608 53651 72
53626 53644 2
53641 53690 258
53643 53652 298
53671 53672 65
53687 53709 249
53708 53746 115
53736 53754 272
53763 53776 68
53770 53819 145
53792 53821 282
53818 53828 210
53834 53877 78
53863 53868 270
53890 53935 23
53916 53938 275
53945 53954 17
53949 53986 168
53961 53974 196
53980 53991 110
53987 54036 11
54007 54046 87
54023 54058 153
54034 54069 190
54044 54052 34
54048 54076 179
54072 54098 94
54074 54082 243
54079 54121 75
54088 54138 287
54113 54136 220
54131 54140 104
54150 54199 236
54157 54184 105
54161 54194 259
54190 54217 110
54202 54252 4
54202 54211 155
54207 54212 231
54212 54247 18
54235 54264 8
54255 54295 48
54272 54291 275
54292 54337 171
54295 54300 93
54322 54368 22
54352 54387 243
54368 54418 53
54388 54396 64
54400 54431 252
54403 54407 21
54420 54448 88
54438 54471 250
54458 54471 144
54467 54502 205
54473 54501 81
54495 54529 189
54504 54553 217
54527 54539 203
54534 54560 253
54550 54556 94
54553 54574 100
54572 54607 158
54576 54623 52
54603 54634 174
54608 54612 251
54614 54618 232
54638 54688 180
54645 54684 53
54663 54668 92
54669 54684 78
54685 54726 233
54706 54714 191
54710 54748 223
54739 54787 292
54756 54805 254
54772 54791 255
54773 54796 180
54796 54812 11
54818 54849 265
54843 54887 4
54855 54884 277
54875 54913 298
54876 54925 180
54897 54932 24
54911 54955 189
54923 54956 208
54941 54977 68
54965 54994 186
54983 55013 127
54997 55046 245
55001 55019 162
55014 55055 105
55028 55075 292
55049 55063 165
55050 55088 51
55058 55074 211
55070 55079 297
55086 55127 31
55107 55143 16
55124 55144 34
55149 55165 33
55177 55210 136
55206 55243 82
55226 55232 191
55227 55272 201
55257 55305 254
55280 55328 80
55296 55326 48
55298 55337 174
55299 55341 217
55305 55306 101
55335 55367 38
55350 55364 17
55356 55386 210
55384 55433 165
55389 55437 37
55404 55447 114
55421 55463 278
55427 55444 243
55449 55490 84
55475 55503 215
55504 55543 38
55506 55511 189
55518 55550 111
55548 55585 173
55561 55583 56
55571 55591 35
55572 55618 292
55576 55612 274
55588 55616 43
55595 55604 233
55606 55610 2
55630 55676 151
55631 55669 23
55657 55694 192
55681 55727 299
55703 55717 8
55732 55778 112
55737 55749 47
55764 55806 289
55776 55826 10
55806 55849 169
55829 55846 66
55836 55867 34
55863 55910 264
55871 55895 1
55873 55901 256
55893 55942 102
55913 55946 112
55924 55972 101
55945 55990 220
55954 55998 33
55971 56018 11
55975 56021 17
55989 56013 12
55997 56029 43
55998 56020 278
56009 56054 218
56034 56040 224
56055 56073 282
56067 56093 295
56085 56100 36
56088 56095 256
56111 56130 199
56124 56150 261
56146 56194 125
56158 56190 168
56175 56213 255
56201 56202 119
56205 56224 133
56219 56224 173
56235 56245 202
56239 56254 116
56254 56281 106
56269 56317 12
56292 56302 255
56321 56344 201
56334 56368 97
56335 56371 179
56347 56361 193
56347 56386 173
56347 56367 29
56366 56374 52
56374 56421 245
56384 56419 88
56395 56398 160
56423 56429 241
56452 56471 267
56477 56521 44
56494 56532 239
56505 56555 262
56514 56526 55
56519 56534 222
56537 56577 199
56558 56576 20
56577 56596 266
56587 56609 106
56608 56637 251
56620 56664 291
56629 56632 13
56657 56700 157
56673 56690 58
56683 56731 230
56688 56728 187
56712 56731 288
56725 56731 195
56738 56778 125
56764 56770 284
56788 56817 74
56807 56822 183
56836 56860 297
56856 56902 16
56881 56922 274
56881 56918 42
56899 56932 277
56919 56922 236
56928 56977 208
56945 56984 270
56969 57009 261
56987 57005 3
56989 57016 244
57009 57039 190
57019 57054 262
57044 57084 148
57073 57118 164
57101 57114 269
57109 57131 227
57120 57138 246
57126 57157 108
57130 57161 175
57149 57183 297
57174 57190 135
57192 57195 41
57194 57198 240
57217 57242 273
57234 57268 106
57258 57281 19
57266 57272 282
57273 57319 132
57297 57304 164
57297 57313 115
57324 57370 294
57337 57375 204
57364 57410 129
57378 57386 245
57382 57403 214
57407 57425 45
57407 57427 129
57436 57438 113
57452 57480 117
57454 57457 254
57471 57492 192
57501 57533 213
57509 57517 248
57512 57546 23
57527 57541 189
57530 57553 124
57542 57573 267
57572 57604 235
57599 57620 181
57601 57651 163
57603 57647 246
57626 57652 36
57648 57674 115
57653 57693 266
57671 57706 150
57681 57727 30
57710 57735 21
57716 57755 243
57745 57778 280
57771 57773 12
57778 57803 34
57788 57801 72
57817 57818 203
57847 57862 189
57874 57915 122
57900 57924 257
57902 57911 10
57907 57931 216
57926 57933 127
57930 57944 232
57948 57990 102
57969 57977 260
57970 58010 169
58000 58009 225
58024 58045 279
58053 58064 185
58073 58097 180
58089 58125 205
58105 58140 284
58117 58124 113
58130 58150 236
58156 58196 113
58157 58162 189
58184 58190 2
58200 58245 83
58210 58226 4
58211 58239 8
58222 58244 61
58231 58247 201
58234 58238 161
58242 58292 282
58259 58275 31
58266 58295 233
58294 58316 80
58318 58327 76
58337 58370 171
58346 58392 181
58356 58402 206
58376 58424 296
58379 58380 96
58403 58413 170
58405 58417 244
58421 58440 181
58438 58442 194
58452 58464 52
58465 58511 173
58487 58522 260
58507 58538 94
58524 58545 92
58548 58569 145
58575 58584 165
58589 58602 267
58598 58600 17
58624 58629 69
58647 58677 228
58676 58699 171
58696 58711 238
58717 58733 81
58737 58761 39
58763 58787 236
58769 58788 251
58786 58792 258
58790 58836 41
58815 58825 190
58816 58835 21
58821 58830 40
58829 58868 295
58843 58883 64
58845 58861 36
58873 58884 92
58892 58908 89
58896 58917 167
58910 58932 184
58929 58931 24
58943 58947 129
58948 58990 160
58948 58960 68
58975 59002 107
58997 59021 43
59022 59038 150
59026 59044 195
59050 59065 100
59067 59107 135
59095 59102 11
59097 59112 179
59120 59150 258
59132 59168 199
59147 59166 80
59177 59205 282
59192 59219 22
59195 59203 253
59202 59219 92
59211 59215 211
59219 59259 297
59220 59229 299
59221 59254 3
59222 59245 157
59225 59258 11
59249 59265 255
59268 59308 14
59288 59313 292
59298 59319 142
59308 59336 159
59313 59346 153
59343 59357 256
59368 59413 34
59378 59390 209
59383 59427 121
59413 59431 9
59427 59442 86
59455 59476 37
59481 59487 62
59488 59514 4
59514 59549 276
59518 59551 293
59543 59557 58
59548 59581 113
59559 59593 166
59570 59595 287
59595 59620 111
59605 59607 262
59624 59671 250
59648 59689 208
59650 59677 165
59657 59660 66
59671 59675 20
59681 59704 117
59706 59710 45
59719 59720 143
59745 59756 212
59771 59791 233
59794 59805 23
59818 59853 70
59824 59866 35
59850 59891 180
59856 59876 185
59858 59874 210
59859 59869 100
59875 59916 197
59878 59893 104
59894 59911 245
59901 59929 85
59919 59944 229
59924 59972 282
59952 59991 81
59968 59975 89
59970 60011 157
59997 59999 179
60004 60054 264
60034 60080 214
60034 60049 165
60041 60052 288
60044 60058 99
60052 60065 2
60064 60087 120
60092 60106 274
60109 60129 133
60110 60153 221
60126 60165 288
60134 60138 138
60159 60184 26
60159 60202 28
60184 60203 199
60206 60225 250
60209 60217 245
60231 60280 144
60258 60275 198
60269 60299 11
60297 60303 142
60315 60318 277
60322 60353 258
60337 60342 229
60354 60385 89
60367 60400 268
60394 60442 260
60416 60434 95
60443 60457 182
60455 60466 198
60457 60476 211
60470 60491 191
60481 60493 103
60511 60525 44
60526 60562 86
60530 60554 40
60547 60577 213
60576 60626 159
60591 60627 291
60621 60623 220
60637 60664 247
60665 60677 179
60670 60708 127
60671 60710 42
60688 60704 122
60690 60719 122
60717 60737 283
60736 60776 121
60758 60767 112
60786 60834 203
60791 60803 28
60808 60823 9
60810 60830 57
60822 60871 232
60829 60857 196
60837 60867 254
60841 60846 72
60856 60903 182
60858 60907 163
60864 60865 250
60885 60921 159
60888 60895 33
60888 60909 130
60911 60912 19
60923 60939 36
60949 60995 121
60978 61024 264
60987 61007 145
61012 61023 44
61042 61048 243
61061 61106 293
61074 61077 56
61087 61119 289
61107 61146 201
61120 61147 192
61138 61160 126
61151 61181 115
61168 61191 226
61170 61193 199
61176 61207 6
61185 61207 197
61200 61248 8
61224 61235 145
61242 61290 65
61272 61275 30
61301 61328 185
61322 61323 52
61336 61362 181
61337 61378 263
61357 61405 296
61358 61363 211
61386 61409 296
61412 61420 271
61417 61443 276
61429 61471 158
61458 61478 221
61473 61486 24
61488 61515 151
61507 61510 271
61536 61548 200
61559 61585 87
61560 61573 72
61576 61619 238
61589 61612 248
61595 61602 72
61607 61613 265
61631 61664 27
61659 61692 279
61678 61720 140
61682 61708 272
61691 61717 279
61708 61716 99
61725 61728 230
61754 61760 281
61756 61777 121
61760 61782 269
61784 61813 11
61810 61860 8
61830 61873 193
61830 61868 131
61839 61857 180
61848 61879 205
61849 61878 130
61876 61910 193
61882 61903 146
61888 61924 22
61908 61953 278
61922 61935 78
61933 61979 143
61953 61972 162
61967 61980 170
61984 62030 223
61989 62020 163
62016 62033 50
62016 62032 219
62042 62044 80
62042 62062 83
62065 62085 168
62075 62120 276
62092 62114 289
62099 62122 189
62127 62133 259
62128 62136 199
62152 62168 271
62168 62173 150
62184 62216 210
62213 62245 249
62225 62245 53
62252 62294 179
62272 62299 73
62280 62327 233
62295 62328 60
62310 62332 163
62314 62315 86
62314 62328 291
62340 62360 104
62348 62351 183
62366 62385 144
62377 62378 223
62380 62395 142
62399 62403 244
62421 62432 10
62438 62469 125
62454 62491 40
62471 62481 103
62501 62548 219
62507 62553 170
62533 62542 222
62536 62548 244
62558 62605 83
62577 62624 11
62586 62587 119
62605 62617 268
62619 62632 21
62628 62678 247
62645 62668 7
62651 62675 38
62678 62704 55
62706 62740 282
62707 62708 213
62731 62779 228
62758 62769 252
62758 62788 13
62765 62798 27
62768 62805 49
62788 62819 183
62792 62836 23
62814 62862 247
62838 62843 90
62853 62890 202
62879 62928 205
62905 62918 236
62919 62929 248
62924 62942 91
62952 62983 20
62959 62988 145
62974 63015 41
63001 63045 175
63030 63050 4
63031 63065 46
63040 63047 24
63046 63075 194
63072 63108 17
63090 63135 197
63101 63105 142
63103 63114 271
63123 63145 118
63148 63177 287
63166 63199 133
63167 63210 120
63197 63213 221
63201 63223 226
63204 63230 120
63229 63269 151
63256 63306 263
63277 63327 142
63285 63291 236
63292 63313 94
63307 63337 241
63328 63351 45
63344 63357 194
63374 63424 185
63389 63398 38
63401 63421 181
63431 63472 200
63443 63450 123
63450 63462 81
63462 63475 194
63475 63524 221
63488 63516 284
63513 63525 161
63538 63551 22
63564 63567 102
63592 63608 182
63600 63630 172
63626 63634 182
63628 63666 247
63635 63679 24
63641 63670 189
63647 63670 227
63661 63677 165
63686 63722 20
63700 63718 37
63716 63753 250
63721 63745 181
63724 63748 89
63750 63773 225
63765 63776 96
63782 63824 272
63788 63811 297
63802 63820 81
63822 63859 212
63842 63855 22
63851 63869 108
63862 63884 222
63863 63878 297
63868 63881 185
63884 63915 83
63894 63911 253
63903 63917 187
63910 63955 272
63927 63951 74
63946 63992 246
63971 63976 99
63994 63997 268
64011 64055 30
64032 64053 158
64062 64084 60
64085 64108 289
64088 64117 7
64093 64132 251
64108 64119 293
64122 64130 55
64151 64153 71
64162 64189 204
64173 64218 297
64197 64203 126
64203 64221 100
64217 64259 220
64221 64226 236
64251 64271 267
64273 64297 184
64285 64295 70
64291 64303 151
64320 64342 268
64326 64339 297
64335 64367 173
64363 64387 294
64386 64389 152
64408 64454 243
64437 64440 179
64447 64471 11
64467 64515 45
64470 64478 250
64493 64528 260
64517 64558 188
64544 64566 174
64574 64592 187
64597 64629 117
64623 64646 103
64629 64674 97
64635 64646 203
64643 64648 71
64645 64647 150
64661 64663 60
64679 64718 173
64696 64719 161
64697 64737 168
64717 64761 83
64738 64759 288
64763 64813 220
64763 64771 247
64766 64811 275
64771 64781 16
64793 64804 292
64816 64830 157
64845 64846 271
64875 64919 202
64878 64894 168
64886 64907 257
64911 64929 206
64915 64955 158
64927 64944 249
64932 64982 300
64936 64978 272
64938 64940 265
64964 64976 136
64978 65019 11
64980 64994 225
65009 65058 243
65031 65040 223
65059 65095 36
65071 65092 296
65074 65102 52
65094 65110 56
65106 65123 262
65131 65161 45
65154 65180 207
65182 65219 129
65199 65233 13
65210 65212 161
65225 65243 158
65237 65243 122
65260 65273 58
65285 65292 162
65290 65328 137
65299 65321 111
65320 65354 84
65338 65342 208
65354 65392 66
65382 65402 76
65385 65398 50
65385 65429 43
65396 65445 131
65426 65455 113
65427 65447 197
65440 65476 212
65468 65482 270
65479 65510 283
65495 65531 290
65514 65538 246
65544 65575 83
65563 65583 79
65572 65590 8
65595 65597 107
65607 65654 128
65618 65652 76
65626 65627 109
65639 65651 6
65662 65711 78
65682 65688 1
65683 65732 247
65710 65752 191
65726 65756 229
65755 65796 174
65762 65766 259
65770 65775 42
65784 65813 199
65788 65793 209
65805 65840 189
65824 65831 127
65830 65833 12
65847 65876 242
65871 65902 90
65874 65901 193
65892 65933 204
65899 65921 29
65902 65941 83
65912 65919 137
65916 65959 74
65922 65926 1
65951 65993 282
65966 65989 97
65974 65975 246
65986 66009 208
66015 66054 221
66038 66075 51
66044 66063 8
66063 66077 171
66087 66112 161
66096 66119 236
66114 66154 114
66137 66156 231
66144 66157 22
66174 66215 64
66177 66214 294
66185 66221 14
66201 66243 151
66210 66221 15
66234 66284 77
66245 66288 19
66271 66275 15
66291 66329 157
66320 66349 189
66350 66391 150
66360 66395 115
66368 66397 193
66372 66379 108
66382 66410 70
66392 66435 19
66404 66411 124
66424 66455 51
66424 66458 70
66436 66455 257
66444 66462 121
66458 66504 300
66462 66478 144
66474 66499 63
66501 66502 297
66510 66537 157
66511 66561 18
66536 66551 251
66565 66588 90
66591 66595 260
66596 66633 47
66624 66646 143
66646 66682 191
66663 66687 195
66690 66716 60
66716 66728 64
66728 66753 192
66733 66769 14
66743 66754 143
66756 66797 115
66773 66786 199
66784 66824 204
66804 66853 233
66830 66870 299
66839 66849 191
66860 66873 170
66870 66892 187
66898 66919 139
66928 66937 215
66935 66962 78
66960 66970 268
66961 66974 289
66977 66988 233
66994 67037 7
67002 67027 133
67026 67061 80
67056 67075 258
67058 67059 70
67085 67088 104
67104 67127 189
67134 67173 258
67139 67189 161
67158 67162 42
67163 67196 231
67168 67181 40
67178 67203 104
67178 67192 82
67193 67223 40
67204 67215 136
67204 67220 268
67204 67221 202
67228 67237 157
67255 67268 71
67279 67293 182
67298 67325 268
67324 67333 145
67354 67398 211
67379 67384 2
67388 67391 163
67401 67414 261
67419 67433 4
67430 67454 295
67454 67472 36
67483 67488 234
67487 67523 295
67512 67558 296
67519 67525 120
67543 67566 297
67555 67597 156
67566 67567 240
67589 67618 244
67603 67648 254
67624 67655 42
67636 67682 194
67655 67665 174
67679 67725 51
67684 67726 118
67712 67728 108
67720 67765 32
67746 67791 127
67769 67786 65
67781 67792 141
67797 67814 208
67826 67863 268
67850 67883 160
67861 67899 65
67879 67926 230
67903 67930 235
67929 67977 268
67957 67975 158
67959 67986 147
67985 68022 8
68005 68038 126
68031 68078 9
68045 68081 233
68060 68104 209
68068 68100 82
68090 68139 74
68112 68152 227
68131 68150 74
68151 68174 278
68160 68176 148
68186 68213 167
68215 68257 190
68226 68257 90
68253 68284 175
68265 68309 226
68277 68304 229
68291 68326 290
68297 68306 90
68301 68327 61
68309 68311 291
68313 68314 131
68337 68364 255
68347 68396 288
68353 68392 98
68353 68371 157
68371 68400 19
68386 68434 105
68394 68417 297
68396 68446 38
68399 68447 14
68426 68466 219
68429 68469 149
68442 68478 74
68446 68472 245
68455 68499 185
68456 68484 128
68463 68493 229
68473 68488 47
68484 68500 262
68500 68514 101
68530 68559 112
68531 68575 196
68534 68548 159
68564 68583 93
68566 68616 226
68589 68636 293
68616 68653 96
68643 68688 19
68672 68704 25
68686 68707 231
68688 68736 57
68690 68731 234
68700 68704 34
68703 68743 122
68733 68779 272
68752 68778 161
68771 68787 226
68780 68797 198
68808 68848 63
68817 68818 216
68821 68835 164
68822 68835 79
68831 68868 210
68837 68844 300
68859 68862 6
68888 68890 166
68890 68919 176
68918 68929 225
68941 68986 62
68962 68994 290
68992 68994 147
68997 69021 203
69000 69027 217
69006 69011 16
69035 69044 148
69062 69066 251
69083 69126 100
69111 69145 156
69140 69171 12
69167 69205 270
69175 69178 200
69182 69219 124
69189 69211 130
69208 69229 38
69215 69233 297
69231 69275 204
69247 69287 179
69249 69268 277
69254 69304 32
69273 69294 30
69282 69298 121
69283 69299 126
69288 69319 111
69293 69323 220
69303 69322 224
69332 69368 259
69354 69394 155
69354 69381 264
69373 69420 225
69383 69416 30
69384 69395 213
69387 69408 211
69397 69442 84
69413 69440 46
69432 69479 13
69450 69462 164
69472 69501 156
69487 69498 184
69488 69537 109
69498 69508 292
69527 69567 53
69554 69602 142
69577 69589 289
69593 69642 170
69604 69633 66
69605 69618 103
69618 69655 1
69636 69646 5
69642 69651 89
69667 69713 132
69671 69720 183
69700 69735 47
69713 69751 251
69734 69759 33
69759 69791 1
69766 69776 22
69772 69810 112
69779 69799 276
69781 69789 9
69801 69803 74
69823 69854 291
69838 69886 1
69844 69886 39
69850 69874 90
69875 69909 169
69905 69909 16
69905 69944 63
69912 69922 237
69927 69941 134
69935 69971 150
69948 69970 123
69972 69978 230
69985 70025 36
70015 70060 223
70030 70056 287
70032 70077 256
70040 70045 15
70063 70075 151
70091 70093 285
70105 70117 276
70118 70159 71
70141 70170 212
70142 70154 226
70161 70185 287
70172 70201 295
70179 70201 13
70195 70238 23
70214 70240 209
70215 70236 299
70237 70275 266
70241 70279 231
70263 70308 13
70273 70294 261
70290 70311 63
70292 70296 93
70296 70328 267
70305 70341 252
70331 70371 75
70343 70373 247
70361 70368 204
70373 70379 47
70401 70424 176
70422 70471 22
70435 70462 31
70458 70504 127
70477 70479 10
70484 70505 12
70513 70533 84
70543 70551 72
70569 70580 140
70572 70607 180
70587 70592 17
70610 70612 62
70628 70676 171
70628 70643 5
70645 70673 1
70674 70697 150
70690 70733 199
70696 70708 109
70714 70761 136
70739 70789 64
70746 70792 219
70772 70787 261
70779 70800 216
70806 70841 211
70809 70823 50
70821 70860 37
70832 70856 113
70841 70884 215
70861 70874 83
70883 70915 116
70907 70957 137
70919 70951 155
70933 70941 116
70963 70979 235
70981 71001 56
70984 71028 79
70997 71046 195
70998 71026 112
71010 71016 297
71035 71078 190
71038 71046 259
71038 71046 223
71058 71095 288
71082 71097 91
71093 71115 176
71102 71120 77
71131 71175 234
71133 71162 176
71160 71182 141
71177 71183 124
71199 71234 7
71205 71231 227
71216 71261 29
71227 71276 99
71237 71254 78
71241 71256 241
71265 71298 43
71277 71289 37
71297 71310 231
71327 71337 5
71329 71379 105
71337 71368 74
71361 71380 132
71383 71416 297
71407 71415 203
71411 71460 237
71433 71441 252
71453 71487 263
71456 71506 28
71473 71500 203
71486 71511 123
71503 71525 71
71525 71547 88
71537 71556 186
71549 71559 131
71561 71572 237
71588 71636 184
71615 71627 280
71641 71681 107
71670 71683 48
71700 71726 93
71723 71773 191
71734 71745 45
71738 71770 92
71758 71797 281
71758 71767 10
71761 71777 92
71780 71828 275
71799 71826 111
71829 71868 104
71850 71867 261
71865 71905 293
71883 71893 247
71893 71914 120
71902 71910 115
71931 71948 6
71947 71993 252
71956 71986 78
71956 71978 170
71964 71986 184
71976 72023 95
71997 72036 233
72002 72048 199
72020 72031 22
72031 72065 223
72046 72090 28
72066 72095 234
72076 72124 285
72089 72135 201
72091 72121 199
72104 72140 81
72110 72113 3
72136 72161 86
72164 72172 283
72168 72213 103
72198 72227 25
72217 72234 97
72220 72223 180
72225 72255 242
72239 72256 255
72241 72266 83
72243 72251 91
72249 72283 14
72251 72293 71
72253 72256 206
72276 72316 50
72276 72307 151
72299 72329 202
72299 72314 180
72316 72323 23
72339 72369 265
72348 72380 136
72364 72399 63
72366 72392 214
72367 72408 235
72390 72433 34
72407 72416 74
72421 72450 68
72424 72441 283
72445 72479 215
72457 72491 149
72476 72522 283
72505 72551 231
72535 72542 192
72542 72586 78
72560 72592 13
72585 72622 151
72609 72620 206
72630 72639 112
72631 72657 96
72654 72677 7
72681 72705 179
72690 72734 208
72701 72739 106
72727 72766 243
72756 72785 245
72775 72801 34
72779 72791 25
72797 72826 32
72797 72845 43
72806 72829 265
72822 72856 220
72849 72853 47
72872 72906 185
72902 72938 123
72905 72926 91
72905 72931 77
72913 72916 195
72930 72960 47
72943 72951 263
72958 72989 24
72968 72986 176
72991 73040 175
72999 73046 110
73007 73048 75
73011 73019 5
73024 73058 133
73034 73061 116
73063 73106 257
73072 73100 29
73093 73102 85
73107 73136 32
73130 73168 104
73154 73172 168
73180 73206 59
73189 73213 141
73206 73256 24
73231 73234 216
73235 73280 275
73262 73287 244
73278 73312 176
73299 73349 160
73327 73370 152
73337 73348 283
73358 73393 139
73374 73379 124
73390 73392 136
73393 73435 159
73406 73448 116
73430 73475 285
73439 73447 75
73449 73496 160
73454 73460 48
73468 73500 138
73480 73510 38
73485 73525 81
73508 73531 16
73528 73572 144
73557 73569 113
73584 73609 88
73614 73634 11
73627 73659 167
73634 73641 74
73657 73674 85
73657 73687 139
73665 73696 202
73695 73707 235
73723 73763 214
73741 73763 247
73741 73770 57
73765 73792 131
73772 73774 124
73772 73805 92
73783 73803 148
73802 73811 247
73820 73855 111
73839 73882 238
73866 73915 253
73889 73925 66
73903 73918 80
73919 73941 162
73931 73937 140
73956 74001 284
73963 73990 96
73976 73981 50
73992 74007 73
74010 74014 158
74026 74032 179
74035 74064 54
74058 74101 71
74082 74109 53
74085 74105 243
74102 74136 138
74102 74148 87
74114 74149 26
74136 74161 177
74162 74175 51
74167 74169 153
74175 74201 279
74202 74206 190
74222 74224 88
74251 74288 204
74251 74286 157
74275 74296 280
74292 74338 44
74316 74357 272
74340 74341 268
74347 74370 172
74349 74377 53
74357 74403 192
74361 74400 158
74391 74428 292
74402 74424 236
74413 74430 102
74429 74446 119
74440 74470 255
74466 74507 182
74471 74504 51
74496 74498 106
74500 74525 78
74511 74519 288
74532 74560 131
74552 74596 15
74560 74572 184
74566 74607 198
74581 74614 57
74597 74644 10
74625 74626 87
74640 74674 284
74664 74674 278
74689 74703 112
74700 74735 271
74703 74723 234
74717 74758 286
74742 74747 42
74769 74813 81
74774 74815 150
74781 74814 76
74781 74790 276
74811 74843 296
74830 74849 84
74848 74865 49
74866 74883 48
74895 74933 138
74925 74972 175
74948 74980 129
74966 75008 95
74974 74975 5
74991 74995 73
75016 75047 68
75042 75066 108
75066 75113 137
75069 75090 291
75076 75122 6
75099 75116 99
75100 75143 231
75100 75106 102
75121 75148 122
75141 75171 224
75160 75200 199
75165 75178 235
75191 75231 249
75204 75253 66
75232 75252 18
75250 75278 196
75251 75271 162
75279 75318 15
75284 75303 84
75306 75349 24
75328 75335 72
75339 75356 260
75360 75362 272
75388 75425 62
75393 75432 183
75417 75449 22
75441 75482 179
75463 75464 22
75463 75475 76
75474 75484 26
75495 75522 188
75499 75543 75
75529 75552 245
75538 75549 226
75558 75563 227
75585 75611 180
75598 75647 89
75612 75629 6
75624 75660 81
75627 75667 100
75638 75654 171
75668 75709 183
75683 75690 246
