5000
27 42 219
54 103 201
63 93 271
63 98 266
90 97 207
94 134 88
122 125 92
122 125 113
133 165 143
136 183 3
137 178 210
137 151 125
163 183 171
164 182 265
164 206 75
187 189 89
197 215 261
222 246 183
243 264 190
264 292 86
286 329 164
301 313 5
318 339 180
321 335 81
337 386 266
347 376 19
374 411 38
404 425 97
419 420 196
436 455 7
438 480 98
438 454 227
457 501 134
486 527 221
511 556 184
530 576 2
538 543 228
554 584 188
568 608 101
589 599 67
614 640 40
636 666 61
643 657 263
672 691 78
684 702 182
705 740 191
709 721 35
735 762 280
737 757 115
737 777 14
766 785 69
790 799 18
816 834 255
842 868 234
863 908 160
883 889 35
895 901 243
923 947 15
951 984 150
956 963 127
972 1011 216
999 1025 70
1020 1038 111
1021 1038 160
1025 1057 90
1042 1048 126
1053 1090 128
1070 1111 179
1077 1099 67
1097 1120 100
1105 1115 248
1131 1174 41
1147 1184 127
1156 1199 216
1174 1213 231
1187 1194 189
1211 1258 238
1217 1221 236
1246 1284 109
1276 1290 71
1296 1332 270
1316 1359 246
1341 1374 171
1341 1347 225
1369 1371 65
1378 1416 40
1395 1440 115
1421 1440 95
1441 1469 66
1456 1467 90
1473 1522 162
1486 1513 63
1493 1509 89
1504 1552 95
1505 1510 135
1507 1531 129
1511 1548 71
1511 1559 53
1541 1570 96
1550 1595 79
1563 1599 95
1580 1592 5
1609 1627 101
1625 1627 47
1653 1692 18
1679 1725 146
1682 1684 118
1703 1708 78
1710 1754 75
1739 1765 169
1764 1792 14
1794 1842 136
1815 1827 143
1816 1841 290
1838 1878 107
1847 1890 41
1863 1903 113
1875 1895 171
1905 1936 221
1916 1953 176
1922 1945 143
1922 1968 7
1941 1967 255
1962 1997 174
1988 2037 270
1990 2022 74
1998 2039 280
2026 2047 21
2046 2082 46
2048 2071 190
2052 2101 113
2081 2122 246
2105 2153 198
2106 2124 258
2132 2136 265
2135 2145 232
2162 2181 5
2163 2171 119
2165 2214 78
2184 2201 138
2189 2223 127
2190 2209 51
2216 2218 276
2242 2284 125
2270 2291 278
2298 2319 136
2313 2344 33
2325 2366 98
2347 2375 75
2357 2368 249
2386 2390 60
2399 2403 268
2423 2430 156
2448 2479 139
2469 2479 286
2488 2494 72
2488 2507 182
2511 2547 186
2524 2537 84
2532 2577 10
2535 2574 183
2557 2569 142
2565 2573 292
2572 2597 21
2591 2616 237
2610 2659 167
2634 2635 192
2635 2658 38
2641 2659 100
2658 2687 196
2687 2730 204
2688 2729 123
2692 2712 205
2695 2745 267
2725 2738 244
2745 2794 44
2774 2795 197
2776 2815 235
2789 2813 217
2812 2819 14
2821 2867 289
2835 2855 215
2841 2865 248
2856 2889 252
2886 2909 112
2898 2933 5
2899 2917 23
2920 2951 300
2947 2975 31
2963 2993 271
2992 3036 22
3001 3026 156
3013 3043 252
3039 3057 4
3044 3090 234
3055 3075 1
3080 3128 46
3099 3121 98
3108 3150 231
3122 3124 255
3123 3156 242
3134 3181 184
3163 3205 35
3186 3220 186
3205 3250 231
3231 3266 296
3231 3240 67
3242 3244 199
3259 3308 236
3286 3314 61
3297 3323 293
3304 3319 216
3309 3323 8
3332 3375 193
3351 3390 114
3367 3381 265
3377 3399 279
3406 3419 20
3406 3426 215
3407 3437 75
3427 3437 217
3450 3493 123
3461 3499 188
3477 3505 1
3499 3530 230
3522 3558 144
3525 3529 2
3526 3532 183
3544 3588 216
3547 3567 239
3562 3589 12
3580 3608 132
3596 3597 47
3621 3629 114
3633 3662 12
3655 3686 34
3675 3685 276
3701 3723 13
3709 3742 143
3715 3743 133
3736 3783 47
3739 3746 199
3755 3776 43
3779 3791 251
3809 3855 190
3811 3818 228
3819 3826 14
3835 3872 34
3840 3881 60
3854 3894 31
3883 3933 196
3886 3910 154
3914 3926 118
3917 3967 200
3928 3957 256
3929 3949 231
3949 3966 75
3976 4002 278
3997 3998 281
3998 4014 259
4011 4057 108
4030 4078 207
4049 4067 20
4072 4103 251
4079 4116 151
4089 4111 284
4104 4106 197
4119 4120 229
4135 4137 13
4163 4208 54
4177 4226 92
4193 4213 220
4197 4201 4
4208 4230 27
4221 4242 209
4236 4267 187
4250 4262 200
4254 4281 280
4261 4270 300
4277 4325 114
4306 4346 294
4330 4365 34
4355 4380 226
4379 4381 16
4397 4442 28
4422 4430 177
4448 4480 212
4473 4486 45
4501 4537 195
4511 4516 289
4529 4530 265
4530 4540 102
4553 4573 138
4573 4596 41
4597 4612 185
4626 4647 69
4646 4662 227
4650 4662 223
4653 4702 246
4675 4679 158
4678 4691 295
4707 4747 260
4709 4727 20
4714 4756 163
4729 4778 261
4750 4791 62
4760 4768 205
4787 4832 105
4817 4853 230
4838 4876 275
4860 4861 136
4890 4904 118
4905 4908 234
4909 4933 20
4909 4924 232
4926 4960 144
4941 4955 193
4947 4982 209
4970 4999 62
4996 5001 185
5014 5035 66
5024 5029 103
5034 5076 278
5054 5100 187
5066 5094 178
5068 5093 109
5068 5110 218
5075 5083 121
5077 5124 111
5092 5096 117
5118 5162 246
5133 5157 85
5156 5203 13
5166 5205 221
5184 5228 286
5211 5254 12
5226 5228 90
5247 5272 177
5263 5305 2
5276 5300 30
5283 5300 39
5296 5331 135
5316 5357 100
5343 5389 52
5348 5385 13
5349 5394 167
5362 5375 98
5378 5406 156
5401 5445 111
5422 5460 48
5452 5491 201
5457 5483 212
5477 5479 230
5498 5533 82
5500 5507 133
5516 5564 17
5518 5560 97
5542 5572 158
5569 5613 39
5571 5605 102
5592 5623 15
5613 5637 48
5613 5640 77
5639 5644 68
5648 5690 254
5670 5681 17
5682 5711 14
5702 5716 43
5705 5747 55
5721 5745 36
5730 5768 29
5734 5775 55
5739 5746 181
5769 5781 87
5798 5836 249
5827 5848 24
5831 5834 108
5839 5848 156
5849 5853 180
5872 5896 173
5888 5938 113
5900 5920 256
5907 5915 47
5932 5935 142
5941 5968 11
5953 5971 243
5973 5997 204
5990 6018 237
6015 6037 163
6023 6039 300
6040 6053 221
6069 6115 293
6076 6097 242
6089 6114 199
6114 6119 241
6115 6144 3
6140 6162 270
6145 6148 87
6174 6182 127
6176 6226 199
6191 6221 257
6204 6223 33
6218 6246 20
6233 6242 36
6242 6245 200
6244 6271 293
6246 6263 81
6273 6279 187
6290 6310 158
6312 6327 209
6313 6321 146
6332 6377 98
6353 6392 235
6368 6372 212
6376 6384 221
6379 6390 49
6399 6403 134
6410 6460 172
6416 6440 177
6429 6469 163
6451 6485 53
6460 6474 190
6488 6510 67
6488 6519 248
6497 6499 213
6505 6530 189
6517 6518 243
6537 6587 77
6540 6545 280
6557 6584 184
6574 6594 133
6604 6622 15
6628 6673 86
6644 6685 165
6645 6685 144
6668 6687 188
6695 6735 140
6705 6710 43
6724 6762 54
6736 6784 58
6753 6771 270
6780 6795 155
6786 6800 258
6787 6830 278
6791 6837 134
6818 6847 146
6820 6859 52
6828 6841 217
6851 6879 74
6857 6899 207
6880 6907 300
6880 6910 79
6880 6925 6
6901 6928 260
6909 6934 278
6930 6935 209
6947 6951 102
6959 6994 283
6979 7014 172
6990 7016 84
7009 7015 133
7028 7077 133
7038 7061 291
7049 7056 222
7051 7073 5
7079 7087 121
7088 7093 53
7095 7112 75
7115 7146 228
7143 7187 143
7150 7189 71
7168 7178 114
7187 7191 207
7211 7228 288
7218 7255 168
7237 7276 199
7249 7263 194
7265 7290 90
7275 7301 41
7275 7295 216
7286 7298 51
7289 7304 75
7291 7318 52
7297 7326 170
7317 7330 143
7317 7324 93
7344 7350 26
7346 7392 208
7370 7394 181
7388 7406 89
7399 7410 253
7403 7432 156
7417 7455 276
7438 7444 255
7458 7467 216
7486 7491 228
7506 7555 196
7527 7557 196
7528 7532 159
7536 7554 186
7557 7573 198
7560 7605 166
7579 7607 121
7579 7605 61
7585 7611 15
7600 7621 184
7608 7612 281
7619 7630 43
7621 7671 242
7621 7661 60
7647 7693 163
7651 7683 149
7656 7678 228
7674 7716 177
7676 7709 165
7695 7721 208
7713 7743 87
7724 7742 192
7744 7751 100
7747 7753 113
7777 7826 285
7806 7847 114
7808 7809 234
7831 7851 165
7851 7858 1
7864 7882 59
7889 7933 120
7905 7946 203
7916 7960 226
7930 7932 162
7943 7948 34
7949 7995 99
7956 7972 214
7976 7981 109
7995 8005 169
8017 8038 125
8047 8097 255
8061 8093 25
8086 8099 16
8116 8143 158
8143 8171 107
8166 8200 271
8189 8215 136
8206 8254 145
8207 8219 264
8211 8212 164
8238 8243 291
8258 8288 170
8283 8285 18
8296 8341 113
8304 8338 277
8318 8344 74
8332 8365 27
8360 8397 125
8378 8383 101
8397 8422 23
8426 8437 42
8445 8480 112
8465 8504 10
8492 8542 168
8520 8548 163
8524 8565 265
8537 8558 46
8558 8577 15
8569 8616 224
8580 8586 263
8604 8630 203
8609 8642 141
8638 8654 214
8655 8693 223
8665 8673 250
8671 8721 94
8673 8709 86
8697 8713 218
8701 8706 224
8730 8736 266
8744 8778 211
8771 8808 199
8780 8826 284
8791 8802 182
8791 8825 40
8793 8820 287
8793 8814 236
8811 8827 182
8839 8840 28
8845 8856 103
8868 8897 59
8872 8911 260
8895 8936 226
8903 8932 45
8923 8955 227
8934 8954 185
8963 8979 133
8970 8992 24
8992 9032 263
9011 9035 228
9017 9027 204
9018 9022 220
9047 9090 281
9054 9058 44
9076 9103 264
9090 9109 69
9118 9166 117
9135 9140 242
9136 9182 131
9138 9184 61
9161 9173 267
9175 9208 112
9179 9193 179
9187 9196 2
9201 9227 251
9212 9232 108
9225 9238 280
9236 9280 64
9256 9279 153
9267 9269 269
9291 9331 132
9309 9358 25
9316 9336 135
9341 9380 135
9361 9381 251
9364 9395 178
9380 9417 255
9395 9397 16
9414 9434 78
9422 9434 282
9431 9441 235
9450 9474 65
9459 9471 36
9467 9480 124
9490 9522 298
9496 9542 137
9523 9561 180
9535 9555 105
9552 9573 233
9556 9584 81
9586 9590 262
9605 9606 222
9605 9644 191
9606 9617 289
9622 9631 225
9640 9658 254
9646 9659 40
9666 9703 65
9690 9723 75
9712 9758 170
9729 9754 146
9750 9789 166
9771 9800 168
9787 9822 4
9798 9819 234
9811 9828 200
9818 9834 281
9823 9827 161
9829 9847 134
9844 9885 41
9862 9876 81
9865 9910 242
9881 9931 247
9885 9896 41
9901 9919 29
9927 9946 73
9942 9985 120
9944 9994 17
9960 9998 159
9987 10024 266
10010 10014 184
10031 10037 16
10052 10055 184
10069 10085 243
10081 10124 122
10101 10151 176
10105 10109 149
10135 10142 10
10146 10183 76
10148 10181 153
10174 10175 98
10182 10232 163
10199 10203 286
10229 10237 259
10232 10269 172
10244 10264 33
10245 10293 176
10247 10295 73
10248 10279 280
10248 10279 184
10266 10312 9
10270 10303 120
10277 10303 235
10282 10292 36
10288 10337 73
10303 10328 97
10326 10355 93
10329 10375 39
10343 10351 244
10359 10399 283
10360 10400 42
10366 10379 271
10392 10436 127
10398 10445 136
10406 10449 145
10434 10468 289
10449 10454 209
10460 10462 295
10486 10523 26
10510 10511 64
10512 10530 300
10520 10566 74
10534 10578 35
10544 10572 74
10548 10568 243
10577 10596 70
10585 10591 45
10598 10605 61
10620 10630 171
10643 10644 104
10659 10666 11
10662 10693 91
10677 10687 250
10680 10729 276
10697 10710 276
10723 10732 222
10732 10751 10
10749 10769 230
10750 10756 92
10778 10795 271
10778 10792 71
10795 10817 267
10806 10856 222
10824 10840 157
10841 10848 237
10847 10880 215
10853 10861 180
10871 10901 286
10897 10918 190
10906 10942 140
10909 10937 15
10917 10935 54
10938 10970 194
10941 10949 246
10959 10989 244
10963 11003 105
10970 10996 190
10985 11001 224
11009 11029 135
11018 11042 4
11021 11071 20
11029 11033 226
11036 11060 102
11057 11079 90
11068 11093 218
11080 11130 288
11080 11128 80
11096 11142 210
11123 11159 251
11149 11196 32
11167 11169 210
11192 11219 92
11196 11225 278
11208 11236 232
11235 11272 271
11235 11242 30
11259 11273 259
11280 11307 30
11308 11326 260
11328 11368 163
11338 11354 210
11356 11359 234
11385 11421 276
11411 11442 294
11428 11477 262
11443 11445 110
11448 11463 137
11460 11510 34
11473 11491 210
11475 11497 164
11492 11496 106
11502 11519 245
11523 11542 104
11548 11562 129
11574 11580 135
11587 11623 22
11588 11630 224
11593 11608 241
11612 11644 97
11617 11650 136
11621 11656 287
11647 11673 193
11652 11664 113
11658 11665 299
11670 11710 222
11679 11697 164
11684 11685 71
11684 11712 237
11690 11696 171
11714 11722 204
11731 11755 129
11737 11761 83
11761 11783 157
11778 11822 50
11800 11825 67
11806 11852 256
11836 11886 82
11860 11870 266
11863 11898 248
11876 11909 86
11894 11912 15
11913 11956 165
11941 11984 223
11953 12000 185
11973 11997 83
11992 12008 122
12009 12050 175
12015 12048 101
12018 12036 126
12023 12066 108
12052 12079 160
12082 12111 263
12082 12084 62
12096 12106 135
12110 12159 164
12120 12145 191
12129 12177 164
12154 12191 43
12166 12189 154
12180 12200 191
12204 12217 6
12217 12228 19
12219 12265 155
12230 12232 238
12252 12256 174
12282 12332 233
12285 12286 137
12289 12337 123
12298 12318 74
12308 12337 216
12335 12350 102
12360 12403 126
12372 12415 40
12398 12421 90
12410 12431 167
12420 12437 38
12428 12440 23
12435 12437 241
12451 12464 283
12478 12528 176
12490 12501 241
12490 12537 258
12512 12521 82
12531 12533 169
12553 12570 229
12554 12568 33
12565 12571 81
12575 12585 20
12579 12613 273
12601 12650 67
12627 12638 123
12628 12650 179
12643 12688 69
12647 12694 205
12659 12675 133
12687 12693 256
12704 12749 61
12720 12729 167
12740 12773 131
12761 12779 101
12773 12818 257
12803 12808 179
12823 12870 281
12847 12864 42
12852 12868 153
12862 12895 300
12884 12901 15
12884 12900 242
12895 12921 277
12903 12948 52
12910 12941 132
12917 12933 97
12946 12970 177
12954 12982 24
12962 12991 196
12986 12991 26
12996 13009 206
13025 13071 196
13029 13060 112
13059 13088 270
13067 13095 225
13097 13139 151
13119 13130 54
13128 13136 41
13152 13157 192
13175 13202 196
13196 13246 246
13196 13214 158
13220 13225 27
13220 13225 149
13238 13276 234
13268 13291 11
13283 13284 88
13301 13307 228
13330 13361 92
13337 13361 197
13358 13387 247
13384 13393 296
13400 13447 281
13427 13470 40
13431 13458 222
13434 13479 35
13457 13468 49
13476 13477 179
13479 13487 161
13506 13526 112
13532 13545 11
13532 13547 148
13534 13552 74
13562 13576 114
13576 13610 238
13577 13587 114
13603 13635 199
13633 13669 20
13652 13699 21
13653 13682 245
13660 13664 231
13688 13693 106
13702 13748 245
13721 13755 114
13733 13776 126
13763 13784 116
13783 13803 123
13787 13816 135
13803 13831 296
13806 13829 56
13829 13854 205
13851 13900 289
13873 13897 192
13886 13891 145
13915 13931 127
13935 13965 92
13952 13999 271
13969 13979 124
13974 14021 88
14002 14044 145
14031 14073 174
14058 14062 100
14080 14090 127
14104 14141 201
14134 14156 213
14161 14185 47
14191 14212 187
14209 14218 278
14224 14272 169
14226 14237 217
14242 14288 64
14258 14283 222
14277 14296 218
14295 14296 169
14312 14340 93
14315 14336 95
14319 14333 116
14347 14389 4
14377 14397 283
14398 14448 57
14413 14446 232
14439 14467 257
14462 14475 150
14488 14508 274
14491 14500 49
14494 14534 223
14515 14539 38
14525 14555 175
14532 14582 136
14541 14591 141
14566 14595 104
14584 14588 79
14604 14614 28
14634 14651 255
14661 14677 164
14685 14704 278
14711 14739 108
14713 14714 296
14731 14742 158
14753 14765 220
14781 14819 187
14786 14825 149
14788 14823 31
14790 14791 121
14811 14840 175
14841 14871 271
14868 14887 108
14887 14929 239
14913 14947 100
14917 14940 128
14932 14963 268
14939 14956 201
14943 14981 25
14970 15015 57
14994 15021 119
15022 15063 62
15033 15065 126
15034 15084 7
15046 15072 34
15048 15067 35
15055 15091 265
15066 15075 84
15090 15123 74
15097 15129 162
15122 15161 175
15143 15156 41
15149 15194 47
15154 15166 290
15183 15223 242
15185 15225 39
15197 15229 176
15208 15213 193
15238 15244 125
15261 15300 146
15269 15318 77
15287 15305 113
15294 15311 144
15311 15333 296
15312 15339 74
15337 15372 73
15339 15365 267
15342 15344 133
15345 15374 142
15375 15392 266
15390 15419 157
15407 15430 172
15431 15438 103
15448 15463 189
15458 15496 39
15478 15487 130
15498 15512 285
15503 15545 90
15509 15545 105
15509 15518 23
15526 15531 218
15548 15579 71
15564 15571 276
15581 15599 197
15594 15639 232
15616 15641 228
15617 15624 143
15641 15675 245
15671 15674 281
15691 15712 240
15692 15698 103
15722 15760 134
15741 15744 158
15759 15760 104
15774 15789 43
15790 15840 145
15818 15866 52
15829 15870 243
15846 15870 263
15859 15865 193
15868 15901 244
15882 15927 112
15900 15929 246
15903 15925 290
15921 15954 128
15924 15972 180
15947 15973 89
15966 16011 160
15979 16026 4
16001 16028 12
16031 16053 169
16032 16040 147
16054 16061 97
16069 16098 232
16073 16099 244
16099 16100 189
16124 16166 189
16132 16160 269
16138 16172 182
16157 16196 175
16164 16207 11
16188 16236 90
16209 16237 30
16234 16235 96
16251 16275 53
16256 16279 205
16279 16309 51
16292 16328 56
16314 16320 287
16314 16329 46
16324 16341 198
16334 16351 84
16350 16393 89
16355 16372 75
16361 16407 288
16370 16373 88
16375 16382 217
16395 16411 200
16418 16448 180
16429 16434 74
16440 16441 77
16469 16510 150
16488 16503 265
16501 16511 255
16504 16540 282
16518 16534 168
16522 16543 139
16541 16559 128
16571 16599 150
16595 16608 230
16624 16644 47
16637 16687 14
16652 16660 173
16673 16704 7
16693 16727 186
16719 16769 124
16739 16763 159
16748 16798 86
16769 16790 220
16797 16804 235
16802 16816 110
16826 16840 133
16830 16856 243
16851 16892 272
16859 16880 106
16864 16872 242
16882 16928 62
16910 16958 5
16914 16932 283
16926 16970 53
16940 16963 147
16949 16980 199
16949 16996 242
16965 16966 67
16976 17001 113
16980 17005 236
16998 17002 152
17019 17067 84
17049 17085 60
17050 17096 221
17057 17060 230
17057 17100 70
17083 17087 205
17099 17117 112
17122 17167 10
17134 17163 106
17140 17161 14
17168 17217 59
17174 17182 123
17189 17200 229
17191 17202 2
17209 17229 67
17225 17227 110
17226 17272 6
17241 17279 222
17245 17278 106
17254 17268 209
17263 17271 293
17280 17308 118
17280 17321 120
17298 17311 188
17298 17324 67
17318 17347 229
17345 17381 249
17350 17351 103
17355 17393 53
17385 17434 233
17396 17402 165
17399 17435 168
17415 17427 245
17422 17426 291
17439 17466 68
17452 17491 98
17474 17524 100
17488 17519 167
17502 17539 196
17530 17567 283
17532 17560 47
17536 17564 259
17556 17584 2
17585 17609 193
17603 17650 228
17612 17647 94
17632 17670 144
17635 17640 87
17661 17662 182
17685 17690 226
17714 17726 113
17724 17774 275
17725 17768 22
17742 17786 128
17753 17801 67
17771 17810 18
17793 17798 26
17817 17831 279
17822 17859 110
17842 17854 206
17844 17855 127
17844 17858 208
17850 17891 84
17878 17913 296
17892 17901 252
17911 17925 195
17912 17961 78
17937 17957 250
17938 17939 51
17939 17953 135
17963 17964 73
17990 18024 133
18018 18032 53
18031 18032 203
18060 18067 280
18082 18118 287
18107 18151 154
18117 18133 208
18132 18177 124
18132 18157 140
18152 18171 44
18167 18203 34
18182 18217 207
18184 18201 10
18210 18251 293
18227 18270 193
18257 18275 207
18262 18303 186
18270 18320 31
18277 18318 7
18277 18303 29
18286 18311 143
18286 18310 83
18297 18336 109
18301 18309 132
18318 18368 175
18331 18363 111
18347 18389 209
18376 18383 255
18378 18394 197
18392 18410 292
18396 18424 219
18423 18443 159
18445 18482 112
18469 18498 60
18486 18529 13
18489 18523 10
18510 18548 191
18512 18562 260
18525 18555 224
18545 18591 278
18555 18596 214
18567 18615 182
18579 18619 18
18605 18620 100
18627 18667 21
18638 18654 22
18666 18690 231
18678 18687 229
18684 18719 213
18709 18726 76
18738 18744 163
18741 18784 119
18771 18792 24
18795 18843 39
18823 18830 284
18839 18882 131
18844 18884 22
18874 18886 111
18901 18907 26
18905 18934 124
18910 18912 84
18933 18976 109
18939 18967 176
18953 18966 291
18975 19011 196
19002 19041 118
19014 19032 213
19015 19043 83
19022 19039 152
19049 19087 128
19070 19089 172
19091 19134 8
19111 19135 290
19137 19171 1
19143 19163 239
19144 19178 265
19166 19216 9
19172 19178 119
19176 19197 289
19196 19227 48
19198 19248 187
19222 19225 8
19234 19251 205
19240 19258 80
19270 19271 93
19278 19306 296
19292 19333 123
19322 19350 274
19336 19368 233
19357 19393 45
19365 19390 83
19369 19381 2
19373 19413 236
19399 19438 183
19428 19441 144
19458 19482 131
19467 19481 21
19492 19535 17
19516 19554 154
19524 19558 244
19553 19560 71
19564 19607 41
19587 19627 185
19612 19649 188
19613 19638 43
19636 19652 151
19658 19679 179
19688 19697 138
19718 19759 75
19738 19762 298
19748 19798 61
19749 19775 288
19754 19791 37
19758 19805 122
19771 19794 69
19793 19809 279
19806 19850 94
19819 19849 9
19847 19882 235
19849 19881 298
19854 19884 48
19863 19892 87
19891 19939 49
19893 19915 295
19898 19924 116
19919 19945 48
19930 19946 247
19945 19992 295
19954 20002 215
19961 19981 199
19981 19991 121
19990 19993 237
20001 20023 27
20014 20044 239
20034 20057 189
20048 20061 205
20056 20070 104
20060 20071 197
20083 20116 178
20084 20090 172
20096 20115 48
20097 20140 28
20101 20136 149
20101 20129 151
20113 20135 100
20114 20140 5
20136 20150 164
20162 20165 124
20173 20212 189
20203 20242 112
20208 20256 199
20210 20259 206
20223 20260 17
20250 20292 196
20275 20316 279
20277 20311 205
20281 20301 195
20306 20352 71
20320 20357 281
20347 20364 31
20373 20395 299
20402 20414 194
20410 20435 259
20434 20436 132
20461 20465 182
20490 20502 283
20516 20549 287
20538 20546 261
20540 20575 295
20556 20592 147
20560 20583 153
20573 20621 154
20590 20611 64
20590 20628 134
20608 20646 271
20614 20638 16
20643 20651 140
20662 20698 154
20692 20724 68
20716 20747 34
20736 20776 245
20739 20777 185
20760 20810 259
20774 20824 183
20795 20842 39
20822 20858 272
20832 20856 263
20860 20884 97
20880 20888 218
20897 20930 285
20898 20902 148
20904 20909 219
20919 20943 278
20925 20933 81
20933 20982 198
20940 20941 5
20957 20968 299
20973 20989 206
20997 21042 71
21021 21063 155
21038 21080 283
21049 21051 106
21074 21087 94
21103 21114 150
21124 21162 13
21147 21150 119
21170 21216 240
21191 21217 99
21216 21249 85
21227 21251 231
21245 21249 298
21257 21283 200
21271 21282 91
21285 21327 198
21305 21321 14
21310 21319 220
21339 21372 58
21351 21388 121
21359 21404 54
21381 21397 293
21390 21431 9
21413 21433 147
21442 21472 210
21471 21498 214
21499 21521 213
21503 21516 230
21527 21534 49
21534 21535 277
21545 21563 79
21559 21568 2
21559 21581 136
21571 21599 1
21589 21607 274
21589 21633 116
21609 21658 299
21616 21636 172
21624 21649 115
21642 21687 3
21663 21678 9
21663 21713 98
21664 21699 58
21683 21704 171
21696 21740 194
21721 21747 122
21728 21759 59
21751 21772 222
21773 21816 182
21780 21799 267
21788 21794 136
21810 21816 268
21812 21852 24
21821 21860 271
21837 21846 141
21838 21879 84
21866 21894 202
21884 21895 175
21888 21933 210
21913 21948 219
21936 21940 229
21948 21972 150
21955 21982 56
21971 21994 173
21976 22003 280
21992 22024 138
21994 22013 15
22000 22030 150
22020 22030 189
22027 22033 66
22051 22071 84
22056 22076 91
22086 22089 24
22114 22129 14
22140 22184 79
22161 22191 10
22170 22182 51
22199 22217 100
22227 22268 195
22250 22255 17
22260 22296 289
22276 22298 17
22294 22307 230
22324 22333 148
22352 22368 43
22355 22376 18
22381 22403 222
22386 22422 284
22416 22430 3
22429 22460 189
22435 22441 146
22450 22472 233
22478 22498 193
22504 22511 222
22507 22512 239
22511 22549 245
22513 22538 13
22533 22573 281
22536 22539 265
22558 22565 256
22571 22604 138
22571 22613 169
22579 22593 261
22592 22600 123
22610 22629 195
22623 22671 65
22639 22685 98
22654 22665 135
22673 22709 273
22702 22721 142
22725 22755 189
22742 22774 94
22768 22789 272
22773 22805 256
22793 22823 62
22823 22860 122
22852 22860 99
22875 22889 43
22899 22935 198
22921 22927 236
22941 22953 235
22951 22961 285
22970 22996 15
22983 22990 232
23009 23025 80
23030 23061 8
23044 23079 30
23070 23087 13
23093 23130 168
23108 23117 48
23108 23127 205
23108 23156 92
23137 23151 188
23161 23172 83
23164 23174 178
23193 23226 120
23198 23234 267
23201 23228 218
23217 23256 267
23234 23275 85
23258 23270 67
23279 23321 110
23281 23325 163
23283 23322 208
23296 23340 261
23302 23340 23
23304 23328 50
23313 23324 280
23324 23341 285
23324 23341 65
23324 23368 111
23328 23378 46
23334 23342 152
23352 23357 264
23370 23410 108
23384 23409 148
23397 23442 218
23414 23420 239
23437 23445 26
23452 23460 190
23458 23504 153
23467 23501 294
23469 23509 177
23478 23491 289
23495 23525 244
23498 23532 50
23503 23540 298
23509 23515 97
23534 23570 221
23536 23568 274
23556 23577 284
23568 23613 276
23595 23604 115
23615 23654 199
23635 23666 36
23646 23660 56
23662 23671 26
23682 23732 156
23691 23722 112
23710 23715 9
23715 23748 255
23723 23743 127
23741 23765 100
23759 23769 49
23765 23766 162
23769 23806 284
23797 23815 61
23827 23875 190
23848 23873 138
23869 23908 145
23897 23900 200
23897 23930 29
23925 23961 38
23926 23969 295
23929 23976 15
23938 23986 113
23939 23955 201
23969 23991 44
23994 24024 180
23994 24040 226
24016 24041 27
24022 24023 279
24045 24046 93
24058 24095 203
24084 24123 287
24093 24143 110
24117 24149 198
24134 24147 204
24161 24201 207
24164 24165 79
24165 24190 105
24179 24198 271
24200 24231 202
24204 24207 170
24211 24212 156
24225 24249 228
24240 24259 16
24266 24310 125
24269 24311 13
24276 24304 33
24289 24337 139
24313 24343 208
24333 24378 276
24349 24383 174
24379 24391 131
24396 24398 272
24400 24419 215
24430 24463 247
24444 24480 78
24448 24491 118
24469 24489 248
24494 24520 234
24517 24536 51
24541 24581 153
24548 24567 281
24573 24608 36
24577 24608 104
24598 24623 45
24609 24618 287
24615 24627 295
24621 24663 209
24644 24658 75
24661 24684 98
24686 24705 205
24697 24743 8
24709 24730 220
24726 24756 213
24741 24749 225
24750 24790 224
24769 24818 46
24779 24818 144
24796 24798 69
24797 24806 142
24823 24846 86
24850 24864 199
24871 24878 288
24899 24905 135
24916 24946 78
24928 24978 135
24933 24980 118
24935 24954 21
24958 25003 264
24981 24994 44
24997 25014 60
25008 25053 203
25038 25081 235
25066 25115 104
25089 25090 4
25089 25117 247
25119 25146 19
25123 25148 224
25153 25169 142
25153 25192 170
25182 25230 198
25208 25238 36
25226 25236 248
25240 25282 206
25258 25268 206
25287 25311 148
25305 25337 299
25318 25329 241
25330 25354 170
25347 25386 36
25365 25383 282
25367 25394 231
25367 25411 201
25391 25416 243
25414 25453 66
25418 25466 175
25431 25464 3
25460 25491 8
25473 25477 189
25478 25523 92
25499 25507 42
25505 25527 90
25523 25537 18
25547 25553 271
25554 25599 172
25577 25598 75
25581 25606 187
25594 25639 261
25614 25621 27
25619 25657 99
25648 25689 97
25655 25686 77
25667 25674 96
25685 25693 114
25705 25734 2
25709 25713 247
25732 25771 35
25741 25773 97
25758 25804 199
25766 25788 24
25768 25783 23
25780 25803 60
25789 25809 250
25797 25816 218
25818 25865 45
25821 25862 295
25851 25883 2
25873 25900 29
25877 25912 163
25893 25901 22
25903 25944 205
25916 25946 86
25926 25927 129
25942 25982 298
25951 25965 1
25979 25983 16
26009 26017 146
26016 26023 42
26020 26030 257
26046 26094 299
26067 26076 284
26084 26091 198
26105 26119 284
26111 26115 195
26132 26163 121
26143 26166 262
26152 26165 164
26152 26202 73
26181 26227 84
26194 26203 175
26200 26219 158
26206 26211 180
26218 26240 179
26231 26279 201
26249 26270 241
26269 26283 40
26277 26285 295
26298 26329 31
26325 26341 84
26326 26357 240
26330 26359 12
26350 26353 284
26359 26382 258
26389 26407 85
26406 26437 284
26430 26460 277
26431 26438 208
26432 26445 143
26446 26452 40
26465 26506 294
26470 26497 31
26494 26533 80
26498 26510 216
26519 26522 137
26547 26596 90
26558 26598 130
26567 26616 245
26573 26604 228
26601 26615 199
26629 26671 190
26652 26695 27
26654 26674 10
26664 26675 178
26673 26708 281
26688 26702 178
26705 26741 25
26732 26748 22
26751 26770 82
26755 26790 210
26784 26806 299
26791 26837 81
26798 26799 154
26825 26834 211
26830 26851 144
26831 26879 268
26860 26883 160
26864 26907 198
26865 26884 200
26894 26922 124
26924 26944 134
26927 26972 55
26941 26975 201
26958 26973 42
26958 26995 74
26983 26991 201
26983 27029 107
27003 27006 9
27021 27040 141
27037 27042 26
27044 27059 55
27067 27083 117
27087 27107 227
27092 27100 201
27112 27139 207
27132 27147 155
27136 27172 263
27146 27172 154
27151 27179 238
27177 27224 182
27196 27219 287
27220 27228 166
27238 27277 178
27256 27267 227
27279 27324 243
27288 27294 296
27299 27316 150
27299 27307 235
27309 27314 194
27325 27327 158
27326 27336 146
27333 27344 138
27333 27342 284
27358 27379 223
27386 27392 80
27398 27431 282
27428 27478 176
27435 27471 192
27437 27485 163
27449 27480 211
27471 27516 167
27495 27538 94
27522 27571 92
27550 27583 230
27563 27594 151
27575 27611 48
27596 27598 41
27605 27611 155
27616 27631 269
27630 27641 229
27656 27685 79
27664 27689 91
27686 27717 112
27708 27758 205
27728 27741 121
27746 27788 21
27759 27774 263
27775 27816 25
27805 27810 164
27806 27846 171
27820 27857 162
27846 27874 271
27855 27866 164
27873 27880 115
27895 27906 187
27921 27961 114
27932 27943 177
27935 27984 180
27955 27985 63
27965 27987 266
27978 28019 3
28003 28030 10
28008 28024 102
28036 28050 260
28039 28059 251
28049 28080 68
28056 28105 217
28060 28105 263
28060 28093 153
28060 28088 202
28082 28094 110
28103 28152 134
28125 28151 177
28140 28143 224
28148 28171 135
28167 28201 192
28191 28196 28
28193 28213 56
28210 28231 6
28218 28234 263
28232 28275 217
28252 28265 136
28279 28290 185
28302 28312 240
28327 28369 159
28338 28345 195
28340 28358 161
28340 28365 248
28355 28389 20
28357 28390 267
28360 28391 124
28372 28378 176
28377 28413 82
28395 28414 106
28420 28429 300
28445 28474 23
28451 28466 270
28457 28499 21
28467 28489 51
28496 28507 12
28507 28510 114
28534 28553 299
28536 28578 227
28539 28544 189
28560 28587 288
28561 28570 139
28574 28603 148
28593 28639 127
28596 28636 280
28621 28622 172
28642 28670 223
28643 28669 12
28666 28697 200
28689 28695 185
28692 28723 115
28692 28725 47
28715 28760 287
28738 28757 299
28764 28797 299
28772 28816 202
28798 28801 106
28799 28816 37
28804 28827 68
28820 28849 284
28848 28850 37
28861 28877 8
28889 28896 77
28908 28916 129
28929 28940 171
28948 28997 73
28974 29005 167
29002 29036 98
29005 29043 8
29009 29055 23
29009 29044 83
29037 29046 199
29048 29087 215
29068 29118 258
29081 29106 24
29110 29132 239
29135 29180 80
29157 29185 295
29183 29200 246
29210 29230 189
29226 29268 237
29231 29257 280
29234 29276 76
29247 29274 131
29253 29301 104
29276 29296 175
29285 29325 203
29291 29299 279
29294 29337 191
29323 29350 286
29347 29364 79
29358 29369 107
29382 29428 125
29394 29418 9
29403 29440 54
29404 29433 136
29410 29436 145
29440 29459 104
29440 29451 117
29457 29496 133
29460 29510 255
29471 29485 262
29490 29493 82
29503 29515 1
29510 29555 145
29510 29538 278
29539 29550 94
29541 29577 222
29551 29601 179
29553 29558 287
29583 29591 224
29584 29604 92
29593 29612 246
29597 29646 6
29605 29636 80
29628 29659 107
29641 29644 284
29670 29718 273
29693 29704 141
29709 29753 159
29739 29768 110
29756 29762 269
29768 29801 145
29780 29787 98
29788 29825 212
29802 29821 300
29804 29825 124
29809 29817 265
29835 29872 38
29858 29889 194
29873 29910 219
29876 29918 76
29893 29903 5
29901 29912 111
29904 29915 276
29917 29921 35
29941 29971 134
29969 29979 3
29986 30008 122
29988 30012 129
29989 29994 13
30015 30037 236
30031 30054 146
30055 30061 30
30069 30071 299
30074 30120 272
30074 30112 197
30102 30144 4
30129 30139 3
30137 30142 15
30138 30169 181
30149 30198 21
30166 30200 89
30181 30206 48
30192 30197 103
30221 30229 185
30223 30272 144
30224 30249 63
30245 30284 124
30256 30258 152
30268 30280 32
30290 30322 2
30302 30339 247
30302 30339 245
30312 30327 254
30317 30340 205
30331 30337 240
30358 30370 22
30385 30398 37
30391 30407 56
30400 30414 88
30429 30465 232
30435 30481 214
30450 30461 55
30465 30472 61
30475 30489 195
30490 30523 230
30500 30525 292
30512 30551 259
30521 30548 257
30525 30551 255
30533 30563 147
30540 30568 56
30568 30591 248
30593 30594 220
30601 30630 132
30611 30620 224
30619 30631 7
30623 30640 21
30648 30678 185
30673 30702 21
30690 30695 125
30712 30724 3
30715 30762 262
30738 30744 72
30765 30776 253
30794 30795 105
30797 30808 191
30803 30842 85
30829 30845 174
30837 30874 197
30852 30889 112
30880 30925 238
30900 30913 93
30913 30925 205
30913 30941 167
30913 30922 19
30941 30955 258
30969 31009 287
30981 30999 14
30987 31006 286
31007 31049 182
31011 31048 227
31033 31072 217
31062 31110 246
31082 31124 227
31112 31129 261
31129 31148 56
31151 31169 143
31151 31185 266
31174 31220 233
31180 31216 269
31189 31207 163
31201 31204 140
31217 31250 258
31237 31248 28
31257 31285 187
31259 31303 226
31279 31291 36
31281 31299 141
31282 31328 27
31310 31336 296
31325 31366 54
31340 31370 177
31355 31402 78
31372 31374 240
31396 31438 229
31409 31430 241
31431 31468 131
31437 31443 100
31452 31463 60
31468 31498 164
31489 31493 31
31500 31535 87
31507 31554 288
31519 31558 13
31543 31591 42
31543 31556 58
31552 31580 98
31552 31593 160
31578 31619 155
31586 31634 20
31586 31625 152
31600 31650 117
31621 31639 55
31647 31660 187
31647 31687 98
31661 31669 52
31688 31709 277
31712 31715 101
31737 31762 87
31761 31786 154
31783 31791 185
31783 31818 25
31796 31825 286
31820 31856 255
31823 31829 284
31853 31868 248
31876 31921 195
31898 31946 72
31912 31956 30
31925 31940 153
31925 31930 80
31929 31958 13
31950 31977 146
31970 32011 152
31994 32030 260
32023 32025 102
32041 32045 77
32067 32074 133
32067 32104 262
32068 32100 236
32080 32101 107
32081 32088 295
32085 32109 251
32098 32146 290
32119 32129 6
32127 32171 49
32130 32178 140
32138 32158 20
32141 32185 281
32145 32192 76
32171 32174 180
32185 32199 108
32205 32220 111
32205 32246 30
32225 32243 71
32246 32294 194
32253 32290 250
32278 32288 239
32283 32311 267
32295 32337 73
32317 32333 273
32323 32357 200
32332 32375 30
32351 32389 23
32363 32403 155
32383 32401 280
32407 32427 251
32421 32445 74
32442 32453 152
32457 32484 171
32470 32519 144
32472 32499 210
32493 32525 269
32521 32532 110
32544 32572 92
32557 32586 118
32571 32595 212
32596 32624 87
32626 32629 175
32651 32686 152
32652 32671 295
32673 32704 5
32697 32717 196
32698 32699 268
32721 32747 153
32747 32765 38
32758 32763 255
32760 32780 189
32783 32815 31
32810 32854 250
32825 32831 149
32849 32867 152
32879 32908 40
32892 32935 263
32916 32955 147
32920 32928 204
32938 32971 267
32958 32992 15
32979 33021 46
32984 33017 275
32990 33031 261
32991 33007 134
32992 32995 94
33008 33045 258
33036 33050 85
33056 33092 201
33056 33094 130
33056 33060 103
33069 33114 192
33078 33093 67
33104 33116 240
33109 33123 7
33109 33138 288
33126 33143 210
33133 33179 201
33153 33168 95
33180 33229 7
33195 33231 104
33215 33246 31
33215 33245 97
33222 33262 155
33226 33234 78
33232 33278 69
33238 33288 4
33246 33250 240
33255 33283 95
33261 33309 162
33287 33294 255
33301 33348 108
33313 33330 69
33314 33326 292
33321 33348 240
33338 33370 249
33349 33387 183
33351 33368 262
33363 33392 232
33370 33412 222
33370 33400 7
33398 33427 299
33410 33414 56
33414 33428 238
33437 33457 226
33449 33481 28
33462 33490 9
33467 33508 257
33468 33471 1
33481 33505 141
33494 33507 246
33511 33527 31
33524 33540 30
33546 33573 195
33555 33604 41
33580 33585 120
33597 33633 100
33619 33639 178
33637 33639 204
33652 33675 270
33656 33685 298
33670 33705 23
33671 33708 180
33681 33686 291
33702 33732 4
33725 33771 68
33727 33777 46
33749 33785 250
33766 33814 188
33787 33804 168
33812 33842 212
33818 33841 300
33825 33867 249
33853 33902 295
33867 33898 57
33875 33892 23
33889 33910 119
33919 33962 295
33923 33954 197
33949 33965 105
33965 33987 143
33993 34039 149
34018 34049 73
34041 34047 275
34064 34111 3
34077 34092 138
34085 34124 215
34092 34108 262
34109 34150 165
34122 34168 173
34125 34150 82
34151 34192 148
34180 34226 297
34192 34196 244
34197 34226 197
34224 34269 104
34227 34264 241
34233 34238 42
34257 34294 145
34281 34285 43
34293 34312 282
34294 34296 214
34313 34320 220
34316 34325 99
34326 34339 65
34326 34327 18
34329 34341 33
34359 34381 30
34387 34402 26
34397 34429 209
34425 34427 72
34429 34440 156
34453 34482 245
34455 34466 165
34455 34488 34
34466 34491 93
34484 34505 43
34495 34505 214
34525 34547 270
34539 34587 180
34569 34609 165
34595 34613 295
34604 34616 6
34622 34670 266
34652 34661 59
34666 34694 209
34690 34728 34
34699 34727 40
34721 34765 83
34728 34745 153
34746 34786 64
34761 34782 189
34764 34774 51
34765 34796 90
34794 34844 115
34804 34813 148
34809 34858 184
34824 34833 73
34831 34872 230
34845 34847 234
34869 34875 68
34886 34936 29
34905 34919 76
34929 34943 227
34938 34954 114
34940 34974 71
34966 34967 234
34971 35003 62
34975 35005 213
34983 34992 290
35012 35054 160
35031 35042 7
35039 35077 63
35057 35080 93
35070 35074 124
35099 35125 286
35099 35107 37
35107 35137 278
35125 35163 195
35138 35172 10
35150 35168 26
35178 35218 291
35201 35233 157
35231 35240 46
35258 35270 87
35280 35330 192
35291 35333 71
35300 35328 138
35325 35371 103
35335 35384 54
35339 35365 97
35339 35351 65
35341 35380 188
35362 35379 95
35380 35395 236
35388 35415 52
35412 35451 54
35418 35433 242
35433 35456 271
35433 35459 65
35448 35481 249
35470 35502 130
35470 35512 207
35487 35504 155
35514 35553 177
35544 35584 222
35551 35588 266
35565 35608 58
35583 35598 39
35592 35639 61
35618 35630 140
35635 35640 61
35665 35684 247
35686 35700 127
35693 35703 75
35700 35704 115
35706 35742 153
35723 35759 163
35753 35771 116
35761 35787 3
35785 35834 54
35811 35843 212
35819 35864 84
35822 35849 68
35841 35847 106
35860 35903 268
35884 35924 98
35911 35943 180
35929 35966 253
35957 35981 34
35964 35985 146
35987 36020 51
36012 36024 237
36038 36088 228
36068 36106 109
36083 36099 120
36100 36147 143
36116 36127 223
36135 36179 79
36145 36186 172
36165 36189 110
36173 36190 288
36197 36221 144
36224 36255 44
36252 36283 48
36268 36280 109
36291 36301 39
36298 36332 4
36322 36356 99
36345 36352 24
36367 36373 39
36392 36420 58
36409 36428 212
36427 36465 298
36442 36473 168
36447 36454 3
36454 36484 76
36454 36494 136
36480 36500 187
36494 36516 168
36508 36544 162
36521 36561 125
36522 36544 176
36532 36551 260
36540 36580 141
36555 36583 39
36569 36579 73
36598 36633 199
36628 36630 283
36656 36699 7
36658 36700 59
36688 36705 140
36700 36733 1
36716 36717 271
36744 36756 211
36768 36799 144
36792 36815 226
36814 36834 269
36822 36835 154
36840 36851 121
36849 36869 213
36849 36852 288
36878 36889 146
36905 36942 67
36930 36937 134
36949 36978 180
36949 36961 268
36961 36973 102
36988 36989 105
37006 37034 36
37009 37049 106
37036 37068 194
37050 37052 296
37057 37098 7
37058 37081 6
37068 37104 11
37089 37090 54
37091 37126 204
37094 37114 41
37111 37134 27
37132 37138 265
37157 37188 277
37175 37224 6
37185 37233 18
37186 37188 300
37205 37249 37
37220 37267 278
37250 37270 72
37257 37277 35
37270 37298 85
37274 37296 198
37290 37334 128
37311 37347 266
37312 37346 106
37314 37321 211
37336 37374 87
37353 37391 189
37357 37371 35
37383 37384 62
37386 37404 293
37399 37413 84
37411 37453 48
37424 37443 142
37447 37448 94
37451 37469 141
37468 37494 153
37496 37501 119
37512 37555 223
37530 37545 217
37552 37567 76
37556 37562 68
37576 37598 61
37579 37619 250
37595 37603 269
37618 37626 248
37632 37637 212
37637 37662 132
37657 37658 53
37673 37709 11
37675 37721 63
37676 37726 249
37690 37724 256
37697 37733 26
37726 37750 104
37746 37771 279
37772 37816 216
37775 37824 77
37777 37821 57
37795 37804 283
37814 37853 103
37838 37876 93
37846 37856 167
37859 37879 76
37878 37922 134
37879 37884 283
37904 37926 163
37918 37967 263
37946 37990 155
37957 38000 117
37959 37994 267
37962 37996 20
37963 38005 93
37989 38014 99
38000 38022 65
38021 38056 144
38041 38063 131
38053 38066 193
38073 38101 203
38093 38129 51
38115 38162 16
38136 38174 116
38155 38188 88
38184 38223 246
38206 38219 226
38218 38267 125
38244 38273 121
38265 38281 232
38293 38295 45
38322 38339 170
38325 38365 23
38333 38356 10
38346 38367 157
38353 38354 71
38379 38382 258
38384 38390 137
38413 38461 248
38423 38448 104
38436 38458 279
38437 38455 113
38465 38470 70
38479 38528 239
38485 38522 53
38503 38550 182
38513 38552 300
38522 38565 203
38549 38576 178
38569 38601 169
38576 38620 193
38602 38640 278
38614 38632 269
38627 38675 220
38636 38656 17
38661 38679 208
38685 38735 110
38712 38736 215
38735 38782 79
38762 38766 124
38768 38806 255
38788 38800 247
38795 38799 197
38809 38842 207
38835 38866 111
38835 38862 216
38850 38882 47
38873 38917 277
38881 38883 74
38881 38887 50
38897 38906 232
38907 38924 116
38916 38918 179
38919 38964 91
38943 38953 230
38972 39011 62
38996 39045 215
39025 39037 40
39035 39042 245
39047 39049 165
39072 39102 250
39092 39137 286
39095 39125 151
39123 39164 139
39143 39193 145
39156 39204 10
39175 39213 34
39199 39246 286
39229 39260 256
39246 39272 183
39248 39293 113
39249 39294 184
39260 39296 297
39268 39297 249
39282 39299 87
39298 39309 184
39298 39306 65
39327 39357 137
39331 39340 25
39358 39404 209
39380 39388 242
39386 39434 170
39416 39425 164
39437 39485 244
39442 39444 139
39442 39478 281
39461 39465 62
39480 39509 291
39490 39533 44
39491 39527 136
39508 39537 159
39534 39540 151
39546 39595 256
39546 39548 193
39553 39571 31
39560 39561 122
39573 39602 98
39599 39606 251
39626 39648 94
39649 39669 293
39677 39707 53
39677 39708 96
39680 39700 53
39698 39702 282
39711 39719 131
39728 39756 164
39755 39766 39
39776 39793 200
39795 39811 27
39813 39842 246
39833 39859 172
39861 39892 60
39879 39884 273
39886 39917 97
39911 39944 39
39932 39943 276
39952 39977 213
39964 40003 115
39966 39985 239
39995 40042 198
40003 40032 93
40031 40072 272
40055 40101 107
40061 40063 6
40080 40116 127
40088 40115 39
40099 40147 294
40123 40155 215
40137 40145 23
40140 40154 212
40147 40184 249
40158 40184 139
40174 40210 82
40182 40193 105
40192 40236 79
40210 40230 244
40220 40238 280
40247 40289 282
40264 40309 180
40280 40291 93
40280 40281 154
40295 40315 235
40324 40372 221
40336 40380 201
40366 40397 7
40372 40382 152
40402 40449 150
40405 40421 156
40416 40455 54
40420 40422 86
40423 40461 72
40429 40476 35
40435 40447 109
40461 40505 173
40461 40487 89
40464 40492 214
40487 40507 140
40489 40530 34
40511 40539 120
40513 40558 89
40529 40544 28
40530 40552 99
40538 40567 96
40549 40586 55
40577 40578 173
40583 40587 119
40609 40650 243
40629 40667 75
40645 40676 94
40657 40662 299
40657 40670 113
40665 40707 294
40695 40716 267
40706 40726 11
40723 40763 247
40740 40752 21
40763 40796 43
40767 40786 65
40791 40821 120
40802 40804 296
40816 40856 76
40839 40872 161
40840 40867 161
40847 40864 194
40858 40883 20
40883 40930 265
40908 40916 210
40917 40940 217
40935 40975 253
40955 40983 2
40961 40971 39
40974 40993 255
40993 41038 54
41008 41024 116
41026 41066 115
41046 41065 240
41073 41098 16
41093 41143 169
41121 41129 81
41124 41156 150
41131 41146 183
41149 41162 40
41169 41210 172
41180 41211 65
41189 41197 238
41204 41247 90
41204 41234 265
41225 41274 256
41235 41257 299
41247 41250 150
41251 41253 209
41280 41291 248
41302 41342 155
41332 41363 88
41341 41382 99
41349 41386 151
41356 41361 168
41376 41418 128
41378 41426 75
41380 41389 270
41405 41454 208
41406 41413 193
41422 41434 128
41447 41496 16
41461 41504 60
41472 41514 227
41494 41525 45
41503 41518 129
41517 41556 125
41547 41595 51
41562 41601 136
41572 41601 49
41577 41622 156
41591 41632 101
41620 41641 76
41648 41651 20
41659 41683 290
41686 41720 271
41710 41713 92
41730 41731 191
41737 41752 259
41740 41756 53
41766 41784 169
41781 41794 78
41788 41800 281
41793 41830 16
41817 41863 75
41841 41857 12
41863 41901 167
41865 41886 181
41884 41910 4
41895 41943 218
41913 41953 99
41941 41980 121
41957 42007 225
41971 42010 285
41995 42014 201
41995 42004 135
42008 42036 273
42008 42036 93
42038 42083 65
42054 42087 265
42067 42069 244
42089 42093 153
42106 42110 153
42107 42145 56
42109 42129 265
42115 42135 201
42143 42192 237
42158 42203 71
42188 42238 252
42197 42200 248
42218 42222 253
42248 42266 95
42269 42308 200
42277 42318 124
42301 42322 221
42323 42366 147
42334 42372 25
42347 42349 283
42364 42382 38
42385 42389 230
42412 42428 263
42442 42492 58
42472 42475 156
42485 42493 286
42499 42539 29
42524 42566 184
42550 42583 21
42580 42603 124
42580 42590 142
42588 42621 71
42616 42619 214
42643 42665 218
42658 42697 219
42669 42687 89
42676 42723 298
42682 42696 282
42695 42716 73
42697 42743 57
42720 42739 87
42749 42765 31
42754 42780 83
42768 42787 59
42795 42802 175
42819 42844 182
42840 42864 17
42864 42908 263
42885 42920 216
42912 42961 265
42920 42929 95
42935 42953 244
42950 42990 1
42971 43008 214
42995 43043 278
43002 43034 142
43015 43030 244
43023 43055 142
43044 43060 231
43074 43091 162
43097 43126 72
43102 43152 140
43117 43126 134
43144 43190 172
43145 43149 208
43175 43208 252
43199 43238 257
43206 43251 132
43234 43238 87
43237 43257 167
43242 43249 110
43253 43281 164
43276 43304 228
43277 43280 31
43289 43294 33
43316 43358 158
43328 43343 27
43328 43378 24
43355 43393 32
43370 43379 103
43387 43429 158
43417 43425 249
43428 43476 275
43440 43464 94
43461 43462 188
43472 43504 100
43473 43505 209
43500 43522 31
43505 43542 48
43533 43572 118
43549 43599 3
43576 43594 137
43595 43624 14
43600 43632 230
43601 43613 196
43611 43622 103
43635 43677 288
43660 43673 122
43661 43690 127
43664 43678 103
43665 43694 38
43692 43720 187
43698 43699 96
43728 43768 167
43738 43787 53
43764 43778 27
43776 43788 73
43797 43844 206
43817 43847 191
43833 43869 63
43850 43872 46
43880 43888 223
43904 43926 112
43927 43928 85
43930 43980 259
43953 44001 53
43969 44016 254
43993 44008 257
43995 44034 130
44022 44039 181
44037 44043 193
44059 44073 198
44087 44132 23
44098 44116 156
44100 44118 158
44123 44171 232
44132 44169 23
44141 44153 42
44167 44198 247
44184 44188 16
44210 44251 29
44227 44265 42
44228 44270 104
44245 44275 90
44255 44303 34
44284 44322 176
44292 44336 286
44310 44357 133
44310 44329 221
44315 44329 79
44332 44333 277
44342 44355 258
44358 44363 165
44364 44376 13
44375 44387 299
44380 44424 229
44381 44413 258
44391 44430 22
44397 44425 272
44403 44436 163
44403 44429 120
44421 44463 23
44432 44450 287
44453 44502 59
44479 44529 29
44480 44481 224
44498 44513 11
44512 44524 145
44541 44569 58
44543 44563 251
44560 44561 61
44588 44602 108
44602 44644 48
44631 44664 217
44648 44653 74
44661 44696 273
44661 44705 168
44675 44686 194
44689 44702 172
44706 44724 241
44722 44728 196
44741 44753 62
44759 44795 205
44763 44807 68
44777 44819 213
44787 44795 260
44804 44839 202
44816 44837 51
44838 44854 236
44846 44874 141
44869 44896 115
44874 44912 121
44875 44925 269
44902 44946 182
44917 44963 91
44943 44989 26
44968 44978 149
44976 45003 147
44997 45003 210
45004 45034 150
45021 45024 114
45045 45072 53
45067 45099 185
45084 45094 258
45109 45127 155
45134 45166 269
45160 45207 35
45160 45161 294
45184 45186 140
45202 45232 163
45219 45264 84
45223 45251 17
45244 45293 125
45258 45259 86
45271 45316 224
45281 45294 27
45310 45353 65
45313 45342 176
45336 45365 56
45356 45358 95
45365 45414 86
45386 45419 27
45409 45428 143
45437 45454 292
45455 45502 197
45475 45490 90
45477 45500 95
45499 45506 211
45523 45529 26
45546 45553 51
45571 45619 38
45584 45604 27
45597 45628 263
45608 45655 251
45636 45670 300
45659 45671 195
45668 45677 90
45698 45743 212
45705 45738 89
45720 45761 208
45736 45741 298
45738 45767 247
45764 45783 6
45779 45780 50
45806 45847 207
45815 45820 8
45823 45824 116
45838 45845 179
45842 45886 296
45862 45863 180
45874 45903 80
45896 45911 51
45896 45904 146
45917 45945 219
45937 45957 111
45952 45973 76
45964 46011 164
45980 46001 45
46005 46038 16
46029 46037 84
46031 46069 28
46058 46061 186
46075 46077 134
46102 46135 170
46128 46139 128
46156 46165 204
46170 46189 153
46199 46234 54
46219 46249 193
46223 46250 296
46236 46285 50
46248 46253 46
46273 46295 194
46300 46340 299
46315 46352 23
46315 46343 228
46345 46353 60
46369 46380 111
46394 46426 115
46413 46449 258
46427 46464 22
46442 46470 236
46468 46509 184
46498 46529 66
46500 46513 209
46527 46546 222
46545 46590 75
46554 46583 292
46559 46596 273
46577 46618 12
46602 46603 49
46606 46612 112
46616 46638 194
46620 46660 19
46630 46639 156
46647 46665 235
46672 46676 43
46697 46719 24
46719 46723 282
46737 46764 217
46758 46799 265
46771 46819 84
46774 46809 160
46791 46830 94
46810 46858 263
46833 46863 150
46842 46864 278
46857 46868 155
46883 46928 206
46895 46920 235
46895 46906 136
46902 46926 111
46904 46922 222
46910 46946 79
46936 46971 209
46940 46955 252
46962 46972 64
46981 47003 10
46987 47023 282
46989 47000 248
47010 47056 286
47040 47046 163
47043 47061 274
47068 47083 25
47087 47130 84
47112 47133 285
47112 47113 287
47138 47181 153
47158 47182 250
47161 47187 131
47177 47192 98
47199 47211 158
47216 47244 265
47240 47263 180
47257 47268 238
47284 47327 150
47313 47315 245
47333 47338 7
47352 47357 5
47375 47378 154
47387 47404 62
47391 47441 210
47416 47456 85
47441 47449 169
47451 47474 79
47452 47492 272
47473 47477 27
47489 47511 295
47508 47545 246
47512 47544 58
47540 47566 258
47559 47574 295
47564 47608 174
47593 47632 4
47593 47603 126
47613 47663 111
47618 47647 25
47626 47638 130
47654 47699 145
47671 47672 94
47695 47723 139
47705 47730 143
47733 47777 44
47740 47771 26
47753 47800 47
47757 47765 20
47785 47827 290
47806 47811 36
47821 47830 165
47842 47890 96
47871 47902 275
47886 47936 112
47911 47933 191
47934 47960 54
47957 48003 114
47980 47982 170
47981 48003 276
47983 48020 266
48007 48012 97
48019 48028 300
48029 48035 2
48047 48097 236
48067 48072 284
48092 48100 45
48101 48109 190
48101 48131 214
48114 48153 93
48116 48159 281
48126 48140 98
48127 48174 77
48141 48156 178
48144 48161 206
48172 48187 256
48197 48199 243
48219 48242 237
48233 48252 59
48248 48268 7
48273 48292 227
48291 48298 251
48309 48343 238
48320 48342 229
48324 48360 21
48351 48368 131
48358 48389 112
48381 48393 63
48405 48424 167
48413 48440 197
48432 48454 144
48448 48457 34
48473 48495 252
48497 48530 254
48524 48565 41
48539 48588 6
48565 48577 62
48572 48601 80
48597 48618 107
48621 48667 38
48634 48676 202
48662 48683 228
48678 48713 128
48702 48714 13
48702 48748 165
48732 48735 20
48734 48762 55
48763 48801 39
48775 48807 181
48791 48810 55
48817 48846 117
48845 48894 214
48845 48854 267
48851 48897 63
48858 48864 46
48861 48862 56
48874 48899 82
48882 48920 142
48895 48901 195
48907 48915 87
48929 48964 34
48955 49000 94
48966 49014 161
48994 49003 109
49022 49050 119
49025 49064 145
49025 49028 56
49042 49054 80
49062 49071 146
49087 49136 285
49100 49105 123
49119 49147 172
49134 49172 59
49152 49164 47
49181 49199 165
49208 49253 257
49210 49217 262
49218 49225 236
49226 49247 81
49236 49258 235
49244 49285 48
49245 49274 87
49257 49266 73
49259 49279 49
49259 49260 217
49270 49285 43
49292 49305 134
49313 49347 214
49340 49359 55
49363 49373 197
49389 49428 92
49400 49408 188
49407 49415 291
49417 49444 283
49428 49429 49
49447 49461 247
49461 49462 171
49469 49475 293
49497 49529 187
49502 49513 300
49515 49553 240
49536 49542 203
49547 49569 189
49557 49574 198
49579 49628 62
49608 49613 94
49612 49650 17
49629 49669 290
49639 49648 71
49666 49672 263
49671 49702 16
49700 49726 141
49713 49741 298
49737 49753 58
49753 49783 265
49768 49801 201
49784 49793 165
49814 49849 27
49832 49875 102
49836 49857 88
49858 49877 274
49868 49911 232
49890 49911 297
49894 49899 27
49910 49945 44
49940 49987 245
49944 49954 256
49958 49986 75
49977 49993 195
50004 50024 138
50018 50022 229
50028 50067 241
50049 50054 128
50072 50099 168
50082 50124 149
50107 50154 236
50129 50151 114
50130 50139 42
50139 50165 154
50168 50170 266
50194 50232 55
50214 50251 154
50223 50256 197
50228 50246 41
50239 50285 155
50256 50261 286
50282 50292 281
50294 50296 232
50294 50328 143
50305 50335 106
50326 50341 175
50337 50379 239
50346 50383 177
50366 50383 263
50383 50408 269
50410 50439 285
50425 50474 8
50440 50451 114
50440 50441 207
50452 50479 233
50465 50515 228
50477 50508 175
50502 50518 208
50531 50534 143
50555 50556 267
50565 50575 134
50568 50572 178
50584 50608 110
50600 50639 150
50611 50630 59
50638 50678 183
50647 50689 50
50676 50716 38
50701 50710 149
50705 50740 289
50728 50745 296
50755 50784 34
50781 50794 67
50784 50807 28
50786 50828 173
50791 50799 58
50803 50849 22
50813 50837 255
50838 50844 243
50868 50904 103
50876 50881 265
50883 50893 280
50898 50934 51
50903 50909 244
50927 50949 110
50944 50968 57
50951 50964 144
50956 51004 81
50978 51004 196
50981 50984 223
50989 51035 110
51009 51059 224
51028 51059 48
51048 51082 134
51065 51092 244
51092 51109 128
51108 51149 231
51135 51154 188
51154 51168 265
51179 51216 262
51207 51234 118
51235 51251 63
51240 51251 115
51268 51315 85
51278 51282 287
51289 51315 228
51303 51353 123
51314 51339 265
51337 51358 219
51361 51389 208
51387 51408 235
51396 51413 233
51414 51425 91
51440 51442 37
51451 51492 150
51469 51501 187
51473 51503 68
51487 51514 285
51516 51538 145
51533 51569 52
51535 51536 245
51551 51580 24
51569 51587 130
51594 51642 289
51610 51639 28
51627 51639 270
51640 51682 106
51667 51714 97
51680 51696 162
51682 51703 233
51702 51706 71
51704 51720 135
51709 51758 187
51735 51772 206
51754 51758 129
51756 51780 182
51762 51769 222
51787 51813 156
51799 51811 300
51811 51853 261
51818 51848 114
51844 51885 164
51864 51905 281
51875 51901 121
51897 51917 176
51898 51932 99
51913 51928 32
51918 51945 238
51923 51939 31
51931 51969 133
51944 51986 175
51953 51982 255
51955 51995 285
51968 51972 80
51988 52036 259
52015 52024 275
52041 52083 175
52055 52089 169
52064 52070 96
52091 52134 167
52117 52118 87
52122 52129 102
52122 52134 19
52148 52179 295
52152 52181 259
52174 52191 262
52175 52205 232
52186 52210 204
52201 52237 87
52217 52230 151
52239 52288 296
52269 52274 57
52286 52317 293
52297 52302 67
52309 52330 181
52335 52382 273
52356 52366 238
52386 52433 84
52395 52430 28
52418 52422 115
52423 52441 283
52451 52486 10
52468 52491 294
52471 52518 245
52487 52527 245
52494 52504 147
52511 52512 74
52527 52562 299
52531 52573 167
52533 52563 148
52542 52581 192
52546 52548 181
52559 52572 183
52587 52603 200
52608 52646 97
52634 52680 55
52659 52680 193
52680 52730 137
52694 52741 254
52695 52717 233
52716 52760 34
52725 52759 282
52739 52773 205
52760 52778 151
52778 52811 114
52798 52813 87
52798 52829 130
52815 52853 126
52815 52854 79
52821 52823 32
52825 52867 144
52840 52856 79
52854 52895 260
52873 52875 277
52888 52891 123
52903 52941 33
52930 52968 54
52931 52978 108
52960 52986 23
52989 53011 243
52997 53027 276
53006 53035 3
53022 53053 73
53035 53040 165
53045 53052 159
53059 53085 74
53062 53073 12
53080 53128 155
53107 53140 27
53111 53138 227
53120 53160 196
53128 53152 147
53145 53193 158
53169 53191 103
53189 53237 14
53201 53229 161
53210 53229 21
53210 53240 197
53219 53231 126
53246 53254 225
53256 53277 99
53278 53325 200
53287 53329 257
53297 53339 188
53300 53350 120
53328 53337 275
53355 53371 196
53359 53404 55
53368 53371 267
53393 53413 20
53401 53408 191
53429 53439 134
53442 53443 67
53444 53486 232
53462 53490 218
53486 53532 182
53490 53513 298
53520 53523 19
53524 53543 21
53542 53572 87
53550 53570 51
53554 53577 107
53575 53588 74
53589 53615 258
53601 53618 16
53612 53618 67
53612 53645 105
53619 53637 234
53645 53668 211
53669 53718 127
53691 53735 127
53704 53713 179
53729 53766 231
53729 53768 241
53738 53758 75
53756 53806 54
53778 53809 67
53800 53846 231
53808 53832 210
53834 53864 200
53863 53913 298
53885 53915 57
53901 53931 44
53928 53960 225
53946 53969 211
53952 53954 292
53956 54003 247
53968 53980 261
53972 54016 210
53972 53997 137
53977 53985 275
53987 54035 121
54002 54052 159
54031 54075 223
54053 54071 53
54068 54106 21
54090 54102 39
54092 54138 166
54122 54136 165
54128 54171 174
54148 54175 114
54165 54205 104
54184 54187 207
54213 54220 112
54221 54269 5
54228 54272 149
54235 54272 24
54244 54257 110
54267 54303 203
54274 54296 116
54302 54309 5
54330 54334 183
54355 54396 6
54380 54404 72
54397 54435 209
54426 54445 173
54434 54461 244
54436 54454 130
54439 54476 216
54468 54518 170
54470 54506 283
54492 54502 234
54506 54526 244
54529 54549 202
54543 54559 188
54553 54579 281
54558 54575 49
54569 54577 6
54592 54608 239
54618 54657 142
54632 54653 238
54638 54685 103
54644 54681 51
54667 54669 156
54672 54700 33
54690 54738 131
54706 54742 254
54727 54755 66
54750 54789 283
54766 54773 234
54792 54836 98
54797 54838 96
54820 54821 90
54845 54855 260
54873 54879 23
54889 54916 201
54914 54958 178
54916 54959 196
54938 54987 253
54944 54954 152
54957 55002 39
54967 54974 236
54988 55011 277
54988 55015 274
55018 55039 58
55021 55026 196
55047 55050 279
55076 55080 7
55089 55139 43
55101 55135 254
55116 55119 76
55121 55137 179
55141 55163 169
55152 55164 129
55172 55185 279
55184 55193 58
55197 55202 151
55218 55250 88
55248 55259 57
55252 55276 216
55253 55290 44
55263 55269 226
55285 55332 144
55285 55330 193
55296 55298 104
55296 55297 112
55326 55340 122
55354 55357 224
55373 55407 265
55401 55435 52
55409 55411 216
55415 55417 69
55421 55455 248
55431 55441 29
55434 55464 30
55449 55470 139
55460 55506 173
55474 55484 45
55502 55533 6
55529 55546 56
55550 55583 38
55552 55583 234
55574 55600 216
55596 55619 35
55626 55642 9
55632 55649 251
55636 55672 73
55666 55685 170
55690 55732 233
55697 55742 131
55700 55712 105
55726 55754 44
55745 55794 208
55774 55794 61
55796 55799 183
55816 55832 292
55821 55827 55
55849 55874 143
55878 55903 209
55883 55906 256
55905 55925 205
55908 55930 189
55910 55927 210
55912 55922 120
55916 55952 130
55939 55975 143
55941 55982 250
55947 55964 288
55951 55977 74
55951 55985 112
55952 55984 17
55962 56008 77
55963 55982 121
55966 55982 231
55977 55995 194
55998 56019 123
56017 56041 177
56022 56034 154
56023 56062 265
56048 56075 177
56065 56087 225
56078 56108 152
56108 56153 116
56128 56152 210
56134 56171 76
56146 56194 263
56175 56217 256
56199 56206 114
56226 56236 285
56250 56288 195
56252 56294 69
56272 56281 275
56291 56332 108
56299 56303 148
56326 56364 281
56346 56355 295
56369 56373 243
56384 56419 200
56388 56433 124
56411 56422 18
56437 56461 220
56439 56473 23
56446 56492 146
56446 56493 49
56456 56459 237
56482 56489 60
56491 56531 224
56517 56531 261
56525 56535 35
56530 56550 184
56545 56592 48
56574 56609 275
56579 56606 246
56599 56630 162
56626 56634 75
56641 56660 243
56656 56705 262
56671 56709 32
56677 56679 18
56706 56738 208
56716 56731 115
56733 56771 286
56749 56770 168
56766 56812 122
56766 56780 190
56773 56783 60
56801 56813 44
56807 56855 179
56828 56831 35
56839 56855 268
56853 56895 44
56858 56894 102
56888 56906 239
56916 56943 76
56945 56967 266
56969 57017 184
56969 57000 1
56976 56996 78
57005 57018 136
57006 57019 201
57032 57042 15
57045 57080 113
57071 57118 296
57101 57124 159
57127 57162 250
57150 57164 22
57163 57167 202
57163 57202 170
57184 57221 121
57184 57210 207
57211 57239 259
57241 57285 33
57246 57274 129
57269 57288 283
57274 57310 242
57302 57349 105
57329 57358 36
57349 57361 283
57374 57422 93
57400 57444 146
57413 57445 244
57429 57477 22
57455 57495 176
57469 57502 202
57489 57521 45
57491 57522 88
57494 57535 3
57521 57566 95
57533 57548 68
57548 57571 219
57553 57594 196
57553 57562 182
57553 57559 261
57557 57564 18
57578 57619 14
57587 57615 61
57615 57638 98
57637 57686 95
57647 57686 61
57673 57690 66
57677 57696 133
57699 57718 234
57720 57765 52
57745 57795 143
57760 57806 153
57789 57802 218
57814 57817 300
57819 57857 262
57825 57856 277
57830 57843 99
57834 57874 124
57852 57883 106
57877 57916 205
57898 57903 197
57905 57912 47
57920 57937 191
57940 57990 77
57950 57963 244
57952 57982 15
57954 57966 33
57960 58000 270
57969 57991 88
57987 57997 97
58001 58041 272
58025 58073 54
58042 58087 38
58042 58077 211
58046 58050 61
58072 58087 73
58077 58106 36
58082 58128 101
58112 58157 101
58122 58171 65
58138 58153 22
58154 58201 257
58177 58186 209
58197 58213 209
58210 58252 205
58238 58258 239
58266 58271 180
58270 58315 291
58290 58335 151
58310 58343 206
58322 58362 287
58336 58347 125
58337 58381 261
58362 58378 140
58371 58414 259
58385 58430 35
58414 58451 300
58443 58447 245
58471 58512 43
58494 58531 43
58504 58546 192
58522 58542 64
58542 58578 26
58571 58604 273
58579 58591 192
58601 58642 58
58609 58614 104
58621 58654 285
58626 58633 219
58646 58662 98
58665 58676 108
58686 58698 220
58708 58731 260
58726 58738 177
58755 58763 77
58763 58796 6
58786 58797 105
58806 58822 25
58834 58873 202
58839 58841 26
58867 58881 194
58874 58922 281
58890 58916 133
58896 58912 246
58920 58938 115
58938 58987 74
58945 58952 58
58971 58984 66
58974 58985 122
58979 58981 10
58996 59001 72
58998 59013 264
59019 59030 45
59023 59059 89
59045 59063 150
59066 59098 103
59077 59115 84
59091 59119 170
59114 59126 285
59116 59122 77
59119 59123 94
59125 59162 77
59136 59137 58
59165 59168 239
59186 59227 45
59201 59215 30
59222 59261 246
59227 59261 46
59254 59299 57
59260 59278 46
59270 59291 249
59282 59303 205
59285 59305 16
59309 59350 162
59334 59348 126
59364 59379 143
59366 59406 289
59366 59410 181
59375 59378 193
59386 59396 156
59414 59428 285
59418 59419 254
59441 59447 125
59455 59505 212
59455 59463 297
59460 59504 204
59480 59525 263
59501 59505 280
59519 59549 83
59525 59568 62
59546 59559 251
59562 59576 270
59585 59602 283
59600 59612 136
59604 59636 50
59622 59652 85
59647 59684 223
59665 59711 66
59688 59722 111
59693 59729 295
59693 59729 220
59717 59723 125
59737 59754 268
59760 59774 82
59786 59812 78
59811 59856 162
59816 59862 13
59819 59820 139
59838 59858 265
59846 59876 172
59855 59856 300
59876 59894 288
59898 59909 12
59908 59930 124
59924 59969 8
59946 59951 81
59969 60003 116
59978 60005 187
59983 60021 257
60013 60059 38
60024 60045 300
60050 60096 104
60053 60093 136
60071 60115 113
60081 60108 300
60102 60150 22
60118 60167 192
60147 60179 126
60175 60199 287
60180 60217 73
60201 60237 222
60217 60238 205
60240 60254 296
60261 60281 256
60265 60286 244
60273 60294 26
60290 60292 3
60294 60321 198
60321 60348 162
60334 60376 289
60351 60389 179
60374 60410 138
60389 60401 290
60412 60456 26
60424 60428 254
60454 60465 77
60484 60528 88
60494 60540 35
60523 60524 19
60531 60564 109
60537 60575 25
60553 60579 180
60561 60576 203
60578 60588 234
60589 60612 103
60612 60629 258
60635 60674 245
60656 60669 68
60680 60697 226
60690 60695 195
60696 60727 278
60723 60735 48
60726 60740 198
60754 60792 195
60769 60803 226
60781 60804 130
60811 60849 257
60839 60859 209
60842 60856 294
60856 60890 70
60869 60879 16
60884 60907 246
60893 60942 118
60911 60935 134
60911 60934 209
60930 60973 125
60946 60979 144
60958 60979 151
60969 60994 201
60972 60973 246
61002 61036 116
61017 61057 245
61025 61065 134
61038 61088 55
61057 61102 91
61065 61101 286
61078 61127 134
61098 61139 191
61126 61164 95
61142 61168 236
61148 61178 229
61173 61187 93
61176 61188 294
61199 61211 251
61219 61263 34
61233 61251 57
61235 61254 16
61258 61274 129
61274 61293 173
61278 61307 186
61292 61319 14
61322 61337 264
61328 61375 147
61350 61381 160
61380 61403 196
61402 61429 16
61410 61430 119
61411 61427 230
61417 61441 178
61425 61471 105
61449 61495 68
61465 61505 173
61492 61494 60
61492 61530 98
61494 61516 255
61496 61527 126
61507 61536 45
61517 61518 80
61518 61547 57
61522 61548 225
61549 61558 251
61557 61572 81
61561 61610 189
61587 61632 113
61596 61601 86
61624 61665 96
61653 61682 254
61655 61694 236
61657 61706 263
61680 61684 180
61702 61706 36
61714 61754 166
61739 61741 218
61766 61770 160
61785 61792 5
61812 61838 157
61839 61881 1
61855 61899 69
61874 61877 54
61878 61887 128
61906 61949 83
61915 61939 111
61939 61965 50
61956 61992 81
61966 62005 195
61982 61990 191
61999 62013 272
62000 62009 15
62025 62034 48
62047 62081 9
62051 62089 260
62058 62063 264
62058 62068 12
62086 62126 287
62114 62127 213
62141 62169 203
62170 62197 70
62178 62184 257
62192 62231 211
62203 62247 33
62216 62219 115
62239 62257 91
62258 62275 273
62272 62278 221
62291 62336 98
62320 62329 220
62324 62365 190
62342 62374 218
62343 62372 150
62373 62389 174
62385 62412 8
62409 62433 111
62428 62453 155
62454 62491 133
62468 62484 55
62488 62494 125
62518 62558 131
62529 62551 53
62540 62563 52
62552 62592 276
62569 62572 129
62591 62629 202
62595 62603 215
62597 62611 269
62618 62627 282
62640 62676 106
62664 62698 114
62681 62698 20
62710 62719 91
62729 62762 75
62759 62767 142
62771 62808 218
62774 62775 144
62776 62812 94
62784 62820 129
62814 62830 251
62835 62866 39
62844 62860 38
62844 62868 219
62865 62879 30
62867 62895 298
62878 62927 287
62890 62925 69
62915 62964 130
62925 62931 179
62939 62985 242
62941 62951 14
62969 62983 300
62969 63007 38
62987 62992 50
62988 63010 140
63014 63061 12
63032 63036 68
63054 63091 209
63082 63083 204
63102 63149 264
63117 63166 284
63124 63151 66
63130 63154 117
63144 63174 240
63155 63192 153
63183 63201 218
63196 63204 138
63217 63263 79
63246 63250 196
63257 63292 286
63257 63304 107
63276 63311 255
63286 63308 238
63303 63350 191
63323 63369 88
63346 63392 218
63358 63406 14
63364 63366 84
63371 63392 244
63385 63387 185
63397 63443 226
63414 63447 208
63417 63418 277
63420 63438 228
63430 63451 128
63450 63500 173
63463 63492 129
63491 63496 298
63500 63519 9
63513 63536 2
63533 63540 41
63563 63599 136
63564 63601 13
63588 63634 278
63602 63651 204
63608 63635 57
63613 63620 121
63613 63617 180
63626 63635 127
63639 63654 206
63658 63704 25
63668 63675 112
63674 63706 286
63674 63708 66
63682 63720 43
63703 63745 206
63729 63765 184
63753 63783 234
63774 63799 48
63789 63830 150
63795 63820 9
63813 63836 23
63842 63855 106
63869 63909 13
63880 63889 151
63894 63928 24
63905 63914 123
63910 63911 204
63928 63947 90
63955 63973 111
63984 64008 218
63991 64007 171
64017 64041 18
64046 64053 194
64074 64095 7
64095 64124 161
64117 64154 17
64138 64185 15
64164 64213 2
64174 64192 221
64191 64236 221
64221 64250 63
64246 64272 43
64256 64297 44
64271 64281 73
64297 64318 185
64302 64341 47
64317 64365 156
64321 64352 283
64322 64369 23
64341 64358 254
64360 64373 179
64376 64401 125
64383 64406 64
64401 64404 9
64408 64441 248
64419 64464 170
64423 64434 92
64453 64502 81
64458 64489 88
64478 64485 153
64496 64534 117
64522 64531 184
64539 64540 183
64539 64574 279
64558 64589 168
64569 64616 283
64574 64583 161
64586 64611 269
64606 64652 36
64619 64645 205
64629 64631 59
64630 64680 58
64652 64700 127
64652 64691 152
64665 64711 109
64671 64714 235
64682 64729 152
64688 64703 134
64697 64744 33
64697 64713 17
64708 64735 217
64719 64722 296
64743 64789 78
64765 64790 267
64780 64788 6
64793 64840 180
64814 64860 12
64832 64857 60
64857 64890 150
64863 64870 79
64890 64923 249
64918 64963 129
64947 64971 54
64947 64977 195
64952 64998 134
64965 64987 173
64978 65023 229
64980 64988 107
65002 65032 74
65006 65044 69
65033 65058 126
65042 65056 152
65057 65080 254
65067 65073 212
65068 65072 141
65085 65111 119
65096 65111 276
65114 65139 7
65138 65157 195
65156 65188 68
65169 65192 103
65180 65215 38
65210 65223 119
65212 65253 105
65224 65230 267
65230 65240 116
65243 65247 66
65258 65280 258
65270 65285 261
65280 65311 152
65288 65325 266
65302 65352 170
65303 65345 203
65330 65378 240
65344 65358 208
65370 65387 111
65384 65394 46
65387 65436 33
65408 65414 194
65415 65420 163
65422 65455 287
65428 65441 160
65435 65447 219
65459 65490 18
65459 65500 200
65477 65524 120
65490 65520 162
65519 65532 83
65524 65539 136
65526 65557 242
65526 65548 118
65551 65570 275
65560 65586 109
65579 65590 125
65602 65607 231
65602 65624 227
65607 65647 185
65628 65635 150
65645 65671 185
65666 65681 273
65688 65699 214
65701 65714 248
65728 65738 146
65754 65780 106
65776 65780 166
65794 65806 17
65795 65832 65
65804 65818 72
65828 65852 196
65835 65859 197
65835 65855 293
65864 65895 268
65891 65917 20
65917 65960 60
65926 65970 137
65950 65997 178
65959 65961 249
65966 66001 150
65968 65996 97
65990 66031 38
66004 66048 31
66031 66067 177
66031 66041 123
66061 66095 288
66089 66117 278
66114 66120 100
66130 66158 140
66136 66155 170
66152 66183 25
66167 66187 153
66181 66211 289
66209 66243 6
66226 66240 231
66231 66260 294
66238 66242 129
66261 66299 209
66267 66295 296
66291 66320 176
66320 66354 142
66322 66362 215
66340 66375 273
66353 66359 117
66367 66398 265
66389 66438 252
66395 66424 171
66417 66445 125
66438 66462 9
66441 66484 178
66450 66484 63
66453 66492 259
66462 66481 226
66482 66508 126
66498 66534 87
66509 66513 198
66536 66546 148
66564 66610 61
66578 66601 70
66602 66608 18
66617 66640 83
66634 66649 256
66662 66698 214
66688 66691 140
66712 66734 93
66718 66739 186
66744 66785 33
66756 66760 273
66774 66823 295
66795 66798 49
66817 66849 193
66844 66894 293
66856 66905 20
66862 66903 236
66873 66886 128
66890 66936 231
66903 66914 260
66925 66947 95
66950 66999 170
66954 66960 32
66969 66976 78
66970 67000 94
66990 67000 93
66997 67033 25
67006 67036 250
67009 67013 123
67021 67041 143
67041 67080 85
67070 67101 111
67078 67108 88
67082 67131 235
67107 67128 35
67132 67143 73
67148 67167 282
67153 67201 178
67176 67203 135
67195 67213 151
67195 67221 122
67204 67226 60
67217 67218 128
67242 67285 98
67266 67296 234
67280 67328 15
67300 67323 196
67325 67357 140
67337 67376 185
67354 67375 6
67364 67397 100
67380 67411 114
67392 67423 4
67394 67435 186
67421 67469 48
67435 67465 115
67459 67489 199
67483 67526 233
67510 67557 179
67532 67562 131
67533 67578 284
67553 67578 291
67555 67556 99
67579 67611 124
67609 67631 281
67635 67675 190
67650 67669 204
67669 67705 237
67673 67681 267
67678 67707 151
67685 67693 246
67689 67722 91
67716 67735 38
67730 67740 290
67747 67753 112
67764 67774 270
67778 67807 56
67779 67794 200
67792 67793 136
67821 67866 261
67829 67836 279
67851 67862 193
67861 67865 88
67876 67903 50
67886 67913 154
67906 67946 167
67928 67955 259
67937 67947 18
67943 67951 294
67966 67995 66
67976 68023 108
67978 67989 181
67986 68021 255
68008 68045 120
68035 68051 268
68051 68076 150
68059 68077 229
68078 68094 15
68104 68154 70
68131 68161 216
68154 68190 229
68180 68188 145
68182 68201 228
68202 68230 219
68228 68258 292
68258 68308 46
68285 68334 20
68307 68355 108
68330 68332 10
68333 68381 45
68350 68396 260
68374 68416 17
68395 68430 112
68414 68439 235
68436 68470 236
68464 68505 295
68475 68511 137
68482 68484 59
68506 68539 294
68525 68549 13
68527 68548 89
68551 68600 185
68563 68566 65
68578 68613 138
68589 68594 195
68617 68652 228
68638 68650 202
68665 68696 219
68675 68712 149
68694 68720 55
68701 68702 289
68727 68762 295
68732 68774 216
68736 68780 109
68752 68799 2
68770 68811 275
68797 68803 190
68817 68832 287
68830 68880 13
68854 68904 128
68875 68909 182
68894 68896 35
68921 68940 132
68925 68963 97
68931 68960 174
68956 68958 260
68962 68968 227
68990 68991 67
69009 69015 135
69037 69049 26
69051 69098 165
69074 69117 192
69075 69114 282
69081 69130 125
69087 69098 190
69113 69156 294
69115 69127 136
69121 69155 45
69138 69179 83
69142 69190 270
69164 69214 65
69168 69193 48
69168 69198 172
69171 69182 105
69177 69227 67
69193 69208 229
69204 69248 258
69231 69273 20
69242 69267 279
69262 69265 181
69263 69293 230
69264 69286 129
69271 69275 217
69292 69337 124
69321 69359 204
69345 69356 4
69358 69401 94
69369 69388 255
69374 69423 87
69401 69419 158
69429 69430 297
69439 69481 154
69466 69494 146
69489 69536 222
69507 69513 196
69530 69543 12
69551 69584 200
69551 69579 300
69567 69614 102
69576 69590 38
69602 69649 121
69615 69643 289
69629 69670 283
69646 69685 62
69657 69679 117
69671 69710 18
69695 69716 181
69695 69707 239
69711 69742 200
69723 69732 213
69737 69776 253
69750 69780 72
69775 69804 45
69798 69807 100
69810 69819 213
69838 69851 56
69848 69867 127
69862 69882 204
69876 69908 164
69887 69915 235
69894 69922 296
69903 69926 258
69929 69956 69
69936 69940 65
69944 69960 42
69955 69972 74
69971 69978 193
70000 70041 145
70018 70061 192
70028 70052 113
70045 70090 171
70068 70072 268
70097 70141 14
70124 70147 117
70129 70153 92
70144 70187 234
70147 70177 30
70175 70183 185
70177 70210 275
70204 70229 91
70224 70226 144
70235 70238 134
70264 70295 204
70275 70323 177
70283 70321 293
70306 70343 174
70336 70386 242
70361 70394 213
70389 70411 18
70389 70405 135
70392 70412 209
70393 70423 246
70411 70454 166
70423 70466 135
70445 70480 113
70459 70478 270
70468 70504 223
70491 70539 50
70491 70532 151
70519 70560 85
70529 70569 183
70531 70544 8
70543 70592 238
70545 70561 31
70563 70576 181
70571 70618 238
70586 70624 9
70607 70628 251
70622 70630 250
70627 70666 175
70633 70664 238
70640 70666 97
70670 70706 59
70676 70717 286
70688 70699 4
70706 70735 63
70723 70751 238
70730 70757 292
70758 70791 52
70788 70830 184
70794 70818 54
70805 70817 1
70818 70839 98
70839 70866 126
70864 70868 103
70888 70915 210
70900 70918 215
70911 70949 29
70937 70940 153
70966 70973 165
70975 70978 288
70976 71000 292
71001 71006 248
71010 71011 256
71014 71028 206
71025 71036 108
71031 71060 173
71040 71056 139
71054 71092 184
71062 71100 129
71064 71098 212
71076 71090 80
71104 71153 251
71105 71129 289
71119 71137 199
71124 71170 178
71146 71156 291
71171 71175 172
71186 71202 164
71187 71194 235
71199 71240 50
71223 71247 129
71250 71285 109
71258 71284 250
71266 71295 231
71282 71320 121
71309 71351 232
71330 71350 63
71360 71381 12
71360 71406 211
71389 71406 10
71411 71445 269
71418 71445 270
71422 71436 69
71447 71480 53
71451 71495 146
71466 71475 221
71496 71522 264
71505 71544 238
71513 71545 206
71543 71560 72
71559 71569 100
71584 71587 163
71588 71606 168
71609 71628 162
71620 71659 134
71647 71687 27
71677 71697 102
71683 71699 183
71704 71709 239
71718 71766 11
71737 71767 281
71752 71793 124
71757 71805 249
71782 71786 266
71795 71805 292
71821 71834 199
71838 71854 174
71861 71878 59
71863 71903 181
71893 71939 283
71916 71918 107
71934 71942 296
71963 71989 210
71986 72015 237
71993 72016 181
71996 72028 262
72019 72045 200
72049 72078 3
72078 72112 290
72095 72101 106
72096 72101 240
72122 72136 266
72128 72143 46
72153 72155 205
72167 72205 21
72167 72191 137
72176 72188 213
72198 72211 45
72206 72228 124
72225 72256 160
72225 72226 286
72233 72274 51
72241 72262 60
72254 72262 66
72260 72303 275
72269 72302 134
72286 72292 53
72295 72299 59
72309 72354 126
72337 72372 220
72341 72350 270
72341 72359 110
72360 72380 246
72387 72391 220
72395 72409 233
72421 72461 285
72438 72461 6
72465 72515 155
72487 72518 233
72505 72511 203
72524 72570 230
72543 72564 263
72563 72583 117
72571 72588 240
72598 72628 272
72604 72647 80
72630 72665 34
72640 72654 181
72647 72681 251
72670 72714 35
72677 72693 99
72704 72717 132
72706 72728 249
72725 72771 33
72755 72779 148
72769 72784 70
72769 72795 166
72796 72829 181
72803 72817 126
72808 72840 6
72832 72856 33
72837 72866 231
72843 72875 222
72855 72896 135
72883 72913 80
72891 72921 14
72911 72947 206
72929 72950 246
72949 72951 73
72964 72992 191
72987 73025 185
73013 73028 1
73020 73052 75
73043 73061 299
73068 73113 82
73070 73086 163
73073 73103 213
73082 73094 188
73093 73106 162
73116 73146 227
73139 73148 291
73161 73179 205
73188 73191 158
73205 73225 34
73233 73279 299
73263 73287 95
73292 73314 166
73322 73333 46
73325 73374 254
73355 73363 286
73364 73377 25
73378 73411 19
73382 73405 112
73385 73417 196
73405 73450 300
73410 73448 89
73415 73420 28
73435 73458 264
73451 73459 281
73458 73500 97
73464 73488 207
73477 73489 211
73483 73513 19
73512 73536 260
73532 73554 261
73542 73552 125
73558 73575 277
73587 73631 283
73598 73602 91
73608 73655 247
73608 73613 241
73615 73650 190
73626 73634 231
73653 73697 45
73677 73706 115
73682 73683 31
73704 73715 7
73719 73736 115
73747 73765 196
73766 73789 118
73794 73813 175
73806 73856 267
73807 73811 5
73823 73837 137
73828 73871 84
73850 73898 230
73859 73896 17
73887 73932 145
73887 73888 94
73898 73926 23
73906 73936 7
73916 73944 93
73938 73961 294
73949 73979 109
73963 73984 111
73965 74001 159
73994 74012 204
73996 74030 192
74021 74062 263
74024 74038 14
74042 74066 43
74070 74116 11
74090 74096 277
74092 74141 167
74097 74146 194
74101 74148 282
74125 74131 195
74134 74165 247
74148 74190 288
74178 74199 72
74201 74216 125
74217 74266 185
74228 74259 15
74237 74252 127
74263 74268 290
74272 74320 275
74293 74339 113
74298 74324 97
74317 74355 88
74344 74361 65
74344 74355 59
74353 74389 115
74367 74377 227
74390 74409 132
74404 74422 102
74420 74468 16
74444 74465 221
74450 74480 185
74455 74477 290
74462 74488 19
74485 74505 49
74492 74534 4
74509 74552 279
74520 74537 136
74523 74564 211
74532 74562 166
74560 74565 137
74563 74603 112
74571 74619 216
74596 74628 137
74624 74661 236
74645 74677 270
74667 74675 123
74675 74694 164
74676 74700 214
74705 74739 224
74705 74707 105
74733 74764 171
74757 74764 281
74763 74782 264
74763 74777 294
74790 74836 188
74819 74865 104
74848 74865 163
74873 74896 254
74903 74924 107
74908 74930 273
74931 74962 243
74937 74950 282
74946 74957 182
74948 74975 280
74965 74972 234
74990 74997 266
75002 75010 186
75021 75034 117
75040 75066 40
75063 75084 98
75078 75087 7
75108 75144 158
75128 75141 54
75146 75157 61
75148 75189 130
75168 75182 225
75193 75240 288
75193 75197 218
75194 75222 264
75195 75228 208
75215 75244 167
75227 75235 68
75249 75269 80
75271 75289 63
75278 75285 287
75278 75305 79
75301 75304 213
75315 75356 249
75339 75375 47
75347 75353 45
75363 75413 128
75370 75417 149
75390 75427 164
75401 75442 213
75430 75451 173
75439 75462 1
75458 75490 12
75473 75483 59
75490 75537 149
75492 75540 77
75507 75518 88
75520 75550 75
75546 75549 249
75575 75594 137
75603 75652 119
75616 75663 51
75632 75638 50
75637 75651 138
75655 75691 143
75664 75688 297
75673 75723 268
75693 75738 73
75711 75732 237
75718 75736 160
75728 75754 119
75752 75797 161
75780 75802 287
75787 75833 161
75800 75825 150
75827 75871 32
75830 75877 207
