5000
6 52 106
8 33 290
31 37 151
44 64 131
66 74 167
67 87 48
91 129 135
95 114 150
123 139 56
128 139 120
139 162 132
146 164 122
147 148 209
166 199 64
191 236 206
207 225 282
213 220 180
228 276 70
252 263 154
273 296 63
288 317 293
296 341 163
320 345 293
339 374 171
355 399 266
371 383 274
382 422 218
387 394 29
401 446 151
426 470 205
448 470 138
476 509 144
500 501 99
512 517 36
529 550 284
539 573 236
557 575 263
566 594 296
573 606 179
595 617 284
596 624 242
616 633 209
635 679 34
641 683 213
644 649 24
649 675 291
649 683 266
655 688 178
670 689 181
680 686 81
690 692 238
717 767 26
730 780 148
758 770 100
770 805 265
774 813 136
793 820 16
801 838 110
831 861 46
857 861 256
859 883 96
875 913 208
898 901 60
899 910 240
905 935 102
934 965 283
962 963 4
978 1026 212
980 1023 265
990 1032 76
1020 1039 298
1024 1056 26
1032 1072 279
1042 1080 232
1047 1085 38
1067 1105 252
1076 1100 291
1094 1116 198
1108 1122 286
1110 1159 271
1126 1166 294
1144 1161 39
1150 1163 177
1162 1170 209
1175 1222 28
1179 1194 287
1207 1245 12
1233 1254 19
1237 1282 42
1240 1282 70
1251 1254 120
1267 1306 85
1276 1292 63
1294 1296 190
1316 1336 265
1338 1379 78
1360 1364 76
1375 1396 259
1380 1405 92
1404 1406 104
1406 1445 3
1424 1471 5
1448 1496 274
1475 1512 77
1484 1513 243
1502 1547 205
1521 1535 107
1529 1558 85
1558 1606 226
1585 1615 68
1607 1611 230
1621 1624 200
1624 1634 208
1641 1676 206
1660 1708 114
1668 1691 158
1696 1710 255
1716 1726 101
1744 1788 16
1744 1789 193
1744 1766 266
1770 1794 7
1793 1839 104
1806 1825 123
1814 1828 272
1819 1830 50
1829 1846 191
1837 1873 82
1840 1885 146
1842 1871 18
1847 1891 295
1863 1875 300
1864 1873 176
1883 1890 113
1901 1937 183
1930 1971 142
1950 1980 266
1966 1972 97
1987 2014 277
1995 1996 165
1996 2001 10
2016 2063 230
2029 2042 85
2059 2078 16
2068 2117 141
2084 2102 83
2104 2145 147
2128 2177 229
2135 2167 255
2148 2189 299
2166 2189 297
2190 2191 262
2217 2259 194
2245 2293 231
2267 2283 256
2280 2329 159
2293 2333 59
2294 2341 290
2323 2342 200
2329 2352 53
2354 2404 261
2378 2428 12
2386 2421 12
2411 2425 152
2412 2454 298
2430 2447 6
2449 2454 4
2466 2475 36
2469 2486 165
2481 2486 227
2504 2549 172
2515 2524 268
2544 2576 108
2547 2595 246
2547 2571 160
2552 2553 272
2580 2606 24
2598 2621 229
2602 2607 37
2628 2657 92
2639 2649 281
2668 2711 161
2693 2724 34
2717 2724 42
2743 2764 146
2765 2777 119
2768 2796 112
2773 2804 163
2783 2830 93
2811 2827 179
2820 2841 18
2838 2874 157
2866 2875 27
2882 2923 77
2887 2913 191
2887 2905 174
2905 2916 53
2909 2916 189
2930 2940 133
2954 2986 160
2961 3006 255
2963 2980 185
2991 3026 34
3021 3023 81
3032 3058 35
3037 3047 215
3067 3089 136
3068 3115 24
3091 3135 131
3099 3134 206
3122 3127 279
3133 3137 105
3158 3162 72
3183 3211 272
3200 3215 149
3228 3261 133
3229 3252 103
3230 3279 8
3238 3263 60
3243 3257 145
3259 3272 165
3282 3329 124
3304 3326 123
3322 3334 62
3349 3374 269
3370 3391 229
3387 3421 257
3393 3431 290
3416 3461 48
3444 3454 297
3453 3455 196
3483 3525 130
3513 3535 65
3543 3555 197
3552 3598 25
3559 3602 144
3561 3570 183
3565 3597 90
3566 3572 28
3567 3569 234
3592 3619 67
3621 3666 62
3647 3694 183
3659 3704 25
3682 3715 81
3696 3744 185
3708 3751 188
3710 3733 81
3727 3729 175
3736 3746 38
3743 3755 154
3751 3775 108
3778 3780 103
3796 3809 21
3825 3834 298
3826 3835 144
3836 3854 96
3862 3901 45
3879 3892 59
3893 3906 227
3897 3924 81
3897 3914 85
3913 3955 293
3924 3959 27
3934 3967 2
3945 3964 114
3971 4002 15
3992 3995 247
3994 4034 179
4010 4036 212
4013 4054 129
4031 4041 31
4061 4079 147
4063 4097 180
4074 4102 225
4084 4103 81
4099 4144 128
4122 4137 40
4149 4187 146
4149 4184 133
4157 4204 222
4159 4181 60
4173 4176 151
4179 4219 175
4208 4251 70
4221 4237 156
4233 4273 241
4250 4252 174
4253 4284 201
4255 4273 148
4258 4275 224
4288 4337 255
4297 4346 226
4315 4359 230
4337 4364 75
4347 4367 62
4360 4392 168
4366 4378 103
4382 4404 146
4410 4435 200
4426 4437 35
4438 4445 49
4443 4490 246
4460 4484 223
4478 4526 151
4504 4540 7
4515 4527 129
4536 4545 126
4558 4564 98
4571 4598 277
4578 4612 136
4582 4629 136
4590 4602 239
4602 4614 181
4602 4605 27
4622 4647 103
4624 4648 15
4635 4671 50
4658 4681 42
4670 4705 213
4693 4740 95
4707 4755 277
4717 4732 147
4718 4758 8
4733 4734 72
4758 4786 151
4770 4772 235
4778 4797 188
4789 4808 263
4809 4858 154
4811 4823 188
4829 4859 49
4845 4846 144
4870 4897 25
4885 4906 214
4890 4906 118
4906 4941 174
4916 4953 122
4946 4952 42
4970 5004 245
4974 5007 285
4988 4997 60
5013 5044 113
5038 5082 24
5068 5076 66
5076 5120 32
5101 5126 95
5131 5179 257
5153 5158 183
5179 5205 150
5194 5242 136
5194 5219 166
5205 5235 121
5213 5246 176
5228 5275 189
5236 5253 156
5257 5263 172
5273 5295 251
5283 5287 47
5290 5338 214
5317 5330 9
5326 5362 292
5349 5366 145
5369 5390 256
5375 5418 54
5380 5402 56
5400 5413 149
5419 5457 6
5444 5458 96
5455 5478 212
5462 5511 245
5465 5504 253
5470 5508 40
5483 5516 239
5506 5542 198
5516 5547 265
5539 5555 127
5548 5576 101
5572 5590 34
5601 5648 211
5631 5666 205
5661 5689 204
5664 5675 85
5679 5699 235
5696 5715 80
5702 5733 91
5714 5753 235
5728 5739 75
5734 5746 244
5740 5756 6
5745 5759 150
5755 5758 30
5779 5825 165
5794 5835 236
5801 5824 234
5817 5856 161
5821 5845 98
5847 5880 166
5850 5853 175
5880 5924 181
5896 5931 279
5896 5897 289
5916 5924 25
5919 5922 133
5940 5953 272
5943 5977 275
5967 6012 72
5993 5997 257
6006 6042 139
6018 6047 31
6040 6077 147
6052 6101 48
6063 6072 3
6075 6108 158
6094 6135 217
6101 6103 170
6106 6126 151
6127 6140 192
6134 6148 69
6138 6161 166
6157 6177 193
6180 6227 37
6198 6212 253
6211 6238 292
6227 6228 34
6227 6269 53
6229 6265 181
6252 6278 202
6280 6287 286
6301 6319 300
6308 6314 1
6334 6374 28
6363 6395 206
6387 6402 103
6414 6442 159
6426 6441 239
6426 6442 143
6432 6443 211
6437 6459 47
6443 6453 224
6454 6500 33
6455 6490 218
6478 6488 36
6494 6535 220
6521 6545 279
6535 6582 97
6547 6566 253
6555 6572 184
6574 6597 259
6596 6641 223
6625 6636 260
6641 6666 58
6642 6690 61
6672 6714 46
6673 6709 203
6688 6733 296
6711 6758 253
6731 6762 268
6759 6773 173
6763 6768 122
6772 6786 69
6798 6814 204
6804 6807 206
6821 6856 190
6839 6885 265
6853 6892 289
6855 6885 129
6874 6885 74
6881 6907 142
6904 6945 201
6927 6956 234
6935 6944 169
6935 6949 34
6965 6985 114
6983 7026 234
6983 7025 40
6998 7009 231
7016 7055 300
7034 7053 41
7043 7065 289
7062 7106 36
7069 7107 212
7092 7093 111
7115 7126 202
7139 7166 31
7147 7153 28
7158 7199 296
7187 7224 23
7210 7240 102
7217 7223 87
7238 7270 256
7244 7265 142
7261 7275 298
7291 7311 176
7294 7317 225
7310 7345 149
7312 7353 63
7315 7356 280
7317 7335 159
7328 7352 109
7355 7398 190
7376 7387 183
7396 7439 215
7411 7456 156
7422 7434 26
7450 7487 15
7462 7481 213
7475 7521 57
7484 7522 169
7490 7510 223
7502 7506 253
7510 7546 36
7515 7544 20
7523 7560 97
7550 7576 282
7572 7581 267
7580 7621 213
7587 7618 109
7597 7630 14
7616 7644 75
7626 7641 5
7635 7648 116
7655 7697 98
7657 7667 190
7670 7678 178
7680 7701 299
7702 7713 160
7720 7765 91
7730 7753 64
7740 7741 70
7745 7789 110
7753 7791 41
7760 7797 67
7786 7825 276
7810 7832 89
7820 7827 108
7831 7880 286
7849 7869 47
7850 7851 176
7865 7870 271
7868 7905 293
7876 7897 150
7899 7911 235
7925 7963 188
7937 7978 294
7946 7957 3
7963 7998 300
7980 8020 64
8004 8048 299
8008 8026 35
8024 8074 160
8025 8033 129
8047 8068 94
8075 8090 198
8101 8134 98
8130 8179 218
8131 8151 130
8149 8158 72
8165 8170 136
8191 8239 36
8220 8258 176
8243 8283 129
8251 8273 57
8279 8299 115
8303 8327 226
8303 8344 38
8316 8345 267
8333 8360 112
8353 8395 204
8370 8418 193
8396 8421 91
8407 8451 230
8436 8483 196
8449 8460 144
8452 8491 279
8469 8497 160
8495 8529 162
8495 8513 109
8508 8519 151
8535 8580 267
8535 8549 35
8559 8570 90
8562 8579 78
8574 8620 162
8604 8616 133
8605 8633 176
8611 8655 184
8620 8639 145
8624 8645 175
8635 8653 19
8653 8690 246
8681 8714 171
8709 8736 75
8727 8766 240
8754 8793 203
8772 8793 239
8789 8837 62
8805 8836 15
8807 8857 223
8809 8835 245
8825 8834 53
8832 8878 46
8852 8901 82
8852 8860 189
8879 8898 152
8904 8951 207
8934 8938 98
8939 8970 93
8941 8977 277
8958 8996 93
8960 9009 119
8962 8985 13
8985 8997 205
9010 9017 245
9039 9052 228
9052 9059 88
9082 9110 42
9099 9116 283
9108 9135 10
9115 9117 45
9121 9134 121
9141 9162 197
9154 9155 12
9168 9173 119
9172 9199 147
9191 9202 65
9197 9227 217
9219 9247 266
9247 9271 123
9258 9301 144
9287 9299 86
9291 9314 203
9316 9339 214
9345 9395 23
9368 9375 219
9384 9421 1
9384 9396 215
9402 9413 250
9410 9423 86
9428 9436 233
9455 9469 45
9468 9485 61
9486 9528 58
9500 9512 205
9511 9527 240
9532 9562 127
9537 9558 171
9537 9553 275
9558 9608 249
9579 9586 159
9597 9638 213
9613 9655 88
9629 9679 279
9643 9663 270
9649 9694 202
9650 9680 96
9657 9683 39
9683 9698 259
9690 9707 197
9713 9746 169
9728 9746 35
9735 9746 184
9740 9780 139
9751 9758 19
9755 9788 95
9785 9833 197
9811 9822 229
9825 9826 267
9831 9865 37
9842 9866 272
9860 9900 265
9874 9895 295
9895 9906 256
9919 9922 26
9949 9978 170
9956 9984 294
9965 9988 27
9970 10011 186
9975 9996 38
9982 9996 275
9994 10010 265
10023 10040 54
10024 10061 253
10036 10066 126
10059 10068 228
10088 10110 148
10103 10107 113
10124 10170 262
10146 10190 238
10155 10168 152
10155 10197 224
10177 10209 166
10197 10227 10
10219 10221 81
10229 10235 123
10239 10265 237
10260 10282 256
10272 10290 204
10278 10328 108
10296 10298 177
10308 10356 294
10317 10361 35
10324 10359 26
10329 10375 107
10353 10381 13
10376 10381 277
10396 10407 30
10426 10458 166
10453 10470 214
10454 10462 173
10466 10468 134
10494 10533 169
10509 10514 206
10530 10580 42
10546 10564 48
10555 10598 62
10570 10590 31
10584 10614 180
10595 10621 145
10623 10646 170
10643 10673 16
10667 10708 15
10672 10691 11
10680 10688 255
10708 10738 276
10738 10768 5
10742 10755 31
10748 10767 178
10751 10768 127
10755 10793 115
10760 10799 85
10773 10806 262
10796 10846 196
10800 10801 270
10818 10825 168
10827 10846 116
10851 10882 215
10861 10866 108
10875 10901 93
10880 10911 5
10904 10934 94
10933 10977 148
10942 10950 245
10954 10993 96
10954 10999 26
10954 10967 13
10965 10977 14
10991 11006 263
10997 11040 8
11010 11024 21
11018 11025 90
11022 11044 77
11033 11075 172
11047 11058 157
11064 11099 285
11079 11110 18
11102 11116 37
11126 11164 25
11155 11184 125
11157 11191 168
11161 11183 102
11165 11190 1
11184 11225 29
11187 11204 202
11206 11225 3
11218 11245 292
11246 11269 88
11250 11282 242
11253 11300 40
11279 11310 260
11298 11311 14
11322 11347 242
11338 11354 270
11354 11356 139
11357 11384 216
11386 11428 293
11388 11431 295
11418 11435 256
11420 11440 127
11442 11460 112
11458 11473 7
11480 11508 223
11506 11519 108
11507 11557 100
11529 11572 106
11532 11555 142
11539 11586 167
11543 11589 68
11564 11595 74
11591 11596 263
11611 11656 1
11633 11670 196
11640 11655 298
11665 11699 89
11676 11705 134
11676 11691 117
11676 11685 132
11701 11717 144
11714 11716 14
11740 11753 269
11754 11801 91
11755 11774 48
11757 11781 103
11767 11781 109
11793 11835 159
11801 11826 18
11803 11848 298
11829 11833 204
11850 11861 272
11851 11880 14
11860 11910 110
11868 11907 78
11869 11880 73
11877 11920 121
11899 11938 217
11921 11927 90
11943 11948 105
11960 12006 194
11967 11975 14
11994 12031 275
12014 12035 2
12014 12029 143
12019 12044 38
12049 12096 154
12063 12066 201
12090 12102 248
12115 12145 144
12116 12157 70
12119 12167 33
12141 12155 140
12165 12181 125
12177 12209 87
12183 12208 187
12213 12254 207
12216 12264 212
12221 12254 227
12243 12271 132
12261 12290 255
12270 12310 45
12294 12324 279
12319 12324 208
12334 12343 233
12334 12377 263
12341 12354 154
12350 12388 102
12366 12376 289
12396 12428 247
12420 12433 272
12430 12450 36
12455 12492 108
12458 12504 102
12468 12491 215
12470 12498 11
12479 12504 89
12483 12502 153
12486 12529 75
12509 12532 224
12537 12586 137
12554 12575 35
12556 12593 261
12560 12593 284
12582 12630 267
12602 12604 48
12632 12652 93
12651 12682 79
12663 12711 154
12670 12716 270
12677 12703 24
12693 12698 294
12714 12760 93
12714 12755 231
12742 12758 17
12767 12812 256
12776 12779 244
12788 12820 234
12817 12836 173
12845 12881 244
12850 12854 259
12852 12891 9
12882 12910 145
12899 12915 146
12905 12941 241
12930 12935 104
12957 12968 283
12964 13001 12
12966 13010 93
12985 12999 212
13007 13056 250
13025 13072 30
13033 13037 67
13045 13046 27
13049 13056 15
13079 13129 129
13106 13126 149
13108 13131 240
13118 13140 273
13121 13136 15
13125 13129 122
13133 13137 263
13152 13193 112
13172 13218 3
13184 13228 15
13213 13231 81
13231 13253 83
13245 13291 48
13271 13275 165
13287 13327 268
13289 13291 103
13296 13320 49
13306 13318 125
13334 13345 148
13342 13371 118
13366 13407 33
13386 13414 61
13398 13424 215
13414 13416 103
13414 13452 228
13431 13474 123
13453 13498 104
13458 13465 242
13468 13490 298
13478 13502 22
13496 13513 156
13524 13545 94
13531 13574 219
13561 13567 205
13565 13579 85
13593 13624 120
13606 13654 281
13632 13653 105
13651 13694 225
13659 13665 139
13671 13699 291
13675 13694 136
13686 13727 36
13711 13730 265
13716 13746 110
13745 13791 235
13758 13779 174
13782 13786 69
13787 13802 200
13797 13802 199
13825 13836 279
13828 13844 7
13855 13893 155
13885 13916 213
13911 13949 151
13939 13962 69
13941 13951 82
13967 13995 277
13996 14015 180
14002 14028 45
14025 14065 283
14048 14090 26
14053 14095 65
14062 14064 297
14083 14128 49
14097 14102 257
14102 14107 211
14128 14164 13
14149 14153 200
14175 14178 1
14198 14228 110
14222 14233 194
14244 14257 209
14259 14272 170
14277 14291 72
14285 14308 97
14293 14299 263
14314 14354 67
14319 14328 250
14344 14347 90
14363 14375 254
14380 14386 160
14380 14420 163
14388 14429 114
14405 14426 186
14412 14456 80
14429 14471 11
14429 14443 133
14451 14457 174
14470 14516 176
14474 14517 280
14504 14506 193
14512 14538 230
14540 14542 94
14561 14582 214
14574 14588 112
14574 14579 37
14582 14629 118
14584 14606 236
14601 14606 154
14625 14668 93
14643 14677 106
14654 14699 95
14659 14671 221
14660 14706 232
14690 14716 21
14718 14746 159
14726 14764 27
14738 14745 209
14764 14765 269
14790 14824 195
14796 14797 241
14799 14840 174
14817 14860 40
14841 14884 56
14867 14882 114
14894 14935 187
14895 14930 123
14900 14907 283
14928 14977 157
14951 14992 113
14978 15016 96
14985 15032 146
15011 15018 264
15028 15070 69
15031 15032 59
15058 15088 241
15069 15085 75
15080 15127 241
15086 15087 50
15097 15122 40
15107 15151 131
15114 15121 48
15121 15152 181
15136 15178 178
15154 15188 31
15169 15219 270
15195 15219 238
15217 15243 170
15217 15228 39
15237 15242 259
15260 15266 158
15264 15268 170
15277 15298 90
15288 15315 85
15295 15324 115
15304 15317 203
15328 15365 145
15343 15364 171
15359 15387 242
15364 15396 64
15393 15427 156
15413 15415 20
15429 15445 115
15429 15459 67
15458 15506 10
15459 15487 169
15483 15500 15
15483 15485 295
15490 15525 46
15496 15522 64
15501 15507 32
15514 15553 218
15529 15557 120
15538 15575 297
15547 15560 17
15570 15620 242
15582 15620 20
15601 15638 105
15614 15626 24
15621 15659 187
15623 15633 249
15653 15658 60
15666 15675 220
15672 15679 77
15685 15728 37
15699 15741 27
15729 15758 142
15748 15786 26
15777 15824 275
15784 15796 270
15799 15831 282
15826 15875 126
15849 15888 288
15875 15907 110
15884 15929 68
15891 15927 286
15917 15949 208
15933 15960 86
15950 15964 18
15969 15977 275
15999 16049 109
16014 16044 134
16040 16053 215
16052 16074 233
16058 16086 124
16061 16099 44
16087 16104 140
16115 16162 95
16140 16173 190
16170 16205 10
16199 16204 116
16215 16248 195
16240 16250 9
16261 16303 106
16280 16298 72
16293 16294 268
16301 16344 242
16306 16334 73
16324 16326 265
16325 16335 68
16336 16366 294
16341 16366 209
16360 16408 127
16386 16434 47
16406 16455 258
16418 16462 74
16430 16475 57
16432 16436 94
16462 16481 124
16473 16484 148
16495 16518 199
16498 16528 258
16516 16546 152
16545 16594 8
16561 16605 111
16563 16590 223
16581 16631 158
16593 16630 260
16604 16607 294
16614 16645 3
16617 16644 68
16620 16652 12
16638 16664 2
16666 16686 136
16685 16718 65
16699 16728 58
16712 16731 278
16724 16758 105
16739 16757 197
16745 16761 176
16756 16788 275
16777 16814 152
16793 16796 250
16795 16803 107
16820 16869 57
16839 16878 105
16865 16915 135
16887 16904 251
16894 16944 39
16908 16923 8
16935 16952 157
16957 16968 261
16972 17020 124
17000 17037 300
17022 17065 14
17031 17067 194
17045 17079 75
17047 17060 213
17066 17077 150
17091 17106 22
17106 17124 268
17111 17160 188
17133 17157 224
17155 17168 65
17173 17216 69
17187 17197 19
17195 17225 191
17205 17246 292
17217 17241 36
17217 17237 12
17225 17263 285
17235 17261 280
17247 17285 177
17273 17290 87
17281 17317 166
17297 17308 238
17302 17329 52
17315 17318 66
17322 17368 185
17328 17366 287
17333 17339 93
17334 17360 8
17338 17341 151
17354 17363 155
17355 17384 206
17366 17389 133
17389 17402 123
17411 17450 6
17417 17430 144
17417 17445 272
17446 17450 225
17459 17498 289
17484 17493 13
17497 17545 190
17499 17540 161
17518 17539 130
17536 17552 16
17564 17572 274
17588 17611 193
17602 17627 92
17620 17645 60
17640 17677 209
17658 17696 13
17677 17689 191
17707 17711 35
17717 17730 31
17737 17756 284
17746 17756 271
17767 17809 80
17784 17812 98
17784 17811 30
17811 17857 93
17839 17842 230
17862 17879 198
17878 17924 147
17899 17944 143
17914 17945 283
17924 17937 238
17953 17984 23
17965 17981 205
17969 18016 70
17972 18015 180
18001 18040 231
18021 18046 54
18046 18079 135
18055 18056 180
18071 18098 185
18074 18084 188
18094 18096 33
18106 18121 201
18126 18167 33
18148 18162 93
18151 18190 21
18152 18179 5
18174 18216 189
18184 18233 104
18205 18211 270
18226 18250 74
18252 18297 123
18261 18300 47
18277 18306 73
18282 18294 133
18300 18340 44
18310 18360 111
18315 18338 15
18345 18359 54
18357 18399 44
18377 18416 94
18387 18400 235
18395 18400 49
18409 18429 255
18429 18446 154
18445 18487 18
18465 18481 105
18472 18509 239
18496 18523 137
18525 18557 260
18548 18574 117
18565 18571 118
18594 18607 193
18606 18640 285
18633 18657 95
18654 18669 246
18654 18683 209
18674 18687 271
18675 18687 34
18700 18742 203
18717 18724 33
18731 18748 9
18738 18763 171
18753 18773 258
18773 18817 96
18778 18825 9
18792 18795 246
18794 18818 237
18812 18862 98
18835 18868 210
18851 18876 90
18878 18884 142
18908 18939 93
18935 18979 208
18965 18979 126
18991 19009 243
19004 19030 33
19004 19028 191
19011 19029 78
19033 19051 130
19063 19105 255
19092 19120 283
19097 19136 125
19122 19134 121
19148 19194 169
19160 19203 246
19163 19209 140
19163 19200 215
19178 19226 220
19196 19228 168
19215 19245 89
19243 19282 189
19261 19308 24
19272 19307 150
19292 19331 146
19307 19313 171
19309 19321 155
19321 19327 203
19338 19345 190
19351 19361 96
19356 19374 165
19374 19400 80
19378 19416 299
19399 19420 52
19413 19428 228
19437 19486 261
19448 19467 177
19451 19490 190
19452 19472 228
19467 19503 76
19487 19507 50
19507 19521 293
19527 19567 272
19528 19565 182
19538 19551 44
19559 19594 22
19563 19580 83
19583 19618 45
19584 19593 287
19613 19645 26
19624 19652 32
19641 19677 175
19669 19700 242
19683 19723 270
19709 19742 22
19723 19735 203
19737 19773 166
19747 19760 259
19761 19789 133
19762 19798 17
19771 19810 40
19796 19846 254
19822 19861 216
19828 19876 163
19849 19860 72
19864 19910 231
19880 19899 64
19901 19908 267
19918 19924 152
19928 19952 13
19957 19975 162
19969 20003 138
19982 20008 282
19992 20041 164
20016 20024 143
20025 20034 196
20040 20073 208
20042 20071 298
20043 20057 33
20072 20090 257
20080 20093 255
20099 20130 249
20104 20116 184
20129 20149 153
20131 20151 8
20140 20180 235
20150 20175 194
20170 20178 45
20171 20218 87
20201 20241 92
20206 20217 166
20226 20274 191
20226 20235 11
20238 20272 28
20256 20258 152
20260 20274 225
20290 20315 59
20315 20364 70
20329 20374 218
20340 20387 96
20355 20387 140
20357 20363 300
20375 20410 291
20386 20429 32
20409 20444 173
20412 20444 89
20440 20481 163
20464 20474 231
20493 20498 232
20521 20568 118
20540 20550 238
20548 20570 235
20574 20600 189
20583 20590 73
20601 20642 159
20624 20645 57
20626 20661 156
20632 20652 64
20640 20666 18
20651 20662 16
20668 20705 87
20693 20713 36
20722 20767 63
20736 20769 182
20736 20781 24
20759 20801 168
20781 20783 39
20786 20798 141
20786 20821 196
20801 20851 248
20826 20845 167
20838 20844 194
20859 20875 110
20878 20884 239
20908 20928 168
20914 20939 134
20944 20954 116
20968 20986 291
20991 21011 286
20996 21036 35
21006 21027 25
21028 21050 194
21055 21075 84
21062 21077 286
21065 21073 293
21069 21108 170
21098 21139 82
21124 21172 40
21153 21194 36
21178 21214 5
21202 21242 126
21232 21247 182
21260 21290 214
21282 21316 118
21303 21313 145
21304 21322 126
21321 21322 240
21332 21359 252
21349 21375 51
21364 21397 138
21380 21404 190
21396 21425 147
21421 21431 135
21423 21456 195
21442 21471 169
21444 21465 219
21445 21488 258
21448 21495 260
21460 21473 106
21484 21530 95
21495 21499 257
21498 21547 118
21521 21525 162
21545 21593 100
21563 21591 54
21581 21619 243
21582 21593 58
21602 21621 11
21623 21643 292
21638 21673 19
21645 21650 177
21645 21659 206
21665 21683 123
21680 21703 277
21681 21684 96
21694 21721 220
21711 21753 247
21723 21734 52
21743 21787 256
21750 21753 74
21776 21798 251
21792 21817 158
21818 21834 127
21830 21852 163
21855 21882 288
21880 21907 193
21897 21914 156
21925 21961 124
21937 21944 299
21940 21988 74
21950 21994 98
21952 21974 48
21981 21988 283
21990 22036 229
21997 22041 244
21998 22003 54
22028 22038 119
22040 22063 296
22064 22072 147
22084 22095 277
22086 22100 217
22097 22107 145
22112 22145 286
22124 22149 80
22153 22191 74
22161 22183 125
22170 22210 266
22173 22178 86
22192 22194 109
22212 22260 47
22216 22238 289
22231 22262 35
22249 22275 137
22249 22283 98
22275 22301 85
22284 22311 72
22285 22324 119
22293 22311 296
22305 22317 234
22309 22327 64
22330 22375 96
22357 22379 268
22368 22403 297
22394 22395 39
22424 22468 108
22436 22474 88
22453 22477 124
22467 22480 278
22478 22497 299
22492 22521 132
22504 22507 182
22527 22575 105
22547 22554 145
22559 22587 192
22574 22622 51
22574 22595 1
22581 22592 58
22608 22635 233
22623 22671 85
22625 22670 254
22640 22671 89
22640 22655 173
22645 22681 164
22654 22685 91
22654 22689 226
22668 22695 32
22675 22710 274
22683 22695 113
22705 22721 180
22727 22735 121
22746 22795 293
22759 22765 41
22778 22783 117
22782 22794 5
22807 22833 122
22836 22859 189
22849 22868 182
22849 22880 291
22877 22889 183
22897 22901 192
22926 22946 125
22951 22980 205
22968 22987 56
22988 23016 50
23011 23032 30
23026 23075 291
23056 23069 68
23085 23086 92
23103 23107 245
23104 23129 188
23124 23164 1
23154 23188 288
23169 23218 279
23194 23224 102
23210 23249 125
23223 23267 163
23224 23262 231
23252 23272 287
23271 23309 113
23293 23296 263
23299 23300 103
23322 23371 262
23335 23352 209
23339 23381 286
23354 23362 218
23369 23394 85
23371 23395 202
23381 23408 232
23404 23417 195
23411 23447 82
23425 23447 72
23443 23448 61
23448 23478 47
23461 23504 94
23478 23507 285
23486 23495 202
23502 23548 82
23504 23530 33
23519 23533 127
23537 23539 298
23543 23557 284
23557 23586 187
23583 23616 202
23607 23643 61
23625 23627 161
23647 23652 178
23648 23698 274
23677 23721 240
23693 23694 89
23702 23746 19
23725 23726 17
23726 23767 257
23731 23757 270
23753 23763 45
23761 23785 243
23782 23798 176
23786 23829 220
23791 23831 26
23793 23814 297
23815 23855 259
23828 23833 232
23855 23873 149
23878 23910 299
23888 23896 14
23916 23939 217
23923 23972 262
23924 23962 256
23937 23986 185
23953 23954 102
23979 24017 288
24006 24020 262
24015 24040 58
24042 24061 263
24063 24100 86
24071 24116 296
24096 24137 261
24112 24156 140
24116 24148 207
24145 24167 202
24151 24162 35
24172 24197 270
24181 24187 211
24195 24208 71
24203 24248 234
24231 24281 234
24256 24306 51
24256 24270 287
24257 24294 182
24285 24295 38
24286 24288 90
24310 24359 92
24327 24359 249
24329 24367 131
24331 24363 14
24360 24405 220
24373 24418 234
24396 24422 121
24417 24464 5
24433 24461 90
24459 24471 35
24474 24521 299
24479 24527 244
24503 24521 235
24511 24544 285
24535 24572 209
24536 24551 180
24536 24563 277
24557 24564 92
24587 24594 3
24601 24615 74
24601 24651 230
24628 24632 208
24650 24696 183
24656 24706 37
24684 24695 281
24705 24744 232
24730 24749 222
24744 24778 285
24759 24769 131
24783 24830 1
24786 24797 94
24797 24804 109
24799 24806 142
24809 24842 62
24836 24838 252
24845 24875 23
24870 24872 64
24899 24903 242
24916 24930 129
24943 24978 14
24949 24975 134
24974 25001 56
24981 25001 209
25000 25037 201
25016 25045 239
25026 25064 90
25043 25075 139
25071 25089 197
25089 25112 138
25092 25134 175
25106 25137 145
25128 25135 59
25151 25188 167
25179 25196 234
25197 25237 297
25200 25211 49
25200 25250 121
25222 25253 228
25242 25274 137
25272 25308 201
25299 25325 211
25311 25354 273
25325 25356 1
25349 25353 6
25350 25393 204
25372 25405 181
25383 25384 88
25385 25411 132
25399 25403 265
25416 25429 5
25440 25483 256
25454 25497 219
25477 25483 247
25505 25515 87
25531 25538 162
25533 25546 23
25537 25558 63
25548 25561 73
25558 25588 140
25570 25616 76
25598 25599 48
25625 25649 136
25649 25682 120
25674 25712 235
25692 25722 221
25702 25750 33
25706 25712 111
25727 25765 34
25752 25778 167
25761 25771 179
25787 25788 37
25816 25859 181
25825 25859 80
25841 25881 29
25868 25892 96
25883 25897 60
25903 25948 208
25911 25950 180
25912 25951 18
25926 25940 2
25956 25995 280
25956 25976 298
25970 26000 156
25981 25998 60
26006 26056 24
26011 26017 110
26033 26064 293
26040 26063 31
26053 26085 86
26062 26076 155
26072 26102 205
26096 26144 80
26107 26154 226
26116 26141 277
26144 26163 15
26153 26172 107
26159 26208 1
26175 26198 275
26193 26242 214
26206 26244 262
26219 26257 112
26244 26280 254
26250 26284 89
26278 26327 68
26284 26306 87
26308 26315 164
26314 26348 86
26317 26348 13
26325 26345 98
26333 26363 219
26335 26353 263
26344 26366 289
26371 26413 49
26382 26397 194
26393 26439 27
26416 26460 11
26420 26450 145
26439 26449 155
26466 26467 62
26483 26523 130
26497 26504 97
26502 26532 184
26509 26531 156
26527 26559 210
26556 26590 51
26586 26633 99
26608 26638 150
26634 26667 156
26664 26689 245
26694 26722 239
26704 26729 36
26727 26737 260
26732 26755 96
26758 26803 147
26763 26774 171
26784 26818 91
26788 26796 154
26794 26828 272
26800 26806 122
26805 26808 18
26810 26821 96
26814 26830 28
26820 26838 65
26821 26856 217
26822 26846 90
26823 26843 170
26852 26865 175
26875 26885 271
26901 26922 260
26904 26953 289
26929 26957 74
26937 26953 212
26964 27009 286
26985 27006 294
26991 26998 187
26992 27002 86
26995 27012 105
27017 27063 24
27039 27069 140
27068 27118 149
27078 27119 55
27097 27126 88
27097 27098 222
27099 27144 268
27129 27167 267
27151 27156 120
27160 27161 237
27170 27216 57
27177 27222 25
27203 27221 272
27229 27233 267
27240 27246 87
27242 27246 271
27265 27307 101
27274 27288 216
27287 27337 299
27289 27312 110
27293 27308 107
27321 27360 57
27342 27379 160
27359 27402 136
27369 27417 24
27392 27417 139
27394 27424 33
27395 27432 13
27413 27425 189
27430 27444 35
27454 27480 155
27478 27493 268
27496 27503 22
27503 27538 23
27517 27538 128
27522 27554 268
27535 27552 117
27554 27591 245
27582 27614 180
27605 27645 42
27630 27635 70
27653 27679 238
27682 27689 164
27703 27707 223
27703 27733 94
27730 27773 29
27752 27770 154
27755 27802 227
27779 27808 232
27807 27851 299
27809 27826 263
27816 27847 52
27839 27860 131
27856 27884 8
27877 27893 284
27894 27917 263
27908 27929 220
27915 27928 268
27919 27937 50
27919 27944 47
27920 27921 3
27923 27958 217
27935 27956 142
27944 27958 173
27957 27994 8
27984 28031 22
27999 28040 116
28000 28010 263
28009 28018 113
28023 28057 101
28047 28076 216
28055 28081 196
28071 28120 36
28096 28132 279
28096 28142 82
28117 28164 198
28133 28178 146
28162 28203 170
28177 28182 127
28194 28218 3
28213 28218 149
28215 28262 300
28244 28279 264
28257 28271 233
28276 28296 281
28288 28310 222
28313 28342 205
28338 28351 190
28363 28389 48
28368 28375 177
28380 28404 36
28404 28414 40
28416 28422 48
28427 28435 99
28442 28469 171
28472 28487 242
28488 28530 2
28514 28555 261
28528 28547 233
28552 28553 178
28569 28608 172
28574 28590 131
28581 28594 269
28583 28585 219
28600 28630 232
28600 28646 295
28621 28663 280
28649 28658 64
28662 28679 222
28669 28714 249
28671 28697 189
28686 28726 40
28707 28710 75
28722 28727 59
28726 28767 234
28737 28740 263
28746 28789 18
28747 28796 218
28775 28820 231
28796 28815 78
28812 28824 151
28814 28849 28
28840 28865 186
28859 28896 267
28875 28902 235
28899 28910 181
28907 28918 287
28933 28943 298
28951 28954 217
28955 28981 166
28975 28986 200
28983 29002 282
29012 29056 174
29031 29070 51
29045 29080 188
29067 29070 18
29080 29081 168
29109 29110 53
29122 29124 134
29130 29140 23
29153 29185 296
29172 29211 187
29178 29226 43
29202 29205 34
29211 29252 269
29220 29224 28
29227 29263 294
29244 29286 235
29263 29297 294
29283 29312 119
29302 29337 121
29331 29343 123
29338 29383 111
29341 29385 283
29363 29366 92
29376 29381 230
29387 29395 42
29400 29423 82
29411 29455 75
29427 29472 144
29445 29467 81
29447 29491 41
29464 29494 176
29480 29508 209
29489 29497 187
29499 29507 93
29508 29510 41
29518 29554 8
29538 29548 111
29563 29567 95
29572 29621 221
29572 29583 172
29574 29614 71
29602 29627 12
29630 29675 277
29647 29648 31
29650 29667 162
29680 29729 294
29700 29703 144
29706 29756 219
29722 29749 208
29728 29778 76
29742 29751 144
29772 29787 147
29800 29823 207
29811 29855 215
29841 29850 199
29846 29872 154
29860 29907 223
29862 29884 28
29878 29926 221
29896 29909 221
29917 29937 91
29947 29988 200
29968 30000 32
29974 29999 84
29990 30027 119
30001 30032 120
30023 30043 183
30032 30036 38
30059 30105 277
30079 30106 173
30095 30101 3
30119 30166 268
30138 30146 137
30143 30167 205
30149 30161 184
30153 30196 256
30168 30217 25
30185 30227 221
30204 30220 247
30212 30232 256
30215 30265 199
30216 30249 29
30224 30273 167
30235 30252 47
30257 30275 281
30275 30284 44
30277 30313 181
30297 30324 253
30320 30364 180
30329 30330 286
30344 30373 137
30363 30401 193
30382 30388 54
30410 30447 240
30422 30431 107
30449 30479 63
30460 30491 11
30465 30514 280
30488 30512 120
30512 30550 72
30513 30548 252
30542 30584 245
30550 30595 67
30566 30571 110
30596 30613 173
30602 30632 126
30629 30631 210
30648 30668 171
30664 30678 7
30690 30716 148
30698 30708 245
30704 30729 2
30711 30750 27
30739 30784 81
30741 30758 37
30749 30755 160
30778 30804 164
30804 30830 221
30821 30835 37
30829 30859 102
30837 30861 176
30862 30905 171
30880 30903 114
30895 30936 162
30916 30941 90
30944 30945 87
30952 30966 153
30953 30982 126
30960 30993 255
30985 31001 251
30986 31000 246
30988 31021 240
30993 31017 13
30994 31007 102
31019 31030 254
31041 31068 131
31055 31079 272
31077 31118 194
31094 31137 112
31116 31149 149
31127 31139 288
31136 31161 268
31149 31156 253
31160 31171 16
31166 31216 255
31188 31230 220
31191 31196 54
31202 31220 57
31212 31242 19
31224 31253 229
31226 31232 83
31232 31270 4
31253 31259 183
31276 31284 300
31301 31308 220
31324 31341 53
31325 31371 27
31326 31363 188
31345 31383 237
31374 31412 222
31393 31421 142
31399 31440 244
31423 31435 277
31432 31471 168
31451 31472 238
31474 31501 148
31503 31536 187
31525 31529 79
31525 31573 164
31532 31573 76
31532 31562 170
31554 31561 229
31581 31599 186
31591 31606 4
31614 31619 243
31637 31678 137
31654 31680 2
31659 31699 205
31683 31715 173
31683 31693 131
31710 31738 222
31728 31744 112
31747 31762 270
31766 31808 91
31774 31820 237
31803 31810 222
31807 31844 296
31810 31822 246
31828 31876 197
31854 31874 266
31877 31919 273
31889 31924 261
31891 31910 268
31916 31941 264
31936 31947 277
31964 31976 77
31987 31995 160
31992 32015 295
32016 32036 229
32042 32059 213
32061 32062 196
32062 32072 161
32087 32097 100
32113 32120 198
32127 32131 235
32127 32153 251
32127 32148 295
32146 32170 161
32148 32181 258
32152 32193 75
32180 32194 69
32190 32213 76
32195 32226 173
32220 32238 161
32236 32277 237
32260 32287 87
32278 32325 132
32294 32308 10
32298 32339 31
32306 32317 84
32312 32346 142
32329 32341 118
32350 32381 169
32377 32418 218
32386 32414 213
32393 32418 66
32422 32447 111
32433 32472 129
32457 32487 113
32467 32493 5
32467 32486 134
32496 32534 192
32525 32573 145
32526 32547 185
32541 32558 99
32560 32588 29
32584 32594 215
32609 32651 127
32617 32648 54
32633 32634 56
32636 32646 253
32637 32672 183
32640 32687 242
32644 32684 274
32654 32680 95
32680 32729 234
32695 32731 147
32697 32698 148
32703 32737 26
32709 32754 25
32731 32763 9
32752 32800 94
32782 32812 192
32806 32855 148
32815 32858 288
32827 32831 24
32857 32893 196
32863 32893 12
32890 32916 128
32911 32939 37
32929 32942 139
32959 33006 200
32969 32971 140
32976 32991 294
32994 33019 199
33022 33035 208
33050 33065 264
33068 33079 51
33098 33137 227
33113 33141 89
33125 33169 211
33148 33180 129
33166 33212 103
33170 33204 92
33194 33216 104
33195 33208 130
33202 33210 220
33210 33252 264
33219 33256 250
33225 33239 159
33225 33230 235
33236 33281 222
33266 33315 7
33291 33340 131
33321 33327 73
33333 33381 294
33343 33374 104
33345 33377 286
33349 33373 226
33375 33424 287
33392 33433 257
33415 33449 145
33437 33443 295
33464 33506 234
33464 33509 85
33469 33483 177
33496 33515 206
33508 33512 74
33530 33535 47
33557 33602 246
33577 33591 197
33605 33628 192
33629 33635 141
33654 33679 67
33681 33731 30
33694 33707 197
33700 33732 22
33700 33723 264
33714 33717 91
33716 33721 35
33721 33758 70
33723 33740 82
33742 33758 300
33745 33764 196
33761 33795 238
33770 33812 135
33797 33836 140
33804 33823 197
33821 33853 121
33829 33830 226
33858 33870 50
33867 33894 42
33880 33920 30
33894 33900 87
33924 33974 228
33928 33964 192
33947 33993 216
33975 33997 110
33977 34026 262
34001 34027 171
34021 34046 195
34031 34081 82
34060 34102 79
34073 34082 195
34090 34109 252
34093 34141 161
34123 34155 280
34139 34177 137
34152 34182 14
34153 34198 281
34181 34192 34
34191 34194 232
34195 34237 84
34216 34240 235
34226 34243 75
34231 34279 210
34231 34278 253
34236 34284 217
34239 34267 149
34242 34279 91
34266 34306 84
34279 34322 282
34298 34330 242
34311 34323 76
34322 34332 91
34337 34352 112
34359 34402 41
34371 34411 130
34393 34406 120
34413 34446 62
34442 34445 38
34469 34496 208
34490 34508 40
34502 34524 197
34517 34538 79
34541 34575 150
34548 34578 213
34574 34586 142
34604 34608 240
34613 34619 115
34613 34641 295
34636 34671 196
34657 34687 28
34666 34673 165
34673 34710 95
34685 34732 108
34705 34726 140
34722 34749 76
34725 34755 136
34729 34779 109
34729 34772 10
34738 34773 70
34758 34778 126
34766 34793 290
34791 34828 222
34791 34831 110
34793 34813 300
34800 34824 227
34802 34817 29
34810 34827 296
34833 34843 211
34859 34862 125
34880 34896 15
34895 34931 146
34913 34918 195
34941 34952 32
34956 34959 93
34985 35002 162
35012 35033 210
35015 35032 1
35019 35063 172
35038 35076 33
35053 35063 290
35081 35127 293
35097 35127 137
35123 35151 70
35125 35169 293
35130 35147 12
35144 35160 259
35155 35160 82
35168 35206 50
35191 35205 191
35214 35257 223
35222 35262 252
35227 35272 189
35254 35272 141
35259 35262 74
35285 35312 218
35292 35294 102
35317 35337 247
35332 35348 243
35350 35397 241
35361 35408 107
35380 35417 143
35388 35426 298
35407 35454 190
35422 35448 246
35430 35473 7
35435 35474 221
35448 35473 159
35456 35465 112
35470 35492 70
35496 35519 212
35508 35518 298
35528 35533 110
35552 35586 207
35555 35579 114
35578 35596 60
35603 35626 269
35613 35629 88
35631 35651 171
35659 35692 279
35662 35687 131
35669 35696 260
35699 35701 250
35716 35719 211
35720 35736 134
35734 35782 53
35748 35771 166
35772 35786 8
35784 35821 175
35811 35858 295
35837 35861 238
35846 35863 270
35860 35881 297
35884 35888 53
35888 35896 117
35896 35909 244
35918 35960 290
35923 35946 220
35942 35985 44
35971 35983 278
35997 36014 229
36008 36024 33
36027 36056 248
36028 36063 48
36055 36076 25
36071 36099 249
36082 36089 105
36085 36117 88
36086 36125 123
36108 36117 277
36124 36136 298
36152 36197 73
36174 36178 295
36198 36224 196
36218 36237 251
36225 36228 237
36229 36241 160
36230 36247 48
36246 36256 156
36273 36298 300
36285 36320 55
36303 36342 164
36303 36315 258
36318 36364 222
36346 36377 275
36357 36391 231
36374 36398 59
36384 36396 184
36411 36458 70
36427 36455 236
36439 36459 100
36464 36474 181
36479 36525 134
36484 36507 162
36508 36527 198
36523 36544 297
36538 36554 227
36560 36593 222
36582 36585 59
36599 36619 72
36606 36642 162
36606 36627 188
36613 36644 48
36638 36644 218
36646 36681 129
36653 36666 79
36670 36677 72
36673 36678 160
36696 36746 288
36723 36770 247
36751 36782 295
36752 36785 228
36767 36802 23
36767 36799 143
36771 36805 216
36787 36834 124
36791 36832 273
36813 36822 107
36829 36840 105
36857 36861 99
36878 36918 50
36898 36948 274
36916 36965 192
36936 36946 79
36965 36971 250
36978 37026 299
37000 37021 245
37022 37026 98
37025 37043 267
37029 37045 300
37035 37041 269
37049 37050 47
37058 37098 112
37064 37073 102
37093 37118 33
37117 37118 262
37134 37159 13
37141 37173 59
37148 37183 38
37160 37165 46
37160 37187 244
37164 37166 272
37164 37189 105
37167 37213 215
37175 37212 175
37184 37210 95
37198 37199 4
37227 37234 284
37236 37244 34
37265 37308 32
37293 37313 298
37296 37340 266
37316 37332 275
37319 37340 80
37346 37394 246
37368 37407 296
37396 37414 50
37403 37442 2
37413 37425 34
37437 37451 98
37438 37440 28
37444 37446 75
37449 37453 160
37460 37504 106
37474 37498 252
37484 37500 13
37495 37501 226
37495 37526 32
37496 37537 124
37520 37570 235
37528 37530 147
37545 37552 188
37555 37598 248
37579 37614 270
37584 37620 14
37614 37654 266
37617 37647 32
37628 37665 59
37640 37664 268
37669 37713 258
37694 37729 158
37705 37748 182
37707 37743 108
37733 37752 251
37754 37797 244
37763 37766 181
37790 37800 242
37800 37842 185
37822 37869 231
37836 37869 115
37864 37892 80
37884 37921 247
37911 37961 135
37937 37963 101
37957 37979 118
37966 38014 55
37971 38009 191
37979 38028 169
38009 38055 111
38039 38051 118
38067 38086 66
38077 38097 275
38078 38113 93
38081 38102 129
38097 38129 266
38107 38156 22
38113 38128 121
38134 38147 40
38139 38151 221
38148 38167 164
38175 38216 236
38196 38214 260
38224 38244 233
38245 38252 179
38257 38305 24
38287 38291 28
38294 38299 93
38308 38330 41
38331 38337 17
38349 38351 38
38355 38372 170
38370 38397 211
38376 38393 186
38391 38435 105
38407 38454 292
38432 38466 95
38450 38480 49
38479 38522 151
38489 38497 227
38506 38507 13
38507 38538 119
38533 38565 172
38559 38562 167
38570 38571 57
38595 38603 122
38595 38632 196
38604 38605 238
38626 38655 69
38656 38696 102
38682 38727 290
38696 38703 144
38706 38715 228
38727 38769 31
38745 38786 181
38750 38786 223
38759 38793 6
38770 38809 217
38793 38839 81
38819 38860 19
38821 38836 228
38833 38878 241
38844 38858 170
38865 38867 136
38880 38902 262
38896 38900 219
38902 38912 38
38902 38909 109
38905 38953 259
38920 38956 227
38924 38965 293
38943 38975 157
38961 38992 192
38981 39003 110
38989 38991 221
39003 39039 207
39008 39052 60
39016 39029 87
39038 39074 139
39054 39068 65
39057 39102 237
39076 39082 108
39091 39133 141
39119 39144 296
39123 39169 17
39124 39143 134
39135 39184 53
39154 39173 143
39168 39216 258
39179 39197 127
39196 39214 297
39219 39221 159
39237 39273 1
39249 39285 123
39274 39276 141
39284 39330 262
39297 39311 270
39326 39362 32
39356 39370 65
39356 39358 288
39358 39408 152
39384 39426 294
39402 39417 111
39412 39457 169
39420 39434 18
39443 39447 76
39473 39498 27
39479 39527 242
39500 39543 97
39509 39537 128
39515 39552 15
39530 39575 89
39535 39578 248
39545 39589 17
39560 39575 12
39572 39581 281
39577 39615 205
39584 39622 255
39604 39627 114
39627 39660 263
39633 39648 13
39653 39671 222
39683 39690 89
39702 39752 83
39711 39719 92
39741 39743 45
39748 39755 229
39769 39794 238
39776 39787 126
39792 39812 87
39809 39834 4
39828 39839 13
39844 39845 41
39872 39919 256
39892 39929 127
39901 39919 107
39925 39959 47
39927 39968 61
39952 39994 220
39979 39986 192
39996 39999 27
40018 40063 79
40035 40071 205
40048 40092 90
40063 40066 143
40078 40122 18
40083 40103 264
40089 40090 252
40105 40118 48
40106 40112 92
40116 40147 217
40139 40180 241
40148 40197 35
40173 40206 210
40175 40205 184
40185 40200 287
40210 40234 291
40236 40283 32
40253 40267 95
40259 40266 126
40284 40315 249
40291 40313 106
40298 40299 85
40323 40362 17
40341 40346 165
40356 40399 112
40365 40384 60
40388 40435 103
40403 40427 244
40420 40435 183
40433 40483 262
40458 40505 88
40482 40523 223
40501 40546 57
40508 40527 196
40534 40556 262
40558 40601 294
40576 40603 288
40596 40620 179
40613 40617 139
40618 40646 78
40636 40659 186
40652 40699 145
40664 40705 8
40689 40707 221
40702 40719 120
40732 40745 148
40749 40797 213
40770 40775 6
40792 40812 15
40808 40842 43
40817 40820 119
40818 40830 106
40826 40836 276
40838 40858 246
40842 40857 192
40843 40846 108
40860 40878 134
40884 40928 189
40899 40920 150
40923 40943 49
40946 40974 198
40976 41019 217
40987 41026 299
41008 41038 73
41029 41063 260
41029 41064 296
41033 41074 92
41038 41080 281
41050 41088 155
41074 41118 45
41090 41099 10
41118 41128 191
41142 41177 194
41166 41197 203
41179 41195 71
41187 41191 152
41216 41231 9
41243 41266 265
41267 41307 98
41295 41308 174
41302 41319 40
41324 41365 149
41334 41341 11
41343 41385 88
41348 41373 102
41376 41410 16
41385 41390 48
41415 41432 148
41431 41462 165
41434 41445 129
41461 41493 207
41488 41494 278
41506 41549 215
41506 41556 106
41523 41546 233
41528 41556 134
41532 41552 114
41544 41577 94
41552 41589 192
41566 41614 275
41589 41594 160
41617 41618 135
41641 41660 107
41666 41689 156
41677 41685 212
41687 41710 171
41698 41747 230
41727 41733 266
41756 41796 20
41770 41792 187
41794 41803 174
41799 41816 114
41817 41838 57
41839 41885 222
41855 41896 280
41867 41917 138
41871 41917 283
41878 41922 259
41893 41938 75
41907 41913 163
41927 41943 237
41946 41966 32
41959 41995 6
41976 41988 267
41988 42030 265
42009 42048 101
42009 42012 192
42017 42039 65
42046 42071 94
42049 42067 120
42072 42079 229
42087 42104 92
42094 42109 121
42117 42155 104
42133 42168 261
42162 42190 259
42184 42214 121
42214 42261 299
42233 42262 58
42243 42286 246
42257 42280 53
42275 42319 62
42303 42335 7
42303 42324 174
42329 42365 172
42342 42351 160
42366 42391 235
42391 42398 201
42394 42401 197
42407 42442 300
42427 42451 92
42440 42483 118
42456 42462 109
42464 42486 91
42479 42498 4
42498 42503 262
42506 42552 142
42525 42561 101
42552 42587 23
42555 42605 219
42565 42574 201
42588 42619 207
42608 42656 264
42621 42625 184
42621 42626 82
42645 42684 186
42647 42670 161
42677 42699 293
42679 42709 64
42688 42736 71
42688 42707 171
42715 42757 92
42733 42734 8
42760 42804 190
42768 42778 221
42794 42832 45
42807 42819 135
42810 42819 110
42830 42853 232
42839 42878 236
42846 42884 91
42867 42874 118
42892 42913 214
42911 42920 293
42915 42938 185
42931 42946 268
42946 42975 173
42947 42966 256
42971 42989 264
42978 43006 277
42979 43006 93
42996 43002 27
43009 43045 100
43032 43034 94
43039 43044 83
43048 43093 197
43065 43068 300
43079 43114 152
43107 43144 128
43112 43149 253
43123 43164 92
43125 43139 78
43139 43151 174
43166 43174 94
43176 43200 225
43201 43237 266
43222 43245 118
43241 43250 103
43252 43283 73
43270 43312 298
43272 43291 38
43283 43292 208
43286 43310 200
43286 43287 85
43296 43321 33
43296 43320 249
43296 43345 101
43309 43318 239
43310 43354 69
43335 43371 42
43343 43374 62
43347 43355 3
43370 43381 56
43377 43414 114
43379 43422 201
43389 43392 47
43413 43415 300
43420 43461 61
43450 43460 282
43463 43480 39
43469 43499 44
43478 43485 45
43507 43554 121
43536 43574 1
43546 43556 120
43558 43566 125
43582 43601 87
43597 43617 247
43615 43660 143
43620 43634 158
43645 43693 136
43651 43697 172
43656 43700 119
43677 43687 143
43689 43703 188
43695 43723 201
43698 43731 247
43713 43744 148
43719 43759 101
43737 43746 150
43745 43774 91
43753 43800 68
43781 43800 275
43806 43808 101
43836 43862 59
43850 43859 257
43877 43886 56
43895 43911 190
43905 43947 83
43917 43946 78
43935 43952 153
43948 43951 271
43949 43982 269
43976 43981 42
43994 44033 184
43996 44003 182
44000 44036 9
44017 44053 292
44023 44054 61
44044 44092 273
44049 44051 103
44068 44075 63
44070 44104 38
44086 44113 262
44112 44137 34
44122 44135 90
44142 44159 286
44161 44172 259
44182 44192 208
44188 44204 202
44207 44250 231
44213 44257 281
44213 44253 157
44221 44239 203
44241 44269 22
44253 44286 174
44281 44287 210
44309 44343 108
44326 44376 138
44344 44352 129
44350 44394 114
44368 44405 117
44373 44383 143
44397 44410 13
44405 44424 154
44408 44438 238
44435 44462 105
44463 44467 157
44486 44496 97
44509 44556 47
44513 44557 161
44533 44549 99
44542 44568 175
44554 44597 140
44558 44599 120
44582 44589 14
44610 44631 273
44614 44656 89
44642 44666 214
44655 44701 234
44668 44718 297
44686 44733 157
44686 44716 201
44697 44725 88
44708 44753 137
44719 44765 192
44731 44738 54
44742 44753 209
44743 44760 230
44753 44796 61
44768 44796 127
44770 44799 22
44778 44808 66
44799 44836 295
44819 44832 176
44832 44866 176
44855 44859 262
44879 44921 155
44899 44921 182
44925 44943 284
44951 44967 293
44956 44991 291
44977 45009 184
44988 45002 184
45007 45021 2
45029 45072 266
45048 45070 135
45053 45066 66
45072 45093 218
45081 45117 180
45101 45125 288
45121 45130 216
45147 45168 167
45168 45171 110
45187 45202 263
45208 45253 215
45216 45260 140
45236 45260 84
45246 45273 21
45268 45273 284
45270 45303 135
45280 45316 89
45284 45331 210
45311 45351 165
45323 45360 153
45338 45386 153
45366 45398 32
45370 45411 294
45389 45429 101
45395 45415 245
45419 45463 122
45434 45468 154
45441 45457 291
45451 45492 85
45460 45505 238
45481 45494 151
45501 45525 102
45504 45531 192
45525 45542 29
45547 45577 62
45552 45553 175
45575 45625 292
45579 45593 52
45588 45634 63
45605 45654 132
45608 45650 176
45629 45630 34
45645 45695 261
45646 45668 259
45648 45683 106
45667 45699 1
45672 45699 149
45672 45701 293
45677 45726 53
45681 45704 168
45695 45738 236
45718 45743 176
45738 45752 105
45758 45771 43
45782 45804 187
45796 45844 221
45803 45818 208
45827 45867 37
45832 45852 120
45833 45851 188
45842 45870 281
45850 45868 51
45856 45881 106
45886 45903 110
45890 45920 196
45917 45942 251
45940 45978 97
45944 45982 253
45974 46003 262
45994 46022 217
45994 46011 174
46008 46013 45
46014 46018 152
46019 46053 237
46046 46067 27
46067 46080 289
46085 46117 230
46106 46147 170
46113 46125 262
46142 46150 233
46167 46211 181
46180 46201 248
46185 46235 107
46215 46252 195
46217 46264 1
46232 46238 170
46258 46298 58
46265 46287 243
46282 46330 90
46285 46288 137
46287 46329 12
46306 46328 278
46332 46378 102
46359 46361 132
46382 46417 222
46404 46419 82
46424 46444 100
46431 46470 243
46438 46465 136
46452 46484 23
46464 46478 24
46494 46515 6
46513 46538 215
46516 46524 222
46537 46578 205
46543 46572 236
46545 46583 48
46547 46570 280
46564 46568 160
46588 46628 127
46609 46615 77
46637 46687 34
46646 46682 264
46660 46677 252
46663 46712 128
46690 46707 11
46707 46734 54
46716 46728 234
46724 46750 213
46748 46772 10
46759 46783 206
46762 46767 214
46773 46818 40
46800 46805 98
46807 46816 230
46827 46857 125
46831 46875 137
46846 46847 102
46864 46875 75
46864 46885 130
46876 46900 145
46885 46902 35
46911 46926 36
46930 46957 7
46959 47004 57
46962 46988 228
46985 47022 298
47003 47007 11
47031 47041 221
47045 47072 32
47074 47083 295
47088 47136 255
47100 47110 111
47113 47120 131
47131 47158 40
47161 47167 249
47176 47213 74
47182 47186 128
47201 47214 90
47219 47259 182
47230 47245 65
47241 47289 113
47271 47292 162
47282 47300 59
47303 47343 287
47312 47351 150
47338 47376 119
47339 47367 232
47340 47347 72
47368 47408 215
47387 47392 251
47403 47448 224
47414 47419 200
47425 47440 261
47442 47456 231
47464 47481 77
47483 47488 124
47504 47516 70
47525 47551 296
47551 47554 193
47567 47593 74
47567 47591 97
47570 47584 295
47593 47610 277
47595 47622 238
47617 47649 148
47638 47683 237
47657 47701 52
47665 47702 1
47685 47727 169
47704 47715 182
47730 47771 220
47737 47778 55
47766 47814 175
47777 47794 7
47781 47799 125
47797 47840 108
47822 47834 230
47833 47877 281
47850 47876 151
47860 47891 241
47873 47923 118
47877 47908 138
47881 47897 99
47903 47906 208
47913 47919 286
47936 47948 191
47951 47967 20
47954 47988 61
47961 48009 295
47968 47992 133
47984 48016 199
47989 48006 109
47989 48000 2
47994 48038 129
48020 48064 216
48027 48062 79
48043 48074 262
48045 48077 129
48049 48089 244
48076 48125 240
48084 48094 163
48092 48113 30
48113 48117 164
48113 48126 271
48115 48156 198
48131 48173 120
48155 48167 95
48168 48181 298
48171 48203 257
48201 48204 119
48206 48237 273
48236 48264 31
48238 48277 51
48246 48256 89
48251 48294 112
48266 48267 72
48283 48295 106
48287 48292 260
48303 48338 243
48307 48319 1
48314 48317 208
48330 48357 291
48342 48355 6
48369 48387 229
48381 48397 127
48409 48423 124
48429 48437 18
48457 48497 94
48476 48514 45
48495 48537 8
48519 48562 252
48545 48590 113
48548 48595 121
48550 48574 273
48557 48568 58
48573 48615 118
48600 48641 18
48620 48632 141
48648 48691 126
48670 48709 194
48671 48715 26
48694 48726 26
48706 48755 168
48717 48746 208
48721 48741 245
48742 48755 231
48759 48761 171
48781 48829 253
48794 48844 61
48799 48809 173
48829 48846 227
48851 48870 26
48862 48879 47
48873 48886 274
48875 48917 122
48890 48900 238
48905 48919 151
48935 48948 207
48936 48953 199
48954 48990 225
48968 48985 297
48993 49015 154
49018 49040 36
49025 49043 265
49049 49084 104
49072 49111 228
49082 49129 124
49104 49118 270
49119 49126 35
49141 49144 39
49149 49174 182
49172 49192 153
49173 49189 291
49180 49203 281
49196 49208 37
49213 49257 152
49216 49220 187
49237 49273 286
49241 49245 181
49262 49307 275
49275 49297 281
49285 49294 296
49300 49328 277
49323 49372 37
49352 49353 196
49382 49405 233
49388 49389 271
49395 49401 51
49419 49466 169
49419 49464 240
49423 49433 75
49443 49463 142
49459 49495 151
49474 49511 116
49492 49536 95
49501 49539 293
49523 49559 270
49526 49553 139
49527 49565 174
49536 49565 109
49541 49573 223
49555 49601 151
49578 49615 159
49602 49625 230
49626 49670 215
49631 49653 254
49658 49673 24
49687 49710 218
49700 49730 261
49705 49724 289
49730 49740 173
49749 49759 66
49773 49801 84
49774 49812 173
49782 49789 210
49782 49788 55
49796 49817 70
49800 49816 194
49814 49850 270
49838 49860 230
49853 49873 232
49876 49885 202
49893 49923 57
49897 49928 112
49902 49920 186
49912 49936 185
49930 49936 169
49954 49957 65
49979 50023 68
49995 49996 157
50012 50054 264
50014 50046 181
50025 50031 50
50044 50045 34
50069 50112 9
50075 50116 3
50099 50101 145
50108 50116 153
50137 50143 238
50144 50172 257
50150 50151 80
50159 50208 69
50173 50174 173
50188 50225 108
50190 50195 193
50211 50225 234
50216 50255 210
50227 50230 2
50245 50252 26
50259 50308 236
50289 50314 16
50312 50343 147
50313 50340 215
50332 50367 18
50333 50349 65
50361 50387 47
50370 50377 112
50379 50390 259
50402 50451 229
50407 50450 232
50410 50411 150
50431 50459 290
50444 50445 111
50448 50468 169
50449 50496 79
50464 50477 9
50486 50501 119
50488 50497 208
50490 50525 206
50513 50556 58
50527 50536 37
50531 50534 295
50555 50563 179
50577 50602 236
50584 50634 256
50606 50611 281
50625 50630 20
50633 50634 288
50636 50659 45
50661 50683 10
50670 50719 104
50685 50713 287
50708 50723 79
50727 50745 2
50731 50778 276
50732 50759 125
50760 50784 151
50777 50780 64
50807 50816 230
50832 50838 289
50854 50871 71
50873 50888 248
50896 50902 275
50920 50923 262
50945 50957 221
50949 50993 285
50971 50988 37
50981 51016 176
50986 50990 110
51014 51047 45
51017 51037 70
51033 51049 87
51047 51064 237
51063 51107 42
51075 51103 267
51089 51119 238
51089 51123 266
51102 51118 200
51116 51121 125
51135 51160 158
51156 51197 96
51156 51167 147
51172 51215 20
51202 51237 135
51225 51259 15
51252 51256 136
51276 51290 180
51304 51333 236
51319 51341 251
51332 51354 96
51349 51388 4
51366 51406 141
51376 51410 259
51401 51434 122
51426 51430 70
51437 51482 28
51462 51505 69
51467 51495 142
51490 51520 130
51507 51535 267
51521 51541 58
51538 51573 4
51539 51571 167
51541 51553 260
51554 51593 174
51556 51573 251
51575 51617 94
51585 51588 60
51611 51633 53
51632 51667 277
51658 51661 63
51658 51702 93
51680 51719 77
51703 51730 166
51719 51744 269
51725 51757 205
51729 51746 147
51751 51790 230
51771 51799 292
51799 51842 140
51826 51834 264
51844 51882 257
51867 51890 209
51891 51939 14
51910 51943 200
51931 51961 159
51959 52006 247
51976 52025 117
51982 51990 86
51992 52038 249
51994 52014 291
52010 52042 59
52016 52041 244
52044 52068 298
52068 52070 39
52097 52107 297
52102 52107 253
52110 52111 92
52112 52134 156
52141 52178 71
52155 52189 37
52174 52200 108
52187 52218 265
52197 52217 290
52204 52224 16
52224 52236 173
52246 52290 96
52264 52294 206
52264 52306 189
52277 52316 128
52306 52345 104
52332 52357 52
52339 52342 226
52355 52359 291
52374 52386 98
52383 52407 124
52383 52412 121
52387 52406 202
52398 52426 10
52418 52437 164
52435 52482 153
52452 52494 8
52472 52500 204
52484 52532 130
52495 52534 154
52500 52521 80
52524 52555 108
52539 52572 45
52556 52580 152
52556 52589 84
52575 52620 16
52600 52612 257
52613 52632 225
52643 52680 32
52655 52692 155
52671 52705 264
52699 52714 156
52708 52745 194
52722 52730 297
52743 52769 2
52773 52799 141
52792 52824 34
52800 52801 19
52820 52837 129
52824 52835 226
52854 52866 100
52879 52882 105
52904 52906 220
52927 52952 258
52927 52961 2
52937 52976 239
52947 52949 233
52959 53002 165
52973 52979 107
52989 52996 196
53009 53059 288
53017 53056 273
53047 53075 133
53054 53091 4
53073 53116 250
53094 53141 179
53098 53138 261
53127 53147 171
53142 53149 50
53165 53202 224
53180 53221 110
53186 53200 41
53211 53238 285
53240 53282 120
53255 53278 181
53261 53284 75
53263 53287 108
53280 53326 1
53290 53326 207
53291 53293 86
53300 53338 274
53312 53338 268
53331 53349 32
53348 53397 283
53348 53394 103
53363 53382 191
53377 53378 260
53386 53400 207
53405 53450 81
53414 53458 145
53424 53455 209
53454 53466 13
53483 53484 144
53498 53536 223
53499 53543 180
53523 53542 100
53548 53553 290
53562 53568 241
53592 53632 83
53597 53618 61
53608 53627 230
53634 53655 29
53659 53702 74
53678 53684 284
53708 53728 270
53708 53757 134
53724 53762 129
53734 53763 59
53753 53775 180
53770 53788 246
53798 53818 99
53801 53832 212
53813 53850 195
53820 53846 61
53842 53860 247
53860 53882 201
53867 53883 235
53894 53919 159
53908 53926 191
53924 53928 62
53938 53944 296
53968 54013 32
53981 54021 256
54007 54009 292
54037 54083 208
54067 54115 244
54087 54091 125
54108 54119 13
54111 54127 32
54115 54119 106
54132 54171 138
54146 54164 209
54147 54187 208
54164 54212 103
54171 54183 182
54172 54185 138
54188 54210 272
54215 54233 215
54237 54238 18
54240 54261 12
54255 54282 105
54256 54278 38
54275 54300 255
54289 54318 143
54295 54327 254
54295 54303 83
54320 54366 238
54330 54355 200
54357 54399 279
54376 54383 176
54397 54409 267
54419 54432 11
54444 54453 114
54469 54489 30
54470 54479 85
54483 54499 241
54489 54539 91
54492 54519 241
54503 54520 40
54525 54545 156
54528 54574 147
54541 54585 131
54543 54552 105
54550 54597 100
54563 54569 223
54575 54585 23
54577 54627 58
54586 54625 300
54594 54613 4
54595 54644 207
54603 54608 144
54617 54664 299
54630 54631 141
54641 54665 192
54654 54684 15
54657 54696 23
54685 54726 43
54694 54702 170
54697 54714 218
54699 54713 115
54700 54742 251
54706 54737 160
54727 54767 167
54740 54752 254
54761 54763 96
54761 54787 30
54789 54828 208
54798 54829 251
54813 54861 136
54822 54867 184
54829 54859 88
54856 54891 198
54883 54919 111
54888 54933 34
54910 54959 270
54929 54955 199
54931 54933 5
54933 54958 204
54959 54984 199
54976 55020 117
54988 54989 227
55002 55010 237
55008 55046 80
55036 55074 171
55037 55083 32
55064 55108 99
55083 55108 217
55111 55114 289
55136 55172 262
55137 55154 117
55146 55189 230
55169 55219 100
55175 55189 225
55178 55219 87
55208 55224 201
55213 55217 296
55226 55230 255
55231 55245 61
55256 55262 142
55264 55272 14
55276 55291 49
55286 55324 277
55292 55325 288
55310 55334 218
55318 55352 83
55329 55361 62
55359 55380 150
55375 55422 135
55383 55421 29
55411 55451 54
55429 55471 21
55446 55465 219
55446 55453 262
55453 55501 108
55470 55519 197
55495 55507 294
55504 55549 79
55534 55549 247
55536 55574 79
55557 55573 117
55575 55621 49
55598 55626 175
55607 55628 67
55629 55655 232
55632 55662 68
55659 55693 151
55664 55714 216
55689 55718 134
55694 55733 281
55700 55713 25
55706 55742 242
55708 55733 5
55715 55764 69
55733 55753 81
55751 55768 26
55780 55805 190
55793 55833 300
55809 55833 67
55816 55855 75
55833 55862 205
55856 55894 80
55859 55870 66
55885 55913 194
55900 55918 236
55929 55967 230
55952 55990 164
55957 55976 180
55973 56023 93
55980 56006 25
55989 56028 140
56011 56050 176
56011 56045 253
56038 56087 57
56068 56076 268
56068 56101 36
56086 56110 285
56105 56141 105
56130 56149 44
56147 56152 75
56148 56154 181
56165 56214 74
56191 56228 255
56193 56197 17
56195 56239 285
56208 56223 183
56230 56231 165
56255 56298 226
56267 56285 71
56290 56319 4
56310 56348 137
56323 56325 263
56323 56369 114
56331 56372 15
56342 56355 159
56366 56412 146
56380 56387 24
56400 56420 118
56416 56445 24
56423 56456 156
56428 56459 34
56445 56466 177
56466 56509 206
56487 56501 73
56508 56519 42
56522 56570 220
56524 56559 6
56539 56586 110
56561 56598 112
56577 56624 216
56592 56632 7
56618 56634 246
56635 56655 255
56636 56672 96
56653 56660 86
56683 56716 19
56691 56720 66
56712 56762 121
56718 56750 272
56742 56788 162
56760 56771 248
56772 56808 109
56791 56809 43
56818 56829 245
56842 56870 29
56871 56883 246
56882 56918 91
56910 56933 106
56937 56958 104
56953 56991 147
56975 57009 177
56988 56993 54
56995 57045 178
57013 57058 76
57042 57086 200
57062 57068 165
57086 57087 74
57093 57131 119
57107 57118 291
57130 57165 51
57149 57185 86
57153 57164 76
57179 57229 278
57194 57225 120
57221 57256 118
57230 57232 73
57248 57269 193
57262 57264 180
57270 57290 194
57291 57330 275
57320 57365 252
57323 57338 274
57346 57376 9
57363 57379 288
57388 57403 178
57400 57425 73
57421 57462 282
57451 57471 59
57471 57515 167
57492 57496 42
57521 57543 284
57534 57573 282
57561 57608 217
57568 57597 78
57595 57618 111
57605 57647 157
57621 57648 8
57643 57693 195
57672 57678 295
57691 57734 251
57711 57732 107
57717 57733 274
57742 57770 165
57766 57780 153
57793 57808 251
57822 57843 197
57841 57860 144
57852 57874 114
57878 57904 100
57908 57930 186
57934 57944 291
57953 57959 280
57978 58017 90
57987 58021 62
58015 58059 94
58017 58048 250
58025 58034 204
58028 58046 151
58046 58087 41
58047 58069 177
58047 58049 158
58063 58106 159
58092 58127 102
58105 58137 129
58112 58126 39
58127 58164 77
58143 58165 236
58153 58158 18
58172 58219 167
58194 58210 189
58221 58243 251
58240 58287 282
58267 58273 257
58296 58337 254
58308 58315 197
58317 58358 24
58347 58355 241
58374 58387 187
58386 58407 74
58407 58420 26
58425 58433 213
58426 58444 290
58448 58480 167
58463 58483 26
58464 58508 145
58476 58507 232
58483 58529 157
58483 58531 71
58510 58535 52
58533 58563 272
58549 58557 155
58576 58589 2
58585 58605 129
58592 58625 184
58616 58630 149
58627 58675 27
58640 58667 143
58640 58683 200
58648 58655 26
58666 58669 135
58693 58698 182
58699 58717 19
58706 58728 133
58722 58748 152
58741 58746 118
58742 58749 97
58772 58800 101
58775 58778 48
58792 58837 96
58793 58813 101
58809 58841 75
58832 58856 299
58843 58862 27
58870 58895 114
58876 58920 48
58884 58926 94
58895 58939 266
58905 58940 235
58924 58961 63
58951 58960 106
58969 59010 248
58992 59029 210
59010 59027 164
59018 59055 219
59040 59081 294
59051 59066 157
59051 59055 248
59076 59106 205
59079 59119 84
59095 59129 15
59120 59167 34
59132 59169 263
59135 59145 160
59161 59198 204
59186 59223 184
59198 59235 26
59216 59263 228
59234 59254 160
59254 59296 128
59271 59280 193
59286 59292 88
59298 59326 115
59310 59358 134
59315 59365 162
59330 59365 125
59360 59388 146
59374 59376 41
59377 59424 257
59379 59406 267
59402 59432 262
59402 59415 164
59424 59467 290
59441 59479 220
59460 59467 255
59473 59514 242
59473 59517 39
59498 59548 270
59513 59540 229
59535 59536 248
59542 59580 103
59559 59586 286
59575 59585 111
59589 59604 47
59603 59611 2
59623 59645 11
59639 59677 270
59641 59681 176
59654 59693 97
59660 59699 143
59675 59702 298
59692 59713 189
59722 59743 48
59727 59734 278
59755 59768 150
59781 59830 278
59808 59841 238
59831 59837 44
59853 59864 25
59854 59884 176
59882 59924 226
59882 59931 232
59894 59940 175
59904 59925 218
59904 59907 35
59928 59957 188
59953 59970 25
59979 60000 212
59994 60011 210
60021 60029 259
60045 60084 87
60070 60101 55
60077 60098 265
60089 60090 139
60106 60117 250
60126 60174 39
60139 60152 209
60158 60173 85
60173 60220 96
60191 60207 161
60201 60233 128
60220 60227 227
60221 60235 202
60223 60232 77
60235 60237 82
60261 60264 245
60275 60284 143
60280 60322 74
60280 60315 163
60304 60323 117
60327 60360 209
60335 60373 70
60359 60380 152
60370 60398 215
60381 60420 197
60410 60419 142
60431 60471 58
60440 60484 101
60470 60518 167
60495 60504 216
60504 60509 148
60518 60548 205
60534 60584 189
60553 60554 269
60555 60558 236
60556 60601 87
60561 60601 190
60583 60591 196
60590 60598 13
60617 60654 42
60622 60647 75
60636 60684 248
60662 60691 217
60668 60697 200
60674 60678 235
60697 60737 183
60727 60753 169
60746 60794 177
60758 60804 94
60774 60812 152
60798 60834 271
60805 60834 65
60815 60824 235
60841 60887 124
60851 60875 213
60865 60886 165
60876 60925 143
60877 60883 199
60890 60914 197
60916 60946 239
60943 60966 182
60946 60950 205
60976 60979 236
60983 61011 146
60985 60991 122
61010 61034 132
61031 61072 90
61046 61066 112
61074 61107 107
61082 61122 46
61103 61112 161
61132 61174 50
61136 61173 44
61145 61176 220
61174 61185 196
61176 61220 22
61190 61235 158
61206 61236 271
61226 61228 8
61254 61295 48
61275 61321 223
61293 61326 228
61322 61343 161
61325 61327 119
61351 61385 166
61358 61367 74
61377 61398 29
61386 61405 233
61387 61403 253
61406 61450 183
61416 61466 139
61436 61446 240
61455 61486 195
61483 61484 140
61494 61542 167
61518 61547 300
61532 61542 272
61543 61558 287
61557 61584 85
61578 61598 200
61595 61635 93
61606 61639 16
61614 61661 208
61622 61641 147
61622 61645 149
61647 61695 193
61652 61688 195
61663 61683 178
61680 61695 235
61705 61749 138
61726 61751 95
61750 61784 181
61751 61785 29
61773 61818 197
61784 61805 260
61812 61849 247
61840 61886 285
61847 61862 227
61866 61895 140
61877 61906 131
61891 61941 94
61898 61946 287
61928 61954 197
61951 61959 114
61977 61993 177
61979 62018 119
61979 62022 69
61990 61991 141
61995 62014 286
61999 62012 58
62006 62012 44
62027 62041 79
62056 62088 86
62079 62081 25
62093 62095 243
62100 62149 181
62106 62113 230
62119 62136 6
62137 62143 41
62144 62157 95
62161 62198 211
62180 62206 213
62184 62229 166
62211 62216 35
62229 62249 194
62252 62278 218
62282 62303 287
62293 62336 137
62314 62363 228
62325 62341 232
62348 62377 95
62355 62367 6
62383 62397 184
62413 62455 256
62443 62463 149
62453 62469 74
62479 62493 196
62484 62501 133
62508 62557 269
62533 62570 47
62554 62582 208
62559 62596 279
62585 62587 245
62597 62620 126
62597 62646 17
62615 62631 107
62621 62639 44
62631 62649 189
62639 62658 262
62666 62672 271
62696 62730 300
62703 62744 201
62704 62724 190
62731 62770 56
62758 62798 221
62771 62792 215
62794 62831 77
62813 62862 27
62829 62839 241
62837 62883 139
62860 62872 45
62889 62923 128
62909 62949 217
62932 62949 296
62955 62993 66
62960 62967 23
62967 62975 12
62983 62986 7
62983 63019 212
62991 63034 230
62991 63035 195
63004 63053 118
63033 63050 105
63034 63073 202
63042 63049 268
63062 63077 29
63067 63106 215
63093 63116 20
63115 63165 206
63143 63165 242
63168 63185 64
63180 63208 297
63190 63198 83
63206 63256 92
63228 63231 81
63258 63270 278
63287 63293 111
63303 63333 212
63312 63321 124
63331 63335 114
63336 63366 265
63357 63395 129
63362 63406 53
63362 63375 40
63388 63423 259
63394 63402 208
63404 63448 70
63411 63434 92
63429 63469 232
63439 63460 201
63455 63467 8
63483 63505 258
63493 63534 126
63511 63557 285
63540 63544 207
63570 63578 299
63580 63594 144
63603 63605 250
63633 63634 8
63647 63660 99
63649 63687 83
63657 63695 160
63666 63697 160
63679 63717 195
63687 63693 105
63698 63740 293
63725 63734 184
63738 63760 105
63753 63797 252
63774 63818 198
63802 63810 61
63804 63854 194
63828 63862 87
63858 63894 54
63882 63899 100
63893 63923 155
63894 63934 107
63910 63934 151
63936 63955 187
63959 64005 281
63972 64002 91
63974 63997 17
63984 64028 87
63990 63997 269
63990 63993 72
64003 64046 273
64016 64061 5
64018 64025 184
64041 64053 145
64041 64080 24
64067 64082 202
64069 64100 82
64091 64127 40
64101 64132 33
64110 64149 157
64111 64120 81
64137 64141 66
64161 64166 46
64182 64204 119
64182 64223 174
64182 64208 40
64200 64239 131
64204 64247 196
64224 64274 176
64230 64231 108
64252 64280 71
64258 64282 139
64288 64306 37
64308 64349 170
64328 64362 20
64331 64352 83
64339 64367 191
64356 64365 37
64360 64399 240
64369 64375 5
64374 64419 172
64398 64448 21
64425 64426 113
64426 64468 134
64439 64460 281
64451 64469 118
64481 64494 75
64500 64527 252
64522 64562 117
64540 64555 165
64549 64561 157
64576 64593 117
64583 64612 9
64598 64634 179
64611 64646 31
64634 64672 134
64637 64683 72
64644 64686 178
64650 64672 78
64657 64664 247
64669 64693 135
64688 64706 164
64688 64690 175
64693 64725 142
64716 64718 173
64736 64746 7
64753 64792 122
64763 64792 190
64766 64796 187
64767 64800 25
64796 64831 135
64799 64826 162
64811 64848 125
64841 64887 265
64856 64863 110
64861 64878 175
64878 64881 86
64902 64915 220
64923 64955 211
64935 64983 168
64961 65007 185
64986 65006 116
64996 65002 239
65001 65045 128
65012 65025 158
65035 65083 36
65049 65070 285
65052 65080 36
65067 65072 13
65083 65126 108
65085 65109 276
65107 65146 272
65119 65124 271
65131 65175 219
65131 65165 10
65135 65157 200
65152 65192 124
65152 65202 138
65163 65169 123
65170 65175 126
65200 65240 49
65215 65237 33
65223 65225 194
65252 65279 43
65264 65289 226
65277 65317 208
65296 65314 1
65320 65367 189
65339 65373 190
65354 65397 156
65363 65374 168
65386 65400 126
65387 65437 98
65398 65436 175
65415 65425 107
65439 65442 153
65456 65502 217
65462 65502 291
65471 65510 202
65488 65531 111
65502 65508 205
65531 65561 101
65555 65590 21
65557 65581 265
65586 65616 241
65602 65636 159
65607 65645 254
65634 65635 226
65649 65681 52
65665 65679 150
65695 65718 265
65718 65760 47
65724 65751 283
65729 65761 282
65759 65782 27
65776 65822 242
65806 65845 218
65834 65881 264
65845 65873 163
65846 65892 246
65874 65893 71
65880 65904 218
65882 65883 29
65897 65938 257
65904 65923 80
65911 65960 79
65924 65944 79
65926 65939 115
65942 65956 61
65969 66013 40
65972 66008 53
65981 66019 124
65984 66034 271
66004 66008 257
66015 66056 197
66035 66040 291
66045 66057 226
66049 66058 61
66076 66111 16
66091 66138 1
66120 66148 10
66122 66133 204
66130 66173 226
66147 66183 185
66149 66160 219
66161 66174 12
66189 66197 218
66193 66242 287
66219 66232 178
66235 66247 259
66255 66292 136
66267 66291 271
66297 66318 109
66323 66342 277
66332 66353 72
66354 66375 209
66375 66416 217
66386 66396 196
66386 66419 264
66404 66408 132
66425 66472 21
66430 66465 21
66451 66468 73
66478 66518 14
66489 66494 209
66492 66526 273
66496 66516 65
66525 66566 254
66542 66586 217
66551 66580 118
66551 66556 101
66554 66559 66
66575 66581 289
66580 66599 262
66588 66632 232
66593 66637 22
66594 66603 97
66608 66631 210
66633 66651 203
66663 66683 272
66672 66693 176
66697 66731 8
66724 66730 224
66736 66748 259
66742 66769 184
66770 66771 262
66771 66783 6
66778 66798 276
66805 66830 164
66815 66858 3
66815 66817 21
66821 66861 181
66829 66862 279
66840 66855 206
66870 66879 68
66898 66945 39
66915 66957 192
66940 66957 184
66944 66960 189
66968 66983 295
66972 66992 44
66972 67008 162
66992 67002 89
67000 67037 63
67023 67057 57
67034 67078 290
67061 67106 7
67067 67109 129
67068 67107 130
67068 67109 23
67076 67105 110
67076 67086 199
67088 67104 185
67092 67109 108
67120 67160 192
67125 67150 250
67147 67171 39
67150 67193 106
67151 67201 127
67165 67192 111
67173 67214 266
67175 67205 120
67175 67222 13
67179 67205 166
67206 67250 27
67228 67272 189
67251 67252 57
67262 67275 221
67282 67291 198
67286 67310 72
67290 67321 145
67298 67322 94
67318 67346 171
67331 67360 246
67360 67408 45
67364 67397 35
67373 67408 191
67385 67412 183
67414 67419 275
67432 67474 47
67432 67472 275
67432 67467 65
67436 67462 145
67460 67509 126
67463 67477 8
67479 67489 287
67491 67515 97
67493 67518 54
67507 67533 10
67535 67571 118
67565 67575 271
67588 67622 165
67615 67631 76
67625 67646 67
67645 67684 108
67660 67687 109
67688 67701 155
67707 67747 16
67713 67720 90
67739 67767 143
67753 67778 189
67775 67784 90
67776 67812 231
67779 67816 245
67787 67797 4
67788 67831 63
67791 67819 188
67809 67858 288
67811 67829 25
67820 67860 50
67843 67849 112
67854 67888 279
67864 67870 221
67867 67905 106
67868 67878 111
67881 67913 79
67904 67938 155
67915 67940 296
67934 67940 255
67936 67970 131
67964 67985 8
67969 67999 3
67974 67990 100
67989 68035 289
67997 68027 162
68018 68055 190
68027 68077 2
68048 68053 179
68068 68076 71
68072 68089 176
68083 68123 45
68113 68143 277
68125 68141 211
68154 68162 92
68164 68182 229
68167 68171 133
68187 68228 110
68214 68252 229
68231 68279 4
68252 68259 43
68256 68288 88
68264 68302 102
68265 68268 27
68274 68319 38
68303 68325 221
68311 68344 260
68314 68364 82
68341 68384 67
68358 68404 27
68379 68394 228
68398 68437 261
68407 68456 88
68413 68430 18
68436 68439 74
68436 68440 142
68436 68480 163
68461 68479 6
68473 68519 266
68483 68530 286
68508 68517 246
68509 68519 172
68535 68551 250
68537 68578 23
68548 68572 9
68556 68599 159
68566 68601 21
68587 68597 61
68587 68635 144
68615 68649 249
68617 68624 256
68629 68652 245
68645 68664 105
68671 68705 117
68693 68705 184
68705 68752 53
68730 68761 276
68750 68766 6
68769 68813 48
68781 68799 256
68807 68825 259
68810 68812 195
68814 68850 138
68844 68890 285
68874 68875 181
68885 68915 262
68885 68933 62
68898 68947 20
68916 68947 202
68946 68987 64
68971 68973 212
68992 69033 255
68997 69030 71
69014 69052 273
69020 69045 212
69034 69082 15
69060 69087 276
69084 69133 79
69095 69098 229
69106 69141 69
69132 69172 172
69161 69164 134
69181 69188 181
69200 69249 137
69216 69233 18
69238 69249 101
69250 69269 248
69280 69316 197
69289 69327 300
69316 69318 281
69332 69365 111
69354 69386 91
69381 69424 70
69399 69403 216
69410 69442 34
69411 69457 142
69411 69453 98
69413 69462 159
69443 69482 140
69447 69478 155
69477 69519 128
69482 69528 264
69503 69542 133
69504 69520 210
69534 69568 8
69537 69584 286
69559 69593 265
69589 69637 204
69591 69608 64
69618 69648 229
69637 69671 250
69653 69658 141
69669 69708 243
69684 69734 177
69705 69711 107
69707 69745 285
69708 69741 179
69712 69721 69
69732 69755 155
69753 69791 267
69774 69808 297
69800 69826 115
69805 69819 58
69809 69857 129
69832 69873 158
69844 69859 287
69867 69880 208
69876 69914 43
69885 69894 151
69894 69897 163
69902 69940 49
69912 69961 81
69924 69929 198
69949 69959 34
69973 69981 13
70001 70026 244
70007 70045 173
70013 70063 58
70029 70048 94
70048 70077 22
70058 70098 45
70067 70099 109
70096 70116 104
70121 70164 238
70138 70184 5
70155 70156 150
70170 70205 112
70186 70200 283
70196 70206 116
70197 70225 24
70223 70243 44
70233 70273 155
70247 70279 51
70267 70292 62
70281 70322 261
70310 70342 297
70314 70345 274
70330 70366 80
70332 70339 128
70347 70362 171
70375 70397 60
70376 70389 147
70393 70435 2
70409 70429 182
70436 70450 227
70458 70484 186
70470 70517 150
70495 70510 3
70504 70554 100
70519 70533 225
70545 70581 233
70572 70574 50
70573 70599 135
70591 70597 104
70596 70614 284
70614 70638 228
70630 70636 80
70639 70658 57
70660 70695 267
70674 70717 62
70675 70720 168
70705 70752 51
70735 70754 92
70742 70777 100
70752 70763 260
70766 70770 46
70793 70825 9
70818 70828 275
70821 70851 171
70841 70857 62
70858 70876 300
70877 70879 226
70887 70894 171
70904 70918 35
70933 70973 188
70959 70972 176
70972 71013 261
70976 71006 124
70983 71030 219
71002 71034 275
71023 71060 220
71043 71068 100
71044 71089 299
71065 71075 271
71072 71111 181
71088 71093 19
71099 71123 78
71116 71134 1
71133 71174 46
71154 71183 277
71156 71206 214
71158 71208 117
71163 71171 104
71169 71209 28
71185 71230 181
71206 71211 207
71223 71235 228
71250 71292 214
71254 71265 271
71255 71300 225
71285 71316 107
71287 71315 165
71290 71291 32
71316 71336 25
71321 71353 76
71321 71369 275
71333 71367 30
71333 71360 28
71338 71350 300
71368 71406 152
71396 71433 275
71400 71435 11
71410 71435 229
71429 71432 282
71446 71448 198
71455 71471 13
71477 71491 216
71483 71515 25
71510 71512 21
71518 71541 47
71519 71554 45
71538 71551 60
71553 71583 35
71571 71606 142
71579 71628 96
71598 71605 259
71615 71665 259
71644 71673 199
71651 71669 190
71661 71710 269
71672 71712 135
71672 71695 22
71692 71693 175
71695 71726 174
71701 71727 111
71704 71731 141
71704 71743 239
71718 71761 243
71734 71761 127
71756 71773 86
71758 71775 109
71785 71805 233
71789 71818 23
71791 71832 66
71812 71855 202
71842 71869 26
71872 71889 265
71887 71911 138
71899 71929 1
71903 71943 212
71925 71964 15
71934 71966 45
71951 71966 69
71960 72006 290
71979 71996 66
71992 72011 90
72008 72018 24
72015 72058 239
72043 72058 75
72047 72085 79
72053 72090 274
72081 72102 268
72098 72105 217
72119 72154 293
72129 72165 293
72157 72205 288
72162 72185 94
72183 72198 280
72187 72216 230
72200 72218 234
72228 72271 182
72237 72260 288
72239 72253 4
72240 72283 133
72242 72271 190
72242 72262 292
72269 72282 122
72275 72311 80
72295 72335 92
72301 72349 44
72320 72327 32
72324 72363 110
72340 72378 178
72357 72365 11
72384 72430 53
72401 72423 220
72422 72439 275
72428 72439 99
72434 72460 242
72441 72464 249
72465 72515 207
72472 72497 113
72472 72483 298
72485 72500 5
72507 72515 228
72537 72560 46
72538 72544 267
72564 72609 200
72594 72618 17
72616 72629 278
72629 72666 296
72646 72660 264
72669 72711 283
72674 72702 105
72703 72721 234
72717 72763 227
72738 72755 213
72750 72762 66
72777 72782 138
72790 72799 81
72793 72828 131
72810 72824 185
72810 72844 283
72813 72845 30
72835 72876 253
72865 72904 186
72866 72876 128
72894 72916 56
72909 72911 13
72936 72978 35
72957 72982 224
72983 73029 191
72983 73019 297
73002 73034 296
73017 73043 184
73024 73034 29
73027 73049 92
73031 73063 56
73059 73088 278
73064 73079 47
73070 73097 222
73074 73088 182
73095 73131 259
73102 73149 85
73103 73109 11
73121 73170 130
73142 73189 225
73151 73201 62
73178 73198 195
73195 73241 186
73225 73256 49
73229 73249 7
73248 73284 77
73277 73319 132
73291 73300 100
73300 73342 77
73315 73350 154
73333 73347 144
73334 73357 299
73363 73374 176
73379 73389 24
73399 73426 78
73427 73429 89
73442 73445 159
73456 73474 91
73477 73518 36
73485 73502 282
73499 73547 223
73505 73507 206
73509 73533 40
73509 73527 205
73525 73541 224
73528 73540 61
73549 73588 300
73561 73568 18
73568 73595 205
73575 73611 189
73596 73628 169
73625 73644 14
73635 73640 61
73642 73656 173
73667 73702 165
73695 73713 295
73708 73750 169
73722 73734 192
73730 73749 237
73745 73792 154
73759 73793 260
73770 73794 264
73793 73837 170
73811 73840 249
73829 73867 252
73831 73862 182
73843 73880 136
73867 73882 274
73885 73918 122
73913 73920 82
73937 73948 30
73955 73981 125
73970 73977 237
73983 74006 136
74008 74049 93
74031 74047 114
74056 74065 146
74083 74106 203
74102 74120 126
74114 74131 152
74134 74178 165
74155 74165 49
74161 74210 209
74184 74211 106
74213 74217 76
74236 74282 204
74239 74253 185
74267 74274 240
74288 74310 198
74297 74343 82
74306 74351 132
74311 74329 41
74322 74325 296
74332 74368 245
74347 74372 91
74354 74360 286
74384 74421 102
74403 74433 235
74411 74426 96
74426 74443 7
74450 74488 277
74450 74472 280
74459 74476 35
74486 74525 269
74498 74526 167
74502 74546 201
74512 74532 80
74525 74559 148
74552 74590 190
74577 74612 125
74586 74613 114
74589 74595 279
74617 74626 193
74631 74644 216
74650 74683 33
74665 74682 186
74677 74725 296
74693 74720 292
74715 74745 215
