1000
353 744
174 1283
505 1748
1397 460
301 1248
1263 1010
1938 1860
715 1653
379 289
182 444
719 1600
1343 617
45 810
1947 85
1025 1549
714 191
17 1398
713 1619
1323 972
1102 763
1672 1958
920 197
200 1231
1701 987
259 1342
761 1351
1884 114
939 1788
1000 938
1673 361
159 1975
102 1897
1233 1831
1900 215
195 555
1463 66
1486 234
733 179
921 1474
835 571
1529 934
282 1333
1041 334
573 92
1962 369
778 1638
1950 498
617 1798
1765 1758
180 1355
1473 837
573 1972
201 1430
432 480
1786 1596
1925 1635
17 947
526 1010
1928 1538
540 911
1298 356
1017 476
1810 1727
851 81
1047 1305
1258 1228
1156 1304
1299 1726
1771 222
717 524
693 1840
303 421
1026 1295
63 1005
668 1993
974 1070
260 490
1952 1761
753 1471
198 138
1537 1464
1585 548
1562 204
18 138
1533 65
1848 1315
447 699
1953 13
578 1885
349 839
1602 360
1671 429
145 1122
1009 124
797 133
1036 834
196 1527
823 1319
668 601
1698 1043
866 1225
856 652
1587 1571
132 389
860 1574
698 380
1872 1123
107 868
1860 1389
656 1377
1054 1419
1720 1027
685 986
1537 74
1544 70
1255 1087
1152 1202
1189 657
6 478
924 1203
1733 1868
1224 55
1638 1607
950 1716
524 1412
1867 581
892 1068
416 1585
1930 1010
553 211
31 450
1671 1890
1407 472
870 1254
1502 1024
510 879
1725 815
1180 392
1148 1817
686 718
807 1045
356 1935
712 1456
396 833
204 1007
1484 1734
763 237
217 509
1690 47
368 1591
1323 1628
1236 328
1536 741
1149 1287
704 148
1148 815
1513 117
438 1410
1985 413
1438 1768
1584 227
1662 1123
213 1137
472 665
255 1677
1823 545
1674 1110
481 767
1940 1506
1656 1639
1913 1556
1094 1048
442 1755
1103 1868
1986 1767
1164 242
1833 1113
1852 1443
1444 324
1864 1140
745 401
1633 1190
1448 1487
1547 884
1193 1415
507 708
1201 1294
1831 355
1585 649
1955 1793
973 1886
264 1389
667 1008
1418 523
470 440
1074 1545
1826 1141
342 1402
188 1052
1925 466
354 296
979 281
1143 1629
421 1231
613 961
309 976
1680 1123
1271 305
71 1699
1548 1157
434 983
1466 589
1833 379
334 1944
628 1864
1865 689
1548 1342
1423 774
428 77
76 122
1494 1939
986 339
685 1746
840 292
1284 1957
447 193
1935 1058
834 115
1368 448
1575 98
339 1780
995 1398
978 1396
1130 1486
590 926
632 341
1029 826
1812 940
1355 893
64 724
725 1836
1811 849
677 854
839 1285
1386 1499
1817 903
1182 1034
523 1884
807 254
176 1148
500 1270
1477 207
652 1576
1593 18
1175 487
1472 1443
800 1625
1815 146
1855 1751
292 381
1024 1642
1615 1436
1964 1064
1380 1052
1190 749
625 743
1173 1823
1308 118
1583 1902
1230 441
118 152
850 1872
532 1832
569 623
1209 155
421 1661
1729 621
1996 1052
1977 1692
1078 1171
529 467
1922 1417
225 615
1384 555
356 1488
1038 1262
1509 567
915 60
87 1933
39 1950
1884 1792
626 840
974 564
1645 1071
1505 1719
764 101
591 474
1807 627
42 1191
956 581
944 340
229 1794
637 1028
431 435
1815 1790
75 1076
658 420
296 1083
1254 1755
200 800
359 669
1191 607
1176 1320
1109 925
458 154
998 761
1058 1240
68 528
513 1787
388 1593
354 1126
496 1809
1412 1917
59 283
655 987
1726 1247
1717 1347
492 1210
560 478
1944 435
1325 1213
827 650
678 1882
1439 1459
1367 1784
1831 1113
1814 590
1150 1329
1400 1316
320 989
1372 327
627 711
1834 973
1906 491
541 314
1165 1062
605 1295
1779 1104
1247 1456
770 348
1360 773
1224 1986
1550 100
1961 1187
315 530
717 1013
61 1880
1496 1674
1998 789
1260 1406
1254 976
570 690
873 686
228 1459
1417 1656
384 966
905 890
1741 1561
1984 1339
936 1697
499 1061
4 299
1014 1108
850 1418
513 1552
1777 1301
1837 254
720 1570
951 889
1784 1993
522 409
943 117
1297 237
55 1745
1007 536
527 263
1149 1812
132 880
1934 270
78 1122
1544 562
988 1034
732 112
747 1289
1556 1497
1509 589
1691 1219
52 690
271 972
1918 226
1672 1292
556 1432
1346 1261
485 922
1453 1437
1014 858
1633 986
369 1860
1171 43
696 1422
1671 102
1956 1493
494 1086
1451 336
156 1211
694 1280
1672 324
159 240
1361 1822
385 1126
453 1303
751 1472
852 70
716 345
1360 1989
863 884
1383 215
509 669
1111 486
1060 543
605 1142
322 1286
1535 1619
565 1746
669 958
500 45
1911 459
765 603
1548 1886
1155 1985
199 1873
267 287
1736 1689
96 85
1009 931
738 100
1666 1060
1462 1842
195 864
1650 1444
1941 953
27 957
798 1549
1356 52
1711 1857
562 858
209 222
1964 1055
393 582
91 241
751 300
1962 1147
1316 357
435 1450
288 1435
127 750
403 608
370 46
1529 1236
1673 447
428 142
1802 449
968 485
1576 602
1112 1434
784 1386
294 184
735 1173
2 1173
864 1347
1505 919
527 561
993 1117
1973 1836
1846 734
750 1833
1769 567
571 1426
654 1683
1283 1559
860 176
681 1222
1653 557
112 1341
1079 1083
503 959
1407 326
1690 846
1230 1436
1156 1807
492 913
40 1341
1201 142
1071 1760
1839 300
1436 188
1417 189
1495 357
11 587
1974 4
502 1805
1841 1061
1583 1609
344 1118
1376 1331
1705 109
751 1390
1911 510
1618 1963
1679 1738
733 746
1327 441
714 1954
1575 1490
381 630
1395 1791
1306 1759
1181 945
822 173
1962 928
933 1555
644 1861
307 1794
1511 1564
170 1218
1385 241
265 1101
469 451
189 502
1563 1488
572 908
639 964
1994 984
1042 871
1634 1896
1746 688
1232 1787
521 1690
271 954
85 849
1409 610
380 945
282 1927
1348 319
230 45
658 1266
1611 1174
173 366
74 1747
1322 1586
1715 1124
44 140
1995 518
143 66
1638 336
746 1396
907 511
965 1762
1534 164
156 1492
594 1575
1990 798
1177 696
937 658
2 539
790 1559
1748 404
1828 1373
589 1131
871 1276
1663 140
306 1581
1048 817
1837 1424
44 808
1145 1196
131 1413
1095 304
1570 1549
1804 639
47 117
1037 1423
1356 611
1525 1050
678 435
589 83
1861 972
572 1305
1661 876
960 1739
378 673
363 1714
889 472
854 446
1106 1590
1450 1916
1520 896
1481 1963
895 1991
955 1172
1028 876
1493 1077
1658 579
1682 161
684 1491
1834 863
472 595
1232 275
1443 1926
1701 1914
172 706
353 467
1240 333
1427 1608
1030 1305
271 862
1367 1885
1058 1542
1056 1499
7 412
1707 1592
1052 924
895 1751
328 744
840 692
325 1696
864 861
1755 1845
1248 353
578 1190
978 1157
1380 1666
688 1772
187 567
1194 1413
1311 1549
473 1087
1353 530
1092 1878
1568 470
1357 93
966 804
661 836
452 1304
1708 317
919 1888
601 798
1843 364
566 1212
35 1799
960 1078
287 1561
1510 1157
648 1286
644 416
1861 1271
1673 701
1978 717
1732 444
432 1620
1785 1706
391 1493
1109 704
870 974
443 379
359 86
424 1559
1430 585
97 1372
1679 1151
945 1907
1057 1984
1849 1067
1141 756
1047 12
1221 1797
1826 1972
1966 544
1574 1043
1313 419
958 1726
1098 831
1178 1298
1194 634
1223 352
1809 934
937 637
544 1502
1914 1356
302 1695
1044 1181
174 180
913 12
1846 91
497 1288
1342 1989
546 57
191 1164
658 1396
1606 1469
1807 1577
615 1214
1499 164
1095 314
576 1925
899 231
1436 1766
647 1903
1724 105
824 1435
1351 1925
1884 1719
834 261
413 1154
460 1248
723 704
1347 1007
1621 930
1408 1232
1733 940
731 785
1982 630
72 987
244 1750
1638 1596
140 762
795 1706
1641 1810
68 26
665 280
701 35
1845 538
1851 553
530 1489
274 1045
525 601
406 1516
1737 1778
639 1897
1208 350
275 1910
1341 48
863 393
1868 981
136 1899
233 1856
465 1620
155 142
1106 257
650 837
1442 779
1280 1410
462 845
1624 142
147 707
1119 1540
1039 1259
1366 1877
1813 647
1863 1054
1916 423
1971 507
1487 310
1851 1923
977 1859
946 812
1841 735
176 258
29 1856
768 1868
1665 67
1340 1494
952 62
1352 1647
1100 589
1873 1834
8 1782
1181 314
662 163
1017 589
592 507
752 1538
592 15
1919 1175
1445 533
250 1190
1825 1720
1192 1333
739 1912
211 298
953 1465
611 290
1284 624
594 1208
1726 1954
1337 1398
1715 1006
1850 1304
81 1187
601 1683
918 1377
1019 1501
48 1126
1947 1161
1601 481
1037 16
1493 993
1674 1826
164 433
1374 1651
1233 226
1661 1286
1339 1308
1396 1956
1062 1929
837 1378
620 381
1775 1354
768 1461
1933 1026
357 678
205 1313
298 275
796 559
1467 800
1789 1559
89 1024
466 1546
834 1352
342 278
1675 1079
51 1591
1634 127
1905 484
528 1094
537 62
1422 987
226 686
715 1440
535 324
1550 1028
212 1463
683 878
397 1600
671 355
1987 1978
1180 1772
574 1135
567 1333
1961 1334
810 192
626 1545
745 344
753 1628
376 910
1118 1045
1843 1121
886 422
77 1201
660 1070
1691 1991
851 766
142 999
674 715
1082 1603
810 1388
1999 106
1138 1182
1719 1577
1135 221
982 808
1535 656
1229 1567
321 1118
126 1761
913 1169
1735 1408
351 1644
805 1808
812 244
1135 1380
1584 298
1119 604
1179 1951
1173 1502
1324 1568
1859 277
1900 775
916 1871
1802 666
1896 472
1576 353
211 292
1774 261
1631 98
1955 1850
553 629
1844 1282
1431 196
1852 501
637 1924
856 139
1394 1542
17 470
1084 474
117 1103
812 931
304 1105
1348 529
36 663
1051 228
1318 1867
1021 20
139 1955
1382 26
346 1925
122 1405
1203 1685
400 485
1077 1420
201 1881
484 1752
1689 866
596 1831
1130 302
1126 299
691 1110
1276 1399
1225 1278
1292 1016
1376 989
1110 328
808 185
1734 1284
1783 1283
88 807
689 1294
7 397
518 156
882 1135
381 385
1838 983
1745 1200
1313 1115
1095 120
1724 1204
1777 1730
363 677
1155 1350
870 1210
79 494
673 1805
1631 1617
1488 1696
746 1830
305 929
568 360
419 1535
138 1858
1803 612
1191 1251
460 1360
971 1012
1635 1843
1301 1399
13 1294
977 1494
1742 1240
655 1877
252 1758
1744 881
1791 1825
562 1928
287 708
1317 559
787 1735
666 1781
760 1458
1395 285
132 1309
1535 592
697 767
1625 782
1904 1845
114 1374
1327 1663
788 1284
90 842
1365 895
1683 183
