1000
177 530
240 509
919 1295
869 1695
319 442
1247 66
1030 65
1928 272
561 1691
439 1164
158 240
1021 209
288 357
603 937
818 1529
1710 450
841 1853
246 940
1956 217
734 1676
1316 924
1118 442
954 1092
1908 1267
1635 773
1357 21
1890 1046
1633 749
267 1790
1633 651
1203 1308
1577 1388
445 517
431 1330
585 248
1631 103
0 1638
365 861
416 295
1140 58
688 322
1849 1826
274 110
860 1097
316 703
1886 101
370 772
1949 506
1269 1423
129 1481
761 979
916 1666
1091 428
1810 680
1563 1528
999 802
1433 719
1653 1657
604 52
119 182
354 1480
1566 468
860 804
9 1449
658 1853
402 1700
1922 1622
1810 1858
1624 1300
1999 1553
1686 1418
1326 174
1931 476
571 621
980 1469
1742 1104
834 1924
659 906
399 97
809 1561
1982 1008
675 982
453 1216
382 535
1749 212
764 1259
1799 146
303 1776
1623 2
812 1091
809 1514
35 1942
1686 286
1192 1501
105 1689
274 870
873 520
178 139
824 796
1498 1123
1661 190
1469 189
752 538
1867 1262
343 1087
17 977
10 894
959 624
1395 1663
888 1721
713 1259
670 1553
1018 1143
1935 258
329 92
47 843
1903 774
1191 1111
646 1915
160 585
1390 344
741 184
57 1489
50 1518
172 238
1933 103
1096 630
1371 694
1854 1963
148 493
1298 1929
324 1179
234 1514
1112 1482
1120 1036
1130 599
421 1432
1911 652
1903 1099
1390 135
1604 1936
177 1053
274 519
261 146
843 796
852 963
1987 1539
1799 1590
531 1968
1344 1755
734 1403
554 1173
545 889
1997 140
112 1047
534 223
1160 577
637 1770
1310 43
674 38
1889 1659
1909 212
1195 964
1853 1669
1924 796
1287 1603
628 1188
1132 962
1036 629
1315 1198
566 1459
1680 876
1741 1970
126 292
874 1040
930 993
144 263
134 1752
846 1304
154 558
150 778
787 1575
702 664
1380 1689
1363 1620
253 178
88 186
314 169
874 1210
1793 109
1240 614
1229 1012
954 1870
665 1783
173 205
1086 1312
1477 460
1296 147
542 721
571 1494
1615 1032
212 880
1299 1373
1016 712
574 1682
1779 1643
1251 447
628 1765
1727 1620
1904 1143
10 226
1379 241
154 1663
530 831
1231 1492
1841 786
653 1978
1215 871
1543 909
211 1809
1643 1599
1087 1125
494 269
821 1620
1876 1580
45 1808
1254 1246
1806 1674
447 1019
1994 272
289 957
513 338
1947 1671
1903 652
448 458
107 484
986 356
1379 72
789 1672
1765 1449
20 1101
1729 208
499 1481
1768 76
1834 1600
40 1626
456 1186
149 271
1635 1161
1821 1461
720 1799
1097 1414
592 126
903 1644
898 763
1456 1317
347 557
905 786
251 944
1909 1650
530 1767
1079 537
129 1331
1665 1773
1322 136
1279 1411
1030 1360
1704 1329
1892 1222
242 421
435 935
138 915
1528 1316
135 804
724 1648
579 502
1171 537
39 1653
652 1716
1582 1798
1767 272
1903 1598
1870 346
1779 36
1017 1131
1193 112
1849 1216
335 656
457 1191
756 1040
530 434
316 624
92 639
1533 509
510 1246
1293 263
1413 1524
1229 1381
1322 409
580 1203
199 568
1683 1865
1904 1704
797 1785
843 125
439 1914
730 405
140 1663
1955 1292
8 890
1597 824
1158 90
1605 1407
1216 353
1668 942
456 1240
1019 92
447 909
994 1074
1459 1229
1324 408
758 1345
355 933
85 1932
3 1894
1582 666
163 1366
369 1278
635 433
1768 1499
197 731
1347 1379
1124 1352
1518 454
39 630
1358 433
152 494
193 939
1596 1702
1749 79
570 1879
389 1757
1416 1775
1875 1277
284 1969
750 622
1058 1174
1210 1117
745 1217
1342 1105
1537 779
1467 564
426 98
570 698
1172 66
1315 458
871 1147
1267 1320
433 287
658 1037
386 57
1529 1308
1235 1532
1654 1669
957 1323
1775 1525
21 1281
39 1686
1016 287
18 988
1574 1990
1504 1096
1570 168
532 1380
1226 1920
1762 456
1687 694
1842 1912
394 1900
1878 845
1225 690
1568 1711
11 1320
953 23
152 1507
1342 1122
166 135
1552 89
1426 724
1749 1781
1284 868
1868 173
576 832
1205 1027
1915 208
874 636
155 1992
1487 1470
456 1669
1715 524
1899 1412
625 431
1745 1021
729 1900
319 22
945 1507
771 1247
1680 777
893 1162
1574 1766
302 882
735 175
442 971
764 923
89 1797
734 928
537 796
632 106
1732 43
297 280
206 1596
1329 1261
768 538
1061 1333
1723 1223
1632 19
453 870
153 723
1611 20
201 549
21 880
33 699
415 1066
81 912
249 602
795 1727
261 63
174 1807
47 582
1385 1386
1132 1214
1219 263
707 7
1810 996
347 1313
213 1821
607 1285
1015 1277
1314 695
114 912
466 74
382 988
1778 1417
1630 898
969 1234
928 298
346 1601
1905 374
1591 1418
133 166
63 678
1161 168
2 531
1693 1492
1349 689
1276 1782
1386 21
1086 76
1130 1200
387 1869
1493 1489
1128 769
826 1409
53 1207
753 1734
715 1228
508 952
1057 1440
1555 146
1228 315
148 57
1010 11
1298 203
684 1057
620 738
1930 127
1675 1061
282 1186
232 1623
896 1853
1895 741
1668 1222
1882 204
439 910
815 442
229 289
126 603
1168 1122
1649 1058
1046 1401
1832 310
522 837
700 425
867 614
1042 1737
922 1502
1931 1318
1731 995
1165 630
1486 59
666 1448
1594 1400
403 1516
1774 288
199 563
569 1443
1156 1759
767 1667
1162 1746
1566 896
9 1094
1568 1660
541 1226
1348 1661
1194 665
420 959
1224 283
1543 446
414 39
411 44
1697 1456
1764 1574
1372 1015
334 1109
1654 1681
1458 263
1335 971
1775 388
1367 539
1642 611
1995 1709
947 1510
1051 1933
1460 681
968 758
305 702
315 1494
689 1802
468 1124
1439 970
1781 1677
290 1000
598 529
326 937
175 1251
1675 1861
1000 1190
1899 1869
1314 1855
1299 1034
555 1459
1409 1818
490 301
1246 830
697 1741
1419 1835
931 1405
736 1913
64 1266
327 924
1037 938
357 1672
546 855
43 967
1743 1816
962 1063
508 1189
1369 1662
1061 806
538 1647
1477 1043
1135 941
1437 1835
57 901
35 115
73 1341
1427 176
1556 897
1053 437
1289 1693
1788 1609
1966 434
4 917
133 1188
1016 148
549 1052
1952 1721
693 322
758 469
212 1915
537 578
27 1904
1468 564
1483 98
1918 697
883 1532
536 1113
1946 1483
1315 397
530 1460
937 1749
996 1506
1199 1370
877 1844
617 156
655 157
1020 910
2000 405
330 1034
1302 1983
436 258
547 308
1899 1313
284 1123
791 800
1937 1863
1682 696
792 1617
1928 1488
653 224
175 1379
557 1807
1572 1917
478 1895
1082 1732
1460 1752
756 1051
628 1045
1541 901
30 995
1213 1854
1231 1403
1236 1787
446 1836
1301 1099
234 1189
1238 544
1476 1834
1003 979
1127 1759
1649 287
1374 1768
1099 991
1207 1966
1553 1740
1143 182
361 555
1877 1622
1184 547
83 143
1447 562
1400 1314
1660 646
1565 139
1851 1414
1954 1439
203 1804
1061 662
281 320
1127 324
955 1852
1762 1236
1706 1969
1647 1358
634 212
159 1133
971 1825
997 392
604 254
1483 586
1248 536
462 1913
991 644
816 716
1625 1921
1981 1939
1224 711
1304 1378
576 1791
1222 570
540 575
295 201
494 835
758 346
1658 1002
1024 106
552 741
1156 1163
1295 265
1474 580
1670 1397
819 1264
1210 959
1526 1089
1099 1482
81 545
1798 550
1509 503
707 553
407 1200
95 1258
1720 388
869 1405
1229 809
166 522
467 114
912 1166
1720 1473
810 602
1909 1614
298 822
1702 1462
1241 271
1260 745
1734 698
855 1080
1166 1365
1654 1976
1584 106
16 837
344 1676
1691 1411
668 1563
1480 1854
114 1900
144 41
1290 446
14 844
1902 1867
484 548
690 659
1904 871
1178 1070
1716 73
50 871
984 231
669 1662
336 1746
1166 1201
1032 1191
1053 1879
708 1071
96 1806
1488 1006
1868 849
1742 1444
705 1417
1255 1222
752 1875
1161 1800
34 259
940 474
1288 1292
1034 131
20 1700
1532 1977
1642 1306
263 111
379 1874
141 1171
1666 844
397 1931
546 842
1910 1198
336 1567
83 1724
1024 1912
1681 1710
1822 1750
205 1930
572 1191
1900 934
1276 486
1281 763
1476 60
1251 1627
1647 1634
813 220
16 188
672 959
1237 1883
1523 676
994 1612
925 795
1809 787
152 594
809 1717
870 646
553 315
674 1456
1636 1086
651 1987
1839 240
1379 868
738 236
1698 1776
295 1176
149 514
1444 406
1566 390
122 1300
259 1456
196 1919
592 937
984 1175
1473 617
1021 1850
1010 849
548 112
1287 1647
1409 1161
760 1706
359 341
142 1608
1143 1917
351 1771
1435 1065
789 37
384 489
1975 396
1122 1636
1971 1661
1152 587
507 1236
1970 597
1224 525
1650 1705
2 81
1347 270
1867 147
162 52
1029 963
1999 1980
23 1872
456 872
1926 1290
80 355
1201 89
709 376
1653 1338
287 122
1009 257
1823 47
1955 384
440 222
650 1033
1000 209
92 1121
1708 860
1633 319
252 1108
1390 182
372 1244
836 753
1157 780
61 1491
1697 1413
933 1008
1140 655
1335 1845
1299 526
18 560
1216 1552
1734 1940
100 269
1471 367
1810 1587
633 1156
1170 1313
1307 915
35 1555
1393 1960
1085 204
1311 1934
1987 570
1687 1472
1547 1470
392 1665
1838 1301
608 1002
1455 1190
1212 304
1923 1942
1224 1328
721 1262
1984 952
1250 440
794 985
1325 1059
261 1005
741 1294
754 1076
475 1025
849 1729
336 1752
1782 1230
771 561
379 98
1063 1467
1416 164
920 691
513 478
1186 959
578 1553
1716 1064
930 388
1686 254
1045 1841
1063 1424
1072 496
515 76
896 1183
1621 342
782 1844
1482 1702
110 569
1987 1841
475 234
1774 475
1119 648
1063 1975
233 1878
1602 355
490 1146
1602 1229
947 702
1501 301
337 487
47 1105
1708 1032
1980 422
13 874
53 393
952 475
589 436
1912 57
567 856
1437 1552
1962 754
140 1376
1335 772
1347 1823
1451 256
739 361
929 1668
1405 1247
534 47
173 1964
987 1926
942 479
13 465
709 1031
80 185
438 1226
473 1276
1561 1629
1954 647
1497 582
712 1806
1484 1085
1752 685
77 738
1408 1987
1901 1842
987 512
1361 639
1502 888
1170 268
516 1759
1885 1777
1924 1969
1091 470
1671 1229
73 1054
1903 1502
1010 520
1524 1708
274 1094
1852 1286
1057 1948
1978 137
119 171
1907 1616
596 1536
1509 30
875 613
499 1702
109 1502
1433 442
1062 1393
