1000
413 1973
1037 626
515 1969
244 406
1462 1252
974 1779
420 388
359 186
1718 177
1367 1888
972 504
1079 1938
682 1972
1622 1742
1723 816
89 318
583 1181
1074 1292
699 775
1614 1375
1361 539
1015 53
266 307
1370 454
1220 997
1512 815
205 1181
884 452
233 251
1111 1789
347 984
1499 1305
160 940
159 1884
1238 813
1606 1918
748 1372
1497 1815
461 1453
245 2000
310 1285
1005 568
1484 39
700 1792
423 706
1629 1255
1768 1248
1276 480
1266 1320
602 1074
1511 1240
1084 1512
54 1377
1600 1692
904 1655
1317 237
484 277
105 873
251 1576
1801 542
126 1534
1101 247
1574 1833
1082 1406
90 1345
617 979
712 1400
1251 313
56 843
654 156
187 955
1435 1653
1288 16
1562 1994
1998 910
1773 167
1335 419
296 1931
1466 1746
228 1364
724 1707
260 529
1986 357
1097 258
1629 1735
668 1061
1765 170
799 1977
1893 1580
1540 1109
1172 160
1176 157
550 271
700 301
1350 1214
1786 537
1996 266
86 1921
942 895
346 34
476 1569
952 896
1376 997
1731 759
592 1559
310 1624
622 1160
419 1945
935 555
1890 598
1382 1963
1121 709
999 1654
1699 1679
145 1318
699 1524
1915 1466
569 1441
355 786
307 940
764 1880
160 1215
194 214
238 1408
417 34
1019 421
351 1873
1471 752
975 1518
1970 487
390 179
1145 969
55 1273
1016 1152
1213 1910
186 501
1026 941
371 1105
1846 175
115 1975
413 825
1357 1929
1843 1858
1709 603
1518 1909
468 1495
232 2000
945 1016
1717 411
968 1400
1628 317
1053 671
896 275
1414 313
612 1323
1223 757
147 1606
1096 985
1643 506
894 1355
1500 512
1145 334
328 1387
1402 1213
1294 420
1480 1176
1774 537
874 295
1565 1285
874 536
1478 1423
1165 1204
201 1370
534 901
1235 1994
1274 542
1465 1127
1907 692
997 809
749 298
78 975
1189 471
1185 1243
456 950
1637 1287
1191 1320
174 68
1452 1260
1946 1588
191 1408
830 1232
386 42
1363 1653
1231 279
1448 1220
1262 872
1811 1071
1297 1425
1246 1488
633 637
1094 1123
17 470
1553 1773
1511 1612
735 1333
1134 1769
844 982
1812 170
902 1110
480 1304
1679 1793
1643 1380
260 504
877 1976
1940 390
1294 1719
1955 1300
1156 425
1385 1059
1081 459
884 1040
422 1085
1549 719
799 376
1830 235
250 1309
1176 690
742 1020
793 742
1549 1152
394 1222
1987 1081
1806 1052
1897 1748
695 1406
178 324
399 404
1951 1078
429 539
897 1668
44 525
946 1142
1285 1965
705 91
1872 475
329 443
562 1654
1619 840
1539 8
1094 1600
685 1081
864 27
1041 1115
99 128
1861 801
1503 788
1445 634
794 1799
1385 699
430 624
1206 1445
1937 1304
257 266
1582 1654
623 1217
1234 1499
706 1158
1245 1058
1649 1228
320 48
1593 327
1786 1737
1044 186
125 431
1663 738
192 312
1296 563
1303 1301
568 1360
1454 1122
397 1805
1864 574
1510 1139
1029 1915
1643 1928
1271 988
1970 860
1537 903
1224 1994
1803 1064
387 797
1300 427
1888 1830
1856 1563
400 48
945 24
1502 1649
1393 1898
158 1117
1891 529
595 389
1986 203
755 1118
999 65
189 949
57 1506
830 1415
1972 1152
88 1979
439 1620
1381 66
247 1705
1018 1604
1976 57
721 473
1435 280
340 475
460 1840
664 1675
780 1940
1309 1431
1740 1692
187 221
1324 462
685 21
1037 317
518 1948
1095 1795
526 153
1288 515
1162 435
344 1819
1170 824
681 1845
1103 1418
929 1819
1527 1192
926 1281
2000 1594
1452 951
812 423
1799 1532
1734 636
90 481
1393 1732
181 1581
552 416
654 516
1819 928
584 300
1526 230
976 1140
78 648
1574 111
1469 792
283 1905
1098 1523
670 986
418 1961
462 47
791 16
193 37
1735 1571
1887 1639
1475 1022
600 1468
1917 56
1775 1984
1925 1811
289 233
365 407
1271 1404
3 37
1384 170
436 769
1792 220
991 532
1037 799
648 1015
1676 123
1888 53
1448 1931
1866 1517
201 1945
380 10
1215 1599
1175 849
629 1041
228 1639
655 47
1249 1855
126 199
260 158
1460 1743
229 1843
262 1893
1799 430
898 1203
1292 1188
739 1197
923 1102
1145 181
1911 521
505 1100
1019 1249
416 1030
1748 1689
734 336
969 537
1194 810
1622 1642
909 1506
411 121
1578 110
177 1243
476 61
1968 1865
1376 1847
1612 1915
473 129
330 160
71 1776
722 1511
1835 995
403 1521
703 650
1980 1673
18 717
367 69
349 1614
754 212
1537 1146
398 1380
174 231
174 540
43 722
976 1437
869 872
251 726
37 53
661 1191
167 479
1857 127
901 1094
366 1334
1567 1133
1423 742
238 1137
976 1149
1626 511
1568 719
531 1340
1002 1426
521 653
1213 1792
1226 1623
1973 1258
480 1762
1266 1770
971 1148
520 1164
176 1167
340 1163
1342 1753
438 218
1653 1357
1831 1344
1781 1002
1531 1143
55 218
882 477
1691 1870
1602 1320
641 1876
1800 448
1454 1429
1786 1060
1736 341
1725 915
1088 1937
613 6
1445 1856
1456 270
1367 614
758 956
628 1266
156 1352
1454 796
1399 1287
1092 1240
1274 344
348 1834
430 179
1537 588
1603 699
982 172
1388 882
1330 996
482 1145
2 724
1231 595
877 299
1040 215
705 1921
1339 835
1223 1122
1316 1420
1431 500
5 1300
592 925
1565 1326
1489 25
1064 99
491 789
1518 1686
637 707
1433 1237
1866 1842
400 1197
1067 1215
449 1367
365 1360
783 95
1232 1735
1342 914
357 893
701 262
753 1391
1486 1037
1872 1632
1752 1887
752 1932
675 430
213 1879
1474 884
599 1568
929 403
5 1147
727 344
1171 627
1971 1724
1847 866
350 52
138 1032
0 347
941 1325
1566 1069
1975 248
1667 1839
1049 335
26 1387
785 1668
836 1937
752 1227
627 1272
1281 1916
166 911
424 543
389 1767
132 1527
1278 1832
1399 491
1257 1338
1392 1222
348 551
1898 1410
1652 679
1643 303
343 1694
1208 697
1684 1314
1551 1598
317 144
1921 859
961 1314
1964 1737
824 1629
1083 1991
1188 1840
282 408
1313 506
418 301
685 215
1744 1241
503 902
1578 1501
1075 646
1411 1663
92 458
1928 343
1952 1212
1744 297
1294 986
1007 1224
210 1960
167 1733
1592 377
88 1802
665 1167
1870 909
1294 575
1521 736
1373 468
1762 1475
477 1307
297 1206
1851 1231
1591 675
370 286
406 624
437 742
71 176
228 1972
1951 329
1074 102
255 833
1646 836
997 1237
857 772
162 606
1519 1269
1135 321
1053 1254
1025 1666
375 552
956 721
817 394
1643 1587
523 805
648 1220
370 1972
1717 565
337 1444
1139 1884
1993 1562
751 641
557 1477
510 256
1015 1394
293 1220
1397 27
677 1453
367 724
450 863
542 1012
1631 1021
108 894
1640 816
338 733
325 1872
1702 102
1579 454
788 168
1113 16
1791 10
909 942
635 1070
386 846
74 281
1576 1223
848 548
193 1151
1528 204
185 113
59 42
1614 571
1580 1097
371 388
491 301
1638 1450
1614 1231
407 968
1572 468
962 1349
453 292
621 39
1778 182
286 63
985 1692
117 66
1182 1033
1238 103
420 308
423 788
1681 1343
1940 1407
948 1178
160 122
427 1407
1308 796
818 639
110 870
512 1429
1782 1460
1320 83
20 1384
1686 842
675 1079
294 1904
874 408
1896 1877
451 1666
1231 14
745 310
1761 1078
1581 476
1468 278
1135 135
551 492
309 855
268 885
1540 729
898 218
1291 1891
1986 1821
1091 1136
281 1055
1790 1859
272 253
770 17
1272 1755
73 520
909 1255
1031 1186
436 986
1151 471
1282 16
245 1706
900 395
1835 465
1338 1683
735 821
1118 633
578 972
1687 793
1132 1385
1111 221
489 1907
840 1704
1348 1431
853 1981
1096 268
544 587
433 945
945 126
992 1106
103 1346
2000 446
369 469
1903 133
1559 1574
319 257
1885 1467
1386 1883
487 578
25 1027
1353 647
1427 1356
285 501
643 1801
1935 1427
1549 1807
818 1874
363 1009
1030 1390
1587 990
991 741
1866 1408
563 103
1214 323
383 1245
750 1532
464 1399
839 103
1710 1281
1176 761
1045 1924
1778 1850
1921 1816
1970 368
1697 349
733 1905
708 1750
1531 1120
580 1859
1015 1193
520 554
1468 210
1143 1071
1870 1658
1696 281
334 359
515 1521
1473 1765
1672 316
1417 769
1368 1864
827 1152
230 1039
984 476
1093 1106
1499 1717
801 364
1513 1954
897 1001
1660 1908
28 1745
620 1005
270 1301
1517 1701
1393 450
601 482
489 1027
1515 1127
1232 785
1914 1096
832 1049
181 341
214 479
1519 1535
27 1822
759 18
1829 851
155 1864
344 600
1125 437
1987 530
1451 1850
1206 1527
1050 1103
306 1523
503 1474
571 1561
1376 1740
691 1467
1686 431
420 1937
846 1971
1853 1388
1983 766
221 1356
412 1795
957 500
445 1887
270 193
646 277
1835 500
1372 1055
822 1785
508 1555
182 1924
1929 1288
629 961
904 1596
1035 1031
74 110
677 1641
1281 599
1690 1115
528 1215
714 143
1139 408
513 1372
1695 259
1400 1580
1712 1361
1259 853
1393 841
1854 1727
1189 1301
893 78
518 657
865 149
1152 530
311 1858
1404 214
1659 1512
1163 1670
1111 1127
371 307
523 209
1116 733
1854 1347
152 65
1394 1719
608 474
471 230
1215 560
837 1926
1060 496
599 1875
1984 401
1280 1402
472 663
1473 942
225 762
1748 1274
20 1094
747 119
1512 1268
1688 1648
1994 1062
1556 388
180 189
1710 127
1905 3
1571 205
700 273
712 1521
914 822
928 1862
1678 1169
1836 480
1111 782
1414 621
4 317
682 577
817 1719
1039 1871
212 1885
976 208
1725 1759
106 654
1861 1628
1096 1289
1880 746
106 1002
694 1706
15 1065
1325 670
714 854
1415 1834
538 148
1724 1483
1797 544
658 611
329 1390
1045 1679
1021 955
84 672
1025 1659
1476 801
1604 77
1262 943
1851 1220
1397 1449
1846 830
219 498
169 1154
744 404
1071 1376
1127 1292
671 1651
406 410
106 341
1054 1210
1050 1820
202 916
1950 1796
377 889
418 324
387 557
206 1647
1294 1414
541 177
282 1893
1810 503
838 420
688 1030
4 825
542 1331
1346 101
136 1615
1598 1771
1114 540
1378 1996
1474 1257
432 1481
165 339
1914 481
1297 1142
548 1200
127 308
1890 105
1148 595
1878 1630
1232 858
619 520
599 143
398 1400
1096 1044
487 187
803 1306
546 1192
504 11
341 1664
588 822
765 1750
865 1996
456 877
