10000
1837 405
1215 864
1457 1759
585 591
1050 820
1408 78
922 1295
1704 832
452 1823
424 584
266 1240
1597 1343
797 619
940 1495
292 1446
1878 289
1765 7
104 1790
926 12
1536 808
1531 1227
29 570
574 1969
658 1286
1567 1196
636 472
1306 766
1884 739
423 1850
1235 1105
772 1215
641 1352
1192 1000
617 1657
95 1058
584 1062
1743 1605
80 581
1751 1361
1347 1526
243 330
237 1687
1129 1305
195 1985
895 476
92 669
102 822
1598 769
1927 43
1382 1160
596 1445
678 832
1116 985
1225 320
770 1145
1858 1130
1431 771
968 545
1014 1191
1114 1753
1243 1736
202 1675
596 1267
1429 869
1953 443
1333 779
788 1209
362 517
676 112
100 1326
188 1355
1867 48
1798 368
668 1332
1767 1454
644 1761
1543 1538
243 1505
1876 1028
1813 449
653 140
1406 1448
1625 1263
961 229
1354 1940
1531 477
267 862
1408 1702
1088 303
1720 37
737 1808
1392 120
1553 1484
144 1803
297 1016
1999 1903
656 983
691 1208
171 1625
1435 787
951 252
1068 1923
1937 308
102 418
1081 1699
109 576
644 1128
466 9
164 910
1251 1242
611 1068
525 1106
1247 1046
1628 1674
1847 1473
1824 1795
1514 1898
1100 1471
234 778
806 1965
1831 1288
805 270
338 1651
1909 1203
579 1663
1279 571
1985 335
1916 701
597 1746
1532 1998
491 103
931 1762
1402 303
822 1738
366 1464
1844 407
367 125
1223 1524
540 1730
660 1464
109 555
372 1525
630 1332
1988 547
487 1110
328 170
1107 360
1334 811
125 1284
98 1121
615 1460
1312 1933
1638 753
98 144
1961 1047
290 1920
1537 309
1967 959
92 1081
1652 1135
453 95
1499 224
768 356
1551 1568
1308 365
1060 1593
785 478
882 1771
1688 1283
1049 1666
1088 516
881 1419
269 1350
571 342
1038 160
963 478
1760 1538
1405 855
1150 1059
1035 1687
1357 673
111 205
1126 785
793 579
835 891
1713 676
1217 1244
127 441
1529 1309
95 1313
1124 700
1783 1325
1210 1694
368 54
78 1095
1565 1485
1752 1434
1485 176
1681 294
565 610
807 1713
1438 1175
1671 1666
1631 64
1178 663
853 1267
1586 1722
1443 367
470 713
1422 1178
1169 421
338 509
564 655
466 1569
104 717
283 1720
394 806
707 1778
775 1204
1360 590
1430 1000
733 45
338 1229
1929 828
135 1438
91 1796
1290 347
1193 1123
1793 1859
328 1825
677 1802
417 340
284 709
937 443
687 641
34 600
1060 1723
1615 17
726 37
1272 585
102 867
345 1869
1319 1181
987 1273
575 712
861 1509
1501 211
570 659
160 573
1397 295
880 1712
1492 368
519 993
569 595
1347 852
155 627
400 1570
253 1211
1147 1492
1623 1033
1507 1915
1295 280
26 1055
504 1682
1321 1590
847 1137
245 82
1946 82
774 427
461 577
1942 103
185 1735
1301 1877
481 1120
195 355
1776 325
501 812
410 61
370 1785
1875 260
1774 1506
103 866
227 993
887 350
1024 1519
1575 265
1460 558
71 924
1057 1405
910 74
698 1178
611 804
1376 29
1208 1637
1677 632
1837 1626
1070 751
372 1932
705 1403
1223 908
933 1280
1490 1515
433 66
899 1242
392 133
1874 949
385 128
277 1432
1317 622
1655 545
1026 1135
237 1559
1068 667
1951 764
1594 1985
1847 895
1668 715
912 1585
1724 1478
790 1601
1090 1136
597 1411
1877 1665
158 1126
248 742
1470 1172
1594 839
1186 334
382 463
1802 1795
267 620
1123 1787
1432 146
79 242
569 1192
65 601
1964 1938
1522 493
766 94
1022 261
143 1243
1380 369
1000 1804
714 591
1548 589
11 1402
632 601
740 1871
92 1311
30 1779
831 1761
1017 812
188 577
564 121
733 1903
1972 1485
1051 1920
1995 88
1345 243
66 1748
157 666
816 1719
1262 1189
347 178
986 571
999 411
1161 48
1566 17
1142 1922
157 546
996 259
1515 115
619 1388
803 359
1576 475
795 722
1068 1716
66 644
808 285
519 958
1568 510
504 1758
1862 1874
553 837
1732 33
1277 1791
1522 565
709 1890
116 504
74 819
564 170
984 1091
764 1019
469 1980
381 397
890 1785
1319 1684
1825 936
222 1629
643 1691
149 1602
437 538
1383 504
806 1852
1724 1348
1580 101
1298 1728
609 1951
1659 1972
1448 498
1567 1425
285 982
1815 442
1643 38
1995 1871
100 1968
740 728
1194 1681
183 1492
1952 686
492 1385
281 1969
596 458
1852 349
1578 1204
224 464
1963 115
137 980
1190 347
662 687
291 1950
226 1916
1382 1575
1913 1117
969 466
873 931
25 608
265 1478
331 1987
363 15
935 268
77 720
1620 1121
1402 897
1534 1265
482 350
1749 1274
1891 1273
1281 513
1165 662
29 1946
700 1938
1667 26
386 1165
1782 1190
228 1272
1563 751
1780 1107
691 1936
1924 531
1209 706
1284 1043
1765 312
1264 1689
1580 1865
1926 1268
603 1550
1133 1301
1113 672
1638 902
538 1654
50 563
1993 452
412 142
202 1082
1710 1803
1065 1992
1179 1280
1063 1041
1887 1349
1501 507
1190 1751
1994 558
53 388
583 1501
377 71
1145 1993
666 324
828 1625
443 119
183 775
740 1926
1338 810
1957 1953
1050 183
1516 605
1655 423
1324 708
154 865
912 728
1693 997
763 1185
1183 1286
1137 797
1778 305
1577 634
303 1096
718 1411
177 1401
831 297
1636 22
1826 556
1516 1539
89 758
911 722
1431 679
1281 1147
1289 1088
667 1890
634 132
1007 1367
543 175
984 1856
988 273
1884 1966
699 223
1198 1853
25 471
1613 624
1649 325
1505 1532
489 1022
678 739
618 1079
649 621
572 362
1014 33
988 587
1278 1116
1223 129
105 1059
272 1220
260 1478
1666 696
49 1890
661 1407
1435 1550
1206 1672
1237 1905
1896 1007
1984 1737
1491 1276
550 263
1243 1185
1800 1425
1742 1559
1204 999
13 899
566 265
1856 425
42 772
1633 481
656 1962
282 973
1775 1114
1754 1603
1341 730
697 611
1140 1243
1006 815
665 710
1 890
1511 1081
1549 209
1141 1692
857 455
41 816
493 1161
61 1779
319 856
1407 537
1574 1658
232 947
479 1479
420 292
116 1353
1229 1720
80 1166
1203 965
828 1616
185 554
1604 1624
93 251
1454 1260
1009 1726
1184 1490
1918 1447
1877 1389
758 1795
898 1146
1855 647
1276 619
585 75
1338 679
1263 443
903 852
1364 79
948 1205
1487 1267
957 1303
1248 548
1800 1479
358 959
1131 1898
292 1397
470 307
1395 707
399 1501
112 1369
1375 1453
1936 1401
1136 470
1702 1357
1019 1279
1314 1228
414 1984
890 1671
1453 147
1639 1747
32 826
1776 1786
402 707
419 1082
787 1638
1114 1864
922 249
803 441
1995 1409
1616 217
1161 393
406 943
637 666
1277 1510
288 343
678 1405
502 1590
457 133
1088 133
540 1186
1987 1899
691 950
449 783
657 1409
962 937
1748 1215
839 60
684 515
1951 1856
1344 820
410 917
536 1754
480 484
884 1573
33 194
405 214
1859 1442
691 422
1963 19
1692 1567
1929 693
1574 802
739 0
1638 415
41 1133
1368 587
1263 1736
744 1145
80 657
528 909
1102 342
1021 953
897 39
787 910
1092 1453
1686 37
1345 1632
936 1992
699 830
473 357
1627 1750
1457 632
1266 1392
391 109
1040 897
1877 1642
14 570
1536 1739
797 597
1873 964
386 799
1849 1437
89 1700
1774 1472
441 1462
550 13
1587 1941
557 1940
422 1795
268 624
893 1033
1474 298
456 1677
1849 1788
1392 1417
57 521
843 240
1985 1691
1384 66
1171 63
685 118
104 155
953 901
188 116
679 1116
1088 295
838 1207
1314 1198
183 466
1414 1066
718 154
1714 1489
1342 50
1035 1723
655 1649
1257 180
1871 1581
962 620
1726 901
1914 427
1544 1360
1435 105
80 795
683 1432
878 159
807 1032
784 274
878 1082
1442 1887
1680 422
1018 641
653 517
690 1915
1749 559
26 481
1071 746
1680 1779
1333 1941
1 1182
1750 1392
124 516
961 853
49 753
1827 1906
1457 75
1174 932
1468 1077
754 296
1650 1636
1457 1345
1927 999
1681 977
1928 1460
119 1621
635 1233
889 1171
304 966
844 1722
1770 1955
1894 1886
1548 1385
1365 1405
474 1039
1388 1767
1503 1515
652 1221
530 1929
1820 595
970 1716
856 1315
1688 50
1570 1520
520 590
1934 1048
1021 1713
1680 1778
425 1951
458 747
1559 1199
1206 1744
1948 1841
908 367
15 170
1509 888
441 326
886 1434
826 858
1156 28
1008 777
538 373
1054 430
1317 232
1860 1941
1844 699
431 962
67 1041
974 1870
1981 1308
366 100
984 410
1406 309
1043 207
931 1552
744 1850
815 563
1868 424
1301 870
1719 1535
1855 450
363 1872
736 1000
1380 596
426 741
1336 639
1410 72
572 1480
1049 478
1896 1559
718 1754
1234 1151
1205 427
802 766
1115 766
1547 1328
332 1432
645 648
359 1349
73 1207
1255 1063
1861 1348
569 1057
1067 1553
48 1158
79 1502
425 1388
1517 1250
810 1142
427 1691
998 1607
1636 471
20 1216
821 307
1620 1737
1961 264
1896 1122
1532 991
559 1237
236 539
997 1287
967 1523
1058 158
419 19
1999 1377
1852 1625
1952 447
1470 325
1545 523
692 1013
1936 244
1186 611
515 508
1844 289
84 32
550 1397
1330 1734
5 187
339 1308
1191 44
190 1937
1106 1782
1422 1236
46 1010
769 1800
277 879
2000 530
1702 449
55 373
1358 907
614 1531
859 941
724 53
960 1686
450 1539
568 1700
1710 126
671 1270
1418 1264
1457 1647
1192 1591
689 126
877 1544
849 749
1647 1940
237 957
1691 372
1202 561
688 1931
1378 655
596 1644
615 1666
68 235
379 1139
742 1536
1447 913
895 1617
1187 330
360 1775
1392 1664
1045 893
1906 1828
780 1209
929 398
1715 922
25 1404
440 1162
1190 897
1192 968
689 1029
1791 200
1425 697
246 937
1101 1421
1015 588
1522 1064
704 1191
816 1724
349 923
839 562
650 1799
380 665
1787 912
800 1438
1567 747
862 1964
1243 1843
1861 1251
1989 164
1541 938
624 34
38 762
1105 1837
750 1214
839 920
541 1281
247 224
744 1866
1431 1203
1641 687
23 829
120 1686
205 361
1723 648
1391 1778
501 1229
1080 242
582 1035
790 258
896 1258
32 399
1601 1120
1606 617
6 596
293 1223
349 383
1108 298
1396 1166
382 103
531 362
433 1554
46 1287
1332 285
231 1110
1420 885
763 56
111 1446
1351 1426
88 1390
1990 1809
1458 1931
80 574
1108 1061
1612 1232
1934 995
1427 208
1318 294
1645 1051
1995 64
1060 1264
1518 1030
1270 1310
1505 719
610 363
821 47
159 880
1730 1366
1072 1255
723 906
1269 623
1669 1883
333 178
1877 865
1155 408
1578 746
446 931
686 1202
1853 543
252 372
1810 791
853 1118
929 835
1558 775
1065 1051
374 52
187 471
1972 133
1624 1806
1816 420
155 1655
267 102
1915 1943
790 606
577 1415
1273 357
547 1177
1225 437
1520 1889
908 1963
1576 657
1603 220
90 1863
1939 1686
499 274
347 1380
310 291
1746 898
852 1235
1689 577
200 740
30 1964
358 1158
1832 1664
408 309
1758 35
395 1010
947 1570
391 1532
1400 1926
204 1834
789 288
1863 1813
139 1108
1004 901
1196 1389
1516 179
460 1615
591 1817
401 1274
318 496
677 1254
184 1373
539 1904
1260 296
1049 585
1803 1402
773 920
249 103
395 1682
564 1292
373 1087
689 1603
910 1703
689 790
1490 532
1698 457
1923 1391
1443 1588
240 182
1421 1151
196 1729
992 767
1352 1229
1345 1599
215 328
1366 1430
1975 437
1196 1331
832 555
554 1801
1387 1349
1632 1938
921 1351
806 1725
398 1730
1938 678
628 1124
1979 1844
1801 1499
1285 1903
1809 704
1154 809
475 1836
1989 157
240 1620
716 759
64 436
1492 1116
693 1694
765 1058
1358 1272
421 583
1317 1616
919 192
1378 620
814 254
1483 944
1544 86
377 1234
966 759
865 1586
887 149
1828 1540
1949 914
1442 1397
1618 1098
94 1955
1780 196
1634 52
498 932
313 1309
1696 1929
852 1843
1297 830
491 90
447 750
1842 1959
1803 1775
229 1496
1522 1399
133 1902
884 167
1623 1409
246 1425
1452 73
1651 1771
1625 334
892 1178
196 1007
1430 1568
446 1531
10 1664
642 696
708 310
552 578
1464 1244
1680 1449
1255 1111
43 33
307 1983
1663 1693
61 1720
279 990
1238 1794
1569 1753
1222 1652
1788 1329
1164 1195
753 1989
1002 1972
974 735
1826 524
656 162
783 1905
315 200
438 1500
434 290
1026 682
1277 481
1406 535
1879 1953
1486 950
1791 445
1900 1769
1955 1160
823 353
1223 159
112 1208
430 133
700 1246
468 1740
1915 1199
710 725
169 673
236 1612
212 1159
1530 1435
470 782
1347 1540
1097 644
1866 1408
1532 542
1259 769
1440 1829
1839 1717
1478 830
507 729
1693 1422
1737 465
101 1270
1016 1100
1183 1060
210 156
656 710
1493 1679
1085 1971
1093 1136
1621 1451
1306 780
1437 1762
1909 1660
719 654
1645 1701
347 1267
748 406
750 782
1425 149
17 1572
130 893
801 481
1589 1783
1778 1212
1034 1689
906 1539
342 127
1758 227
845 365
469 361
1863 367
1181 842
907 887
463 953
534 191
594 37
1602 80
199 1969
1368 1494
1467 572
3 1417
1068 1978
1825 425
177 1728
318 1818
799 568
1881 1979
1948 749
1667 264
1380 1927
208 1054
980 461
1712 1698
532 1442
272 23
968 481
834 608
1634 100
883 1964
1877 334
1317 645
103 769
1731 536
1419 964
683 1876
820 1434
1349 442
324 1544
590 810
252 996
252 20
1212 225
1808 1769
64 1285
1122 1590
1857 820
1037 8
1563 1463
686 6
1094 834
655 910
1428 1654
1956 308
1266 612
9 1447
1757 320
1791 700
292 1949
989 1955
1930 1812
1323 1891
504 397
1355 714
1734 1706
1876 1504
1375 224
1381 1377
303 372
751 29
1799 68
1626 817
1883 1414
130 807
1523 1867
1115 411
873 998
76 1663
1977 1787
1061 1333
626 1546
193 1012
1835 132
339 1834
1705 104
272 708
390 1784
1159 1649
1117 1337
1231 1186
1801 1816
352 1306
1997 335
1815 1425
1737 728
1387 1160
590 1341
1876 1589
169 1372
1984 1409
1364 1829
5 1942
389 114
110 1051
1762 1590
1007 634
754 1221
1102 712
318 1809
1924 1381
309 744
689 1122
524 299
93 872
518 1635
1394 1635
1161 1610
301 457
400 1088
1228 403
1378 309
1883 1358
1236 1495
1614 1402
1615 213
1373 745
947 1680
1009 1354
943 165
797 1852
1453 201
761 992
1336 992
229 0
1217 895
235 580
912 1574
431 1699
446 1212
1731 1649
1909 754
36 1013
685 1808
952 30
1690 1445
979 826
244 1509
620 937
1593 1913
1411 1785
1905 1895
1892 759
1932 1901
687 1361
1855 549
812 1010
1764 907
1570 156
1180 1352
339 1034
1626 1194
1546 1874
432 707
1174 1634
1940 1704
1167 1120
474 853
1956 1163
1934 828
44 1827
1475 1594
918 1789
207 704
919 209
1919 1142
346 349
601 685
81 4
1019 1767
127 336
376 610
902 1654
1340 330
1610 1416
958 1416
484 947
1782 812
1290 1546
1866 324
1150 1091
1408 1436
714 732
1715 1742
284 1199
261 848
472 1612
1875 702
284 906
1310 1240
705 758
1204 1212
653 1403
1047 1479
1569 200
223 1940
1652 461
793 232
1533 1166
1238 155
1662 1665
1335 1616
1019 1370
1543 238
1348 1112
824 317
907 602
1409 122
520 1140
42 1431
1987 95
519 1598
1197 1215
1599 711
800 441
583 1338
818 564
842 106
1070 1638
1085 1529
15 161
816 1935
1773 1252
885 807
456 1259
1857 455
1898 467
1335 1273
1603 1087
445 1553
1724 671
973 1428
686 219
1234 1992
457 316
1070 868
489 1636
351 1430
415 1054
1941 1672
836 974
874 1687
746 386
1737 312
917 506
1420 1670
1820 590
655 1299
1318 1123
763 373
1713 826
1699 157
1629 1924
174 1333
1441 996
192 1419
1360 1094
1082 1575
753 126
1602 1685
1331 1240
1653 1682
868 392
1213 858
1842 290
821 487
1428 1708
735 629
1672 1575
1823 1187
153 450
1796 763
105 539
1786 183
892 1085
573 1335
1014 239
1555 1232
1117 1219
735 802
302 1565
1903 26
590 207
417 1861
260 372
602 404
198 1941
582 765
848 355
59 1623
1958 379
880 1745
1399 501
442 1245
381 1599
1906 1432
1398 1043
380 1999
1743 622
345 284
142 954
682 1765
792 934
322 1632
193 346
216 1500
1004 193
92 1398
188 467
1064 64
768 1867
595 917
1708 1151
1619 507
1352 129
1184 910
1768 1470
1998 360
1833 1095
1168 939
1372 1305
1515 38
1279 1523
1644 723
644 1740
455 868
1761 1897
146 1505
706 1782
1911 958
1552 704
1782 362
1672 1702
607 1023
1031 348
1564 680
1278 1068
251 669
926 71
1443 510
405 1988
587 231
350 1453
106 1907
1010 470
819 99
1616 985
172 1051
795 1585
1404 31
1495 358
283 1223
1456 1808
403 1235
1016 1037
1573 351
438 1570
116 990
1236 1213
753 905
1963 1630
1875 169
1278 1766
660 553
5 1684
1590 949
1938 1271
1417 31
981 1056
1985 336
398 414
1225 1933
33 412
1463 626
1192 484
871 289
1688 20
287 99
1303 4
107 1226
1549 143
1080 968
1677 658
26 1112
926 1201
1371 148
1429 739
1527 1378
1792 1654
98 1854
1318 568
675 1494
48 1851
281 1631
455 1767
624 198
966 395
1161 1278
1173 393
290 1812
1644 1487
1220 6
627 1843
1926 1608
899 673
679 1080
925 1167
1498 1974
476 1002
224 1369
1686 71
1034 1925
1544 1029
1276 1497
1412 377
1887 953
1737 632
957 929
58 1411
1359 199
202 1501
1014 1075
872 1787
1838 1792
1816 338
543 766
946 483
294 820
852 114
1726 29
749 657
480 756
808 1212
36 1825
238 209
331 445
1167 1591
682 682
1079 1345
1759 1677
375 341
1783 1529
586 1444
37 803
372 435
1527 1077
224 1039
101 86
602 807
1685 1089
1504 518
1008 524
202 1657
1990 1791
1832 1206
1290 1240
81 146
480 1406
1974 263
1096 892
699 1726
421 1676
116 230
810 716
330 974
1043 348
1004 765
671 1140
655 1543
250 925
1025 1941
1911 759
1556 388
1988 1048
1275 203
745 952
1257 777
833 628
1506 208
1669 1881
1151 1648
1942 859
1821 641
1827 1626
170 1347
33 1077
1029 1240
790 1244
1361 474
838 439
864 1794
1203 429
194 208
1216 1737
578 823
682 609
1702 1726
1007 536
1 1180
1428 1664
1888 1229
846 384
663 887
1434 490
415 156
1952 1692
1523 1496
120 1050
799 249
1720 1742
644 451
269 1032
596 1707
644 1838
727 586
101 783
663 632
1418 670
1620 731
412 549
1658 1862
1102 10
1043 1755
1140 1983
381 1926
1675 117
1889 408
710 1809
1448 1759
1112 967
926 965
131 974
1122 24
572 571
701 159
1778 445
1357 5
1929 684
1833 1381
733 234
58 577
1671 262
209 753
959 538
1427 136
931 258
1526 1768
350 1672
1530 1649
1014 250
188 1606
1900 203
283 921
879 720
1646 1018
145 1649
486 1516
437 1305
1319 730
1599 611
1852 1325
341 1290
416 957
206 374
1794 1227
1644 276
1054 864
1991 1432
1912 781
1737 1736
1767 1348
1541 1098
119 1731
1065 1657
180 1020
1633 370
589 131
1715 1440
1988 1187
259 1990
1382 729
423 1270
1806 926
1573 1831
1184 1233
1348 230
1880 1657
122 1125
1484 1255
1844 1879
335 851
1423 1081
1634 735
541 1712
1604 580
1796 962
192 1630
73 1916
1677 1826
1908 866
397 1498
1709 1724
999 86
132 1635
361 1639
554 1526
1760 254
269 1312
909 232
332 146
1360 1870
1407 701
1757 1792
683 1834
854 314
184 414
1782 696
1832 233
1268 1788
1476 1526
1339 1800
112 1539
719 379
312 1755
98 1305
1169 1090
1628 1497
1478 1468
1215 1140
1493 1546
1963 413
479 1467
1373 975
141 878
1811 1881
46 420
1256 1741
846 546
1490 824
1951 1224
75 163
284 179
522 470
47 1967
1131 114
823 407
1789 1453
653 275
1845 581
1460 748
673 1667
1908 1825
1 1004
1269 341
993 1665
1882 488
1459 889
1540 1053
1325 759
1313 1017
52 1529
1822 1674
427 564
1611 1102
1741 740
486 820
1716 1069
1038 111
79 169
1493 135
1329 1875
675 792
1336 1698
1338 1177
640 1676
1045 717
369 1086
342 1095
677 492
1525 118
984 1263
875 450
1235 664
1277 10
437 599
1802 1488
1017 1464
1993 516
1728 799
829 327
1253 1581
1041 33
370 1181
1939 612
1578 293
1997 67
1717 1815
1211 822
1709 811
606 1947
1688 1235
1074 340
112 760
1376 1625
1009 96
1148 955
663 1042
631 466
66 1950
434 1666
433 1312
275 1158
1324 1314
1841 814
1899 1193
481 1296
414 1240
1549 201
1039 1828
208 1572
1646 1713
1484 74
647 1937
1173 1267
389 150
114 112
174 1201
1115 1516
1149 221
583 976
597 154
323 1509
77 103
1668 173
991 1110
1366 194
718 1052
394 1392
1326 729
189 1026
789 1363
1527 1924
1663 1345
1848 735
1889 1403
1028 30
1178 1812
1343 1411
739 1232
533 1646
206 1482
782 354
173 1465
801 993
1510 1992
370 1102
1127 230
1188 1156
211 106
1337 760
475 1603
1753 406
1443 1509
1637 69
237 1577
1265 1287
924 1276
1795 603
1820 386
532 341
1580 168
1139 42
729 77
1520 1089
608 1616
358 1556
943 3
1710 734
750 1741
361 641
1335 1642
1079 1909
1853 372
897 1189
955 1711
1868 473
394 1716
652 1207
562 1751
312 1706
582 957
859 331
1155 706
1587 1738
908 106
112 618
314 1486
756 675
1055 737
1875 687
616 783
608 1660
1361 10
984 819
1593 320
639 1712
167 1142
1768 296
1255 650
1823 672
779 580
821 51
218 1212
1240 1323
1786 1861
1276 1585
1765 835
507 1002
1171 1852
1945 1524
1462 772
1005 985
112 1588
777 1080
1694 944
933 234
724 1543
906 1173
1675 781
1056 1104
1751 1868
1426 1577
10 1933
1983 1921
89 1197
551 489
716 19
1285 1562
696 1478
451 1141
1758 391
1630 1361
697 564
1971 1003
48 1391
307 128
1825 1231
1704 1249
1796 1824
775 1605
1190 286
525 986
570 262
1633 1465
474 451
795 1454
1348 391
1581 171
1972 613
1578 116
1360 989
1702 1496
15 26
953 1387
1319 1082
1994 1612
553 1041
1669 727
1831 1746
716 1272
981 1206
1214 1903
274 1623
893 73
1955 238
491 1708
489 1987
709 892
23 1905
556 416
464 290
1622 85
130 828
1407 1409
1681 1088
1495 884
1572 1584
518 1204
1881 1911
863 1055
972 1647
1428 1
614 823
707 1083
204 52
568 712
1852 1363
1478 939
439 327
1173 1005
1412 1582
771 371
695 535
750 907
1121 867
1517 1215
651 808
36 548
1791 1787
1065 449
1723 438
1523 777
515 555
1912 1848
209 413
1461 933
643 308
252 194
912 1899
32 92
339 390
1508 521
1434 1076
134 1130
12 1348
847 84
259 1490
1308 1093
316 1271
1831 722
38 62
1056 1146
1689 1559
1750 764
375 668
1333 1953
207 408
1925 758
1737 1032
759 499
1009 1525
205 1972
447 1175
667 1344
696 583
58 1141
466 923
1362 1931
394 12
355 1845
122 714
1708 1086
1427 1123
1030 595
853 1455
1036 206
1153 1228
1884 517
1036 538
1077 1631
384 1248
1179 1781
551 852
1190 1528
1924 1079
966 1597
1093 1235
582 1644
1021 414
1947 1213
1557 1203
1746 123
1375 1188
1043 421
1155 1918
138 1976
1116 1256
1896 190
670 1160
1805 325
1721 742
1757 1228
824 1205
969 507
491 99
1842 1442
1229 1469
925 703
41 37
214 525
279 1671
868 163
298 1625
187 1525
1861 179
1862 657
1178 334
1789 1917
1348 654
1399 526
124 565
1584 374
53 1096
172 1726
924 1246
1813 1044
379 1204
735 1812
667 433
383 566
880 1462
698 385
298 205
917 1515
1508 1844
1128 1738
810 108
223 1575
524 623
147 158
898 247
505 165
1990 373
1867 1158
857 1973
876 51
516 1611
1379 1318
1325 185
1570 1782
458 931
667 22
22 493
931 1544
182 195
1467 505
1153 732
1707 798
1758 758
1355 1068
1042 394
75 781
493 53
1783 1797
1225 1218
1292 368
1795 1752
1084 706
406 932
899 1126
1100 240
508 1500
1571 1792
672 1218
1314 1453
142 379
1757 817
1635 757
1213 1192
1815 451
695 1158
1562 330
1726 1846
448 414
234 231
1361 1125
357 1496
614 1510
1979 1123
137 1202
1881 1039
1928 1530
391 1244
1302 1130
367 1593
176 1946
1469 698
1311 585
1550 855
1387 1205
46 1769
1690 1867
1435 1418
781 952
729 65
1129 645
28 235
1944 1670
587 206
1976 1571
985 480
882 996
1102 595
947 550
313 661
3 931
1630 1627
1848 1633
1473 877
1680 964
402 1910
1394 420
1185 1125
99 1354
490 25
1033 652
749 363
670 1814
1549 1599
563 497
1391 143
1117 1305
256 1977
1462 202
1657 595
1091 869
1585 1231
1427 1721
1697 54
1367 639
108 1552
1154 217
1110 543
159 270
109 1979
275 1246
1472 248
1360 1086
1848 611
1088 996
1197 1781
1355 1855
930 1256
146 1414
801 468
1254 1755
72 385
1238 873
342 1636
1486 469
1574 1776
1394 1604
473 1262
1559 1606
889 1934
747 382
1080 864
23 278
1343 1933
1846 223
16 903
1373 1707
538 1351
1951 1701
917 766
1545 65
1631 1257
1905 48
577 1492
722 787
594 443
99 193
1807 1997
1154 434
552 76
150 1228
1211 1340
1052 742
39 975
468 376
462 876
427 858
876 894
582 1066
1076 463
76 1656
1159 580
389 1462
1253 459
454 1826
1620 994
102 161
1442 1923
993 1041
1684 827
1189 1010
923 851
276 1162
1673 1134
1087 1012
628 817
1223 686
1551 677
1835 1578
346 1334
52 164
1002 1447
992 346
332 1586
1304 1230
1935 1413
1146 329
677 576
399 1742
1058 1645
927 1655
669 1398
297 1148
400 545
1562 357
374 1527
1618 1673
1085 98
406 1047
841 818
448 403
370 87
928 1877
62 37
489 448
1175 446
1850 113
1301 379
1019 688
996 1458
337 1607
1612 402
185 1237
1333 798
1568 1197
1560 191
1017 1167
348 436
301 405
1747 175
1749 1902
243 1969
914 1676
1758 286
58 1106
1276 66
527 1458
809 1452
787 364
375 457
819 1797
199 1184
384 1310
911 1048
1924 1377
1355 1663
1277 1132
298 100
1791 226
1282 221
107 1758
663 198
1197 1260
36 1454
1172 825
128 1561
795 905
1815 1287
1126 697
1684 1361
1759 883
1440 826
529 1609
388 1576
1303 964
1335 1623
1944 1292
1810 1129
1523 1326
937 872
1251 1298
1324 1020
209 334
1039 235
998 1761
275 1788
1875 813
623 1796
394 350
118 577
1324 1172
562 1541
1519 1255
341 514
698 297
604 627
900 1396
830 993
857 1221
1027 87
720 692
967 692
290 382
359 1065
1347 554
1876 1133
1660 400
1624 571
752 523
403 952
1337 1012
1126 215
543 170
1290 710
1460 1898
524 1320
995 467
1636 993
792 1255
162 1959
319 464
352 1961
1573 1583
465 1227
766 705
1524 1518
1465 58
131 39
1720 385
1003 228
1167 879
1348 63
1653 1127
1398 1175
905 1622
1123 289
1656 754
198 775
1014 1339
528 1054
187 1677
165 807
1763 791
410 286
563 548
1253 319
2000 47
504 232
136 854
138 1222
225 1804
1629 1255
234 1978
1526 61
1405 2
1054 360
479 1854
1623 1473
225 378
781 1508
1883 1457
1459 1106
104 699
1133 878
1414 539
1929 1847
850 1497
391 455
1193 1463
1451 1726
688 1183
231 126
199 618
1205 1255
1205 1927
1952 1629
563 976
1416 1143
881 1701
587 242
1306 441
676 910
1220 933
509 1777
1314 1279
1310 500
1484 673
1418 786
903 1772
1802 1814
816 1353
642 454
119 998
561 1767
1416 1611
839 1072
1170 500
1465 702
1398 105
492 1730
1686 948
1482 724
1838 747
1798 1466
388 309
1807 159
1490 817
16 1447
1171 1666
242 1829
1086 1934
234 622
1714 778
1102 1893
166 227
785 1099
910 1808
1580 454
85 1559
948 953
151 338
1342 943
488 889
1554 288
1540 1976
702 1685
618 490
1738 1246
225 24
1481 903
692 1437
931 992
616 1034
632 1754
1301 1224
314 688
644 106
179 1486
1968 771
1707 1121
717 1018
1553 473
1552 1167
1282 887
1517 1592
1380 717
428 353
1530 192
1450 610
1183 1919
791 434
1283 268
485 336
614 949
1115 236
876 587
1059 1811
986 284
48 1748
1741 1627
1292 67
1543 727
1335 185
333 433
1967 321
1921 132
1045 661
129 414
1900 1952
753 1841
179 358
1517 1600
874 1634
1997 1077
517 1777
1825 1937
23 1604
1390 1465
1622 1586
1866 1264
791 1458
1847 23
449 272
779 52
45 249
657 250
1616 252
1903 1949
1679 1128
210 970
140 689
841 967
1241 1462
1468 910
37 1131
434 1433
857 1318
1874 1428
631 1935
1181 1645
1260 1310
1475 579
820 1745
1341 272
1823 1572
512 1854
1817 1122
1114 1015
313 261
1152 594
475 33
1449 1155
308 1668
398 1576
578 1416
848 1205
31 1469
1727 831
1734 1594
1614 857
295 587
1788 1276
1035 582
1176 717
909 548
49 705
448 1429
980 475
653 565
1744 1348
50 25
42 119
1819 210
1898 697
1758 598
85 1556
1615 157
1895 1267
396 60
938 645
318 1179
1333 978
393 1972
169 296
503 771
464 1973
1112 783
1555 1354
1048 866
931 1129
856 1009
1011 221
906 355
152 1400
632 1901
1546 66
1965 990
50 811
1177 94
1142 1257
1697 1889
286 852
295 1781
157 1701
1725 628
1544 1944
990 1863
400 84
485 274
778 56
1290 544
582 1566
40 1907
872 173
1863 1192
1706 356
141 1355
71 1386
867 1111
1487 1185
1602 433
1105 1914
1263 139
309 1064
238 1667
376 913
535 958
126 1840
404 878
1790 1796
1545 1118
1528 1908
399 1979
888 1258
642 927
1814 1990
711 1566
1646 307
777 760
291 414
1581 1259
670 1211
718 101
643 1359
307 1170
1528 1501
1554 474
464 1269
1280 1447
1996 12
1646 1812
511 1488
321 749
797 1711
1388 1353
71 522
1287 381
1431 48
817 1723
1328 1107
1208 674
1202 584
1432 1057
822 405
1820 1706
79 606
1912 415
1096 50
1950 1903
119 68
463 669
693 17
730 1157
1887 206
888 345
1693 208
507 1668
1980 1779
655 989
800 1138
724 24
1552 762
544 1256
686 777
1600 123
424 601
249 1505
942 1158
205 1953
1894 197
914 1337
1141 437
1478 342
103 1775
1016 1933
353 1541
1987 1071
1032 362
1851 1381
405 584
873 1010
1106 318
755 475
217 781
375 126
605 393
1664 493
1867 881
1864 158
592 14
1617 1549
1077 1847
231 1104
689 1184
294 327
1874 1462
1089 1578
1752 1463
1456 1140
174 185
1737 1862
663 100
655 984
1805 110
1015 1901
1913 121
337 390
358 869
1078 1100
1181 1738
1078 1755
989 1284
818 1449
525 55
1377 169
939 657
1870 1522
863 1371
242 719
90 1783
923 1267
1399 1880
1075 820
1769 1468
1701 1774
11 521
361 1390
1685 1215
317 1955
1437 1280
225 56
69 121
1780 1763
1263 275
954 1791
477 1713
1321 105
1930 1618
1181 1954
245 1920
1575 1619
1667 29
137 1198
570 777
771 571
749 367
493 826
1610 1541
83 1375
1945 599
743 615
1737 1356
561 760
1869 1022
372 441
665 1422
1277 282
739 1965
292 646
1825 1321
1345 1042
1165 1870
1802 1759
1698 202
985 1608
1504 1159
1096 1010
1097 184
1158 1200
1456 1235
731 1951
879 1082
285 95
1959 1563
748 876
887 1177
966 1222
1499 94
964 1718
297 1316
1313 1514
313 448
1936 171
793 1024
978 149
916 1685
1345 170
1657 455
217 622
1870 100
1294 875
656 1447
598 105
394 197
1468 861
1867 429
1066 345
1499 1726
1989 1926
1668 1722
119 729
891 1862
323 186
1901 82
110 222
945 1246
807 533
786 1759
1577 1759
298 1730
1968 1055
772 37
608 1497
611 383
1024 1575
1846 237
869 1906
1930 1474
1654 1733
37 2000
1830 1561
141 165
606 280
201 1243
1345 1641
16 1294
184 510
1966 1108
337 1272
324 689
2 949
485 1217
767 1116
182 1317
181 547
1339 1189
1828 128
1893 1181
1847 1014
261 1809
304 1045
1923 1777
1512 979
374 616
200 374
1696 1120
1984 913
1791 944
255 1620
1239 1138
1033 1605
528 1474
126 1215
1261 1317
661 1805
1780 1304
356 149
1428 1185
177 184
1517 1803
1209 353
1642 1541
910 1826
845 967
248 101
1068 645
962 1807
1316 1513
599 747
898 1707
42 861
821 954
1275 1600
878 167
1615 1413
1129 1571
122 1058
287 750
863 1703
1365 1790
125 849
1231 1276
384 826
851 961
1224 950
1992 1306
516 318
1643 1064
1389 1754
820 542
1596 1432
1606 859
463 807
812 1049
141 38
808 1138
1882 935
1134 1064
1003 1175
38 625
1378 290
1295 1417
1318 1261
1612 1458
1691 1965
1385 715
891 1660
1263 555
1572 1093
1976 827
376 1841
1515 1443
829 444
1879 1395
189 1014
662 1830
1720 1938
94 683
201 1020
63 439
128 897
920 955
1782 1580
713 958
1745 60
437 1586
825 1682
1476 158
555 943
1972 208
969 1231
1388 654
1701 1571
149 1788
1347 693
1371 1913
1855 1869
397 1944
272 1967
1566 32
1514 1407
1906 787
1005 220
959 746
732 1649
883 1426
510 160
1271 113
1485 797
687 538
1029 1949
689 1672
1628 789
553 1673
454 46
96 1871
98 0
424 835
1698 1052
1615 1500
1547 1218
1268 229
550 1999
1915 387
49 1121
861 371
1341 948
1318 792
1616 1976
1204 1357
1169 998
763 337
623 999
1057 1522
845 1087
911 300
1697 74
882 1911
644 97
1184 470
1941 477
1456 1475
1486 79
1527 1576
1918 1036
675 1471
1923 230
603 1643
508 1598
721 221
1638 1328
616 337
52 1728
1178 593
1428 1798
283 369
592 1508
544 291
555 1341
1592 226
1639 1217
881 1654
950 1447
1961 561
1193 799
1607 501
893 1568
754 1050
2 167
1474 1973
1821 1278
576 127
1781 1870
550 490
143 1581
164 1105
1276 1728
1406 1801
1857 1128
109 1531
419 651
845 333
1041 271
383 603
1551 541
1665 1668
1502 200
1811 159
970 38
877 1868
568 1588
604 819
1130 68
1650 362
1314 1184
1164 1890
260 94
872 1257
1935 130
1836 1653
939 1587
804 68
1072 1746
776 1909
179 168
142 1041
305 1520
173 916
1257 1332
280 1711
1954 17
295 764
1184 79
1566 1514
828 482
1787 979
497 1322
1259 701
1599 102
423 1309
1130 1701
1074 432
1468 1777
302 1755
1725 1174
177 816
1613 265
382 1817
462 193
770 937
1647 923
191 1846
1911 294
79 844
1002 554
545 1971
144 923
534 1712
1840 814
157 41
885 390
1867 1133
1692 236
1727 1134
1424 1085
1859 1540
1112 768
711 494
1908 1027
1422 1854
622 1156
351 1212
209 1648
1393 1572
1993 95
1200 967
181 1863
987 1607
735 1202
556 1064
1737 144
312 664
650 236
1141 358
1559 496
462 1099
1014 979
1949 1157
479 1938
578 317
540 122
1681 14
1088 1745
1421 117
1367 84
1707 678
295 1994
346 1900
1945 1844
265 632
551 215
330 1054
467 572
1664 893
1227 804
1058 1782
1092 338
1933 401
1987 947
208 1114
807 340
1298 1436
1357 793
880 289
1368 1558
1107 361
993 627
693 1670
1991 1550
1242 1252
1824 1991
1283 1585
808 1844
96 1251
630 335
354 1312
394 575
538 1621
1896 804
1448 420
8 1524
847 1426
614 1940
1844 1552
1832 1533
424 384
48 1500
833 102
1901 1088
1831 1728
1245 1791
1495 1847
1744 1376
1223 1660
845 1946
1183 1677
465 213
1950 998
292 113
867 990
1449 1721
70 1088
1268 1068
973 176
1858 281
1442 1403
1008 1342
684 810
1773 1645
609 1248
1110 1350
1431 1887
1882 751
44 357
1710 1104
1639 307
1471 1487
407 1741
1115 1298
1434 1525
1485 160
1469 1461
1790 336
1310 845
1244 905
1409 163
1425 1848
1712 338
1672 1288
1353 752
1567 512
660 1322
628 520
800 1144
977 914
1481 1833
423 939
1771 1753
1373 636
12 420
1817 674
337 924
861 1412
1160 1594
831 483
1674 892
1421 863
158 954
869 1633
1825 1738
444 1040
1426 1325
306 1316
1541 639
1404 1039
1257 873
456 1376
16 1379
61 1484
1600 1253
268 1755
1529 876
1479 1378
443 203
289 1483
1900 716
1106 1907
1252 1050
1154 1486
1159 1201
647 563
995 1766
354 1879
1153 705
1178 1688
1150 347
1699 1931
566 362
1414 739
324 1577
1144 1518
1213 1593
1936 904
1609 1580
1326 1788
1069 600
1617 548
602 1475
496 285
414 1006
768 1652
798 1355
1319 1594
1215 795
821 20
315 437
615 1359
540 289
741 1510
1875 154
596 1701
485 1661
1727 629
755 271
507 1555
424 1547
1766 1093
1874 1427
186 829
20 1661
883 628
452 842
1004 1284
1239 1027
1560 1588
972 1564
59 1050
1246 267
416 414
1400 1128
108 1711
1801 1175
1461 1001
350 1407
1262 1994
1728 31
952 1031
672 1162
1689 1488
1786 616
1334 1095
1897 900
1798 1473
266 435
788 1670
198 1703
1843 217
823 1369
1480 274
123 110
1996 934
1341 962
1587 1648
110 511
1030 1001
1916 1291
985 1899
1244 274
195 1730
308 458
945 454
1791 1500
143 1435
1684 1047
1184 1108
247 53
1276 1485
1800 561
608 1237
1749 546
1505 1880
222 457
1981 1680
1158 1505
452 388
1739 1267
554 89
1922 418
946 1186
9 1125
315 1810
1514 1689
1934 153
1914 1375
1175 20
766 119
1381 1414
1203 1493
1045 1491
289 509
1060 606
702 66
758 1116
311 132
821 1778
486 1072
672 875
1974 985
217 698
1901 1807
1875 416
1248 702
1684 1433
1623 195
903 633
783 1699
271 868
1017 1888
4 1722
629 1418
438 784
1937 1206
917 362
1735 177
29 952
523 1263
607 969
1422 1163
225 1378
457 1735
1418 276
899 571
1830 1280
1058 679
669 1214
559 1801
1569 111
597 391
558 180
1052 1777
1484 1716
1179 892
1143 446
633 852
1317 1445
1137 1076
1592 1765
1226 1592
843 1872
328 658
1557 716
1644 1092
435 1494
336 143
1901 1976
1157 1647
626 1702
944 600
346 1981
91 314
255 1137
1056 1251
948 1077
1671 335
72 1671
233 1982
536 1893
202 973
581 1374
1366 347
906 700
1954 1436
1539 833
1423 1969
1431 860
1005 927
304 399
422 669
292 1994
788 1914
786 1773
1929 946
532 1183
792 224
751 112
607 265
399 1301
835 551
124 1899
589 1557
1713 246
941 1384
496 1145
188 318
232 461
1993 689
769 653
332 1381
958 536
373 376
223 1270
1886 693
773 1974
1067 1942
1346 1912
1576 1797
1554 77
791 31
788 1077
670 1933
402 1928
1537 1447
457 682
189 731
985 895
1894 848
1342 1032
1147 1123
1538 1271
84 996
616 169
1881 998
434 1482
283 948
111 1872
1987 1067
956 9
249 951
1986 614
1025 1810
17 348
68 513
1771 1614
1026 452
1748 1262
1989 959
1148 643
1760 1269
103 804
322 594
914 858
1732 1159
762 59
1662 1828
475 912
694 1818
435 640
1272 27
1232 210
1985 580
1713 1394
1501 260
1340 1764
523 883
1645 1864
1436 495
14 877
310 255
949 1395
1335 1325
1589 1561
439 1537
301 341
1683 1576
1009 799
605 1912
1433 1925
343 910
1581 1564
1100 1538
498 1306
1875 1854
1467 1235
1072 613
1065 939
1181 1995
870 379
778 354
317 1785
694 280
1746 1281
1388 887
889 1432
474 1862
1079 779
1583 455
988 1400
1052 214
1978 1458
170 1299
477 36
896 353
572 1754
1128 97
1016 1171
1691 1959
189 1809
1220 1684
709 831
419 841
403 27
665 546
450 184
978 1736
1480 917
1417 71
1653 1889
515 566
1491 1050
1688 1966
156 431
598 1564
448 687
1971 1770
899 1827
861 1414
884 448
781 1816
1536 771
1112 366
959 135
934 816
703 443
1050 490
347 229
35 919
834 1251
990 1567
1492 1498
1085 654
988 155
1408 1177
1029 802
202 1625
1189 571
1740 705
1871 414
1739 339
604 332
149 327
1573 183
1434 1070
1010 1688
1436 1300
850 933
1047 1239
207 1526
1741 52
744 1814
627 212
701 465
194 1799
1808 832
1437 1532
1486 172
1332 1796
686 121
577 886
1321 546
1496 1066
912 1026
960 1706
1087 346
1355 1106
1533 1156
376 328
1009 706
656 420
1047 99
1339 1977
1358 673
1963 415
1921 85
0 299
716 36
601 1737
1615 1888
1303 345
240 1023
735 1588
1112 294
908 1274
329 1400
1405 263
1835 102
845 1588
1601 1642
1319 1640
1446 1506
1471 1900
1926 1496
213 506
494 1379
205 63
1874 241
1783 1219
1641 1584
611 32
1289 1362
45 107
1883 748
1582 1199
180 1336
1235 1768
218 1637
361 1678
1524 518
508 978
302 1665
586 1529
229 685
1734 1861
336 1148
940 713
1843 245
1350 113
1102 2000
1974 1739
1580 86
620 130
1219 644
1732 345
1404 1815
363 467
1852 290
999 75
145 267
1538 1233
1409 1634
1636 1925
374 247
1479 1358
634 1816
1809 1664
1472 391
594 135
1308 615
1446 37
315 859
563 326
1958 645
1799 539
1098 1176
321 325
1502 1856
708 252
553 1097
624 1679
229 1377
278 1738
23 1553
1771 1634
365 213
1505 412
1129 1179
1380 1575
231 1140
28 214
351 1480
1378 1524
282 765
1311 1327
1782 1043
1757 1185
5 916
735 856
745 610
949 1526
1109 1268
901 1780
419 576
770 1408
1527 1409
1075 840
1337 1604
1434 1265
1671 748
121 1825
100 711
465 643
1409 1198
1059 1059
97 1039
299 171
680 773
1172 853
1821 1386
1336 493
984 1453
1847 1384
1944 383
123 427
1045 1421
1112 1176
591 111
48 824
211 538
195 1055
243 1938
1279 994
1573 1158
1978 160
1447 62
1458 1630
1927 1615
912 1810
710 1930
1305 822
1246 976
1211 1126
184 573
151 1616
1282 840
341 210
1504 152
1237 854
1470 1100
659 1497
840 455
1412 1249
869 305
358 377
57 1253
840 563
369 538
1744 1015
1742 1135
1997 1627
433 951
1728 407
1323 1472
1402 1688
106 1537
1868 623
469 1870
450 1858
379 1931
1892 826
1349 220
1334 1742
825 1967
1512 197
637 304
360 955
513 337
388 1701
1108 1841
1509 1250
1513 747
1045 1918
978 319
428 1644
42 324
1725 1938
1038 112
1475 477
1963 1492
1613 42
1003 1724
1833 0
109 645
457 1027
1691 1821
76 103
102 425
638 841
1795 1898
220 1210
342 1947
541 1388
37 814
306 1289
1864 1256
1574 1253
1831 14
260 978
105 878
279 1140
131 1400
1142 1058
1251 196
98 1778
113 1293
1297 36
1825 1693
1186 181
279 493
338 392
1073 1910
1684 1044
361 1045
495 818
637 1145
26 584
562 720
61 809
1465 466
1407 1315
958 903
1276 1801
324 1071
1349 1624
859 453
1962 681
603 1736
1332 159
186 1038
1207 1964
1050 128
123 178
346 1168
1201 333
1857 1177
624 1834
140 1860
1577 377
150 484
903 1306
1602 1972
1315 818
1802 1866
1030 1661
395 54
333 382
1454 818
151 1091
1991 1728
1594 443
248 601
91 730
802 1332
934 1256
1012 1817
865 477
1029 586
437 855
72 1955
1 80
70 1390
488 1116
1932 857
924 832
1910 1382
280 948
1248 362
1752 1479
592 1147
1099 863
1654 1828
1836 22
1874 1632
1440 1027
17 165
36 1039
734 1835
1643 1715
518 1845
1147 344
623 1131
67 805
49 633
868 77
886 1460
497 1737
957 92
1137 1042
1845 753
372 459
1372 1419
431 1709
1051 1780
1874 373
962 1735
1900 1054
1376 656
1509 141
349 1478
1594 249
456 927
1676 1816
80 498
458 1755
1276 1192
1756 1671
424 1306
1800 500
1405 1020
1073 1298
1100 1437
78 327
1434 301
1579 812
1106 1270
1546 446
480 38
488 988
1764 1609
716 530
1786 739
1743 712
1071 379
755 616
1914 507
1170 945
1312 353
1880 1023
1460 720
1009 1484
39 1811
551 1151
657 1438
244 764
1892 1469
902 939
106 1673
632 649
1551 202
545 1309
1466 1782
365 1424
315 569
84 1419
242 1605
1898 927
1998 1047
920 313
1357 94
1435 1664
1902 222
821 1208
663 1788
1514 234
358 1423
1170 822
1424 2
541 1520
182 639
1876 1444
1306 1735
829 1613
0 647
690 163
1632 1835
1469 992
1242 595
1735 1858
759 1351
240 1339
197 1963
21 433
768 1227
649 1724
1886 1115
1646 1473
694 1224
1396 1114
1623 1018
1638 21
1863 49
1922 1960
1814 1471
1731 1926
1461 1068
1874 1515
191 15
326 834
812 1887
1348 155
681 765
923 1765
1419 110
585 1151
711 1414
510 1508
1357 27
202 1010
1470 945
1972 1195
153 1486
83 671
243 1179
1907 870
846 1318
418 300
1387 1541
871 1144
1884 1201
1355 189
1519 254
1160 335
721 1038
929 1783
1768 1319
1795 3
68 672
1850 1415
293 1270
651 673
843 95
1322 883
1395 1748
4 790
869 264
1167 20
340 37
78 717
254 13
504 1085
409 204
170 697
1494 1795
42 1461
953 5
1256 1012
299 787
171 175
1680 1966
1887 1050
13 996
324 1758
1257 1676
1301 617
1405 566
1087 644
485 1348
946 1974
1627 1427
94 719
1671 1150
209 439
1075 1865
1234 1314
805 863
962 1835
215 728
206 1160
858 142
1716 309
1687 1646
831 704
1363 617
1038 1713
1546 1370
1344 918
574 1039
1462 346
1300 425
427 1007
1427 1092
1127 1054
575 1764
1587 785
1095 786
1315 782
645 629
129 189
767 915
1098 547
1208 1425
1441 1642
680 221
229 1016
1130 566
1800 340
685 1950
799 1240
343 1173
654 1775
89 1243
832 1861
1825 829
1892 1743
1603 1684
1325 621
284 921
1124 837
67 141
1140 677
224 1312
1524 1601
1083 1424
420 1843
1531 358
1833 1322
1708 734
1576 436
1170 824
794 293
1040 1804
473 1236
1355 850
1539 1846
473 1047
1124 921
1511 1762
1728 53
191 1109
487 1751
1001 1616
240 583
870 1396
854 1673
991 1350
1353 1040
1933 760
1660 902
1022 162
394 1333
1023 857
1987 302
881 1262
1395 1426
1611 681
1935 1188
597 332
90 1821
1807 1292
313 405
62 1341
878 683
1197 854
215 95
1796 827
1088 265
1868 308
949 568
246 1657
1297 1451
1313 1918
335 1057
1763 327
330 1064
132 323
1907 495
74 887
683 1825
1738 1351
1397 1087
1077 116
1870 689
581 207
1125 335
42 622
1942 1152
249 884
275 1570
1386 1047
391 400
773 1721
288 128
35 1660
1385 1770
134 207
1309 991
888 1640
376 1429
1498 1845
1453 1645
871 150
1585 650
777 963
160 1568
1102 1465
966 818
1512 1805
1287 1734
1348 168
1084 1222
1500 936
928 1250
1207 182
1903 1475
1349 1677
1541 943
964 883
255 1304
1245 571
1480 901
376 1360
254 877
808 415
47 1808
440 1506
1853 946
1765 1524
1031 1340
845 1798
210 226
301 680
1 28
1829 593
1301 1909
497 1184
792 206
1403 1546
1945 951
2 931
402 386
1343 1596
544 1654
1588 1466
660 1441
960 930
1117 146
1930 599
546 810
210 1156
1659 707
1939 1130
784 1220
1201 233
293 1635
705 46
509 1479
459 1670
203 403
289 1339
820 1323
1642 790
1150 1460
644 1182
253 1257
1147 1935
1427 1077
557 249
1829 469
536 1497
511 684
216 1366
1290 1202
711 904
1393 220
1575 234
715 1503
730 1875
1109 257
573 1510
1194 708
418 787
1423 1851
216 176
1401 1660
1005 67
1781 690
182 1877
1745 609
666 724
317 494
260 534
412 1024
868 177
1233 1230
772 52
649 1105
1913 570
99 646
1259 488
1066 600
1145 1094
418 1214
1478 298
1531 150
534 1353
440 1400
1238 563
583 877
1417 812
667 1402
777 297
1257 374
1385 1981
391 636
896 385
1656 1294
1122 1488
768 621
339 1735
594 274
1580 712
82 1142
1961 1947
1716 1886
1176 306
808 1221
1049 1341
702 745
777 1865
434 1373
508 1040
765 304
1876 38
702 42
1796 1674
150 1206
718 860
1348 788
163 178
1276 14
386 1151
1525 1293
631 1272
872 475
480 902
979 1895
1237 1671
600 1151
961 882
1475 892
1917 1033
1793 95
47 732
951 554
1100 1671
57 345
992 1660
1813 1640
1806 1226
1914 1050
0 1849
1150 1162
809 329
1261 1969
1127 1153
1713 830
1652 525
1246 1767
558 1317
1687 902
1944 1974
530 1274
1335 171
1201 659
376 1203
1573 427
421 989
1361 1131
121 13
1835 348
1071 295
1000 1263
869 1007
982 656
564 1888
1608 1690
951 685
1311 1127
1629 1708
330 1607
1372 840
1723 184
1838 1734
908 234
835 827
1817 150
1166 1651
1853 208
1928 650
1287 1997
664 1686
311 234
1185 754
526 1741
1153 5
753 1341
969 74
640 1838
55 254
88 103
201 1899
1790 334
987 1108
488 1376
1090 355
5 1135
1883 1893
1126 1060
1688 1971
1556 630
1671 644
1107 157
1060 1767
1681 1698
1119 757
1107 742
1572 1403
56 1464
782 1727
1218 1694
1884 1230
1159 737
584 325
1173 876
1052 1785
1324 104
505 769
1584 1981
329 404
407 500
1205 1834
1296 632
1999 1231
1666 178
1034 1441
1531 458
939 540
1396 1625
1844 198
173 1579
580 500
1096 1992
1450 1028
610 1997
536 981
435 236
1650 1337
266 1724
120 612
1702 1012
44 603
639 1460
1915 1820
533 772
1739 1680
626 1364
904 1080
1689 251
406 1249
1089 318
299 1103
252 1654
991 673
271 484
837 896
1713 1443
864 523
1122 583
1524 1681
959 323
1458 1008
1506 747
167 219
1060 1619
1310 1502
1440 1297
1894 1199
794 1471
1497 923
614 1201
1788 1390
813 179
1698 323
912 1815
779 13
1089 1318
338 1070
748 198
1945 1589
793 985
206 1142
225 110
1682 456
1705 346
778 1234
168 1010
773 1987
1561 311
1299 1842
1155 1489
142 97
131 1806
1095 1884
784 3
907 1921
1432 859
805 218
852 1303
302 366
544 1237
1090 1871
1174 1765
51 1011
2 96
224 1336
1208 1305
797 230
2000 1806
600 37
1069 271
300 1529
132 269
39 1764
1104 1429
870 867
1790 893
322 1179
1851 380
1340 1024
687 1817
206 1759
227 1459
790 793
779 1023
103 1611
778 1417
1036 1050
696 344
1266 1664
883 550
1013 1452
815 1231
1010 1233
1341 1056
193 331
988 1325
966 98
1254 1813
337 838
1490 1926
1118 111
1246 1369
1113 1025
1849 1029
874 831
1141 469
1118 126
1214 1894
1730 1164
1334 1564
757 1951
834 176
1617 1936
967 1399
491 29
1128 1776
621 134
874 130
1891 955
1832 1611
1126 1657
1810 126
868 1169
629 1405
910 1268
70 1030
90 535
400 861
1668 808
1739 418
232 72
1844 1358
71 1655
716 73
1351 930
1558 1533
1792 227
196 1405
758 613
282 348
369 975
1716 1151
1495 1766
1166 412
583 109
1267 1501
406 1212
1901 850
1144 1199
340 750
1969 648
1169 199
1044 1708
1152 234
1603 1608
1338 744
65 1249
331 1482
407 462
1177 1269
1316 1261
834 784
773 1694
1362 1615
1348 1814
397 1725
1823 1969
1400 144
229 866
1403 1883
1472 894
37 1191
432 1467
498 1786
991 1394
988 850
1568 340
1668 436
1645 810
1395 39
498 1384
240 249
241 721
1438 1823
1544 107
733 1617
506 1717
1770 892
1708 1917
1123 943
339 1380
306 1996
1707 842
414 1583
873 481
605 574
713 822
167 203
811 1864
200 954
7 749
1234 1590
1460 1711
833 763
697 1062
1088 376
11 1359
1919 1753
1036 1258
1694 1583
1828 482
1467 1862
1297 851
358 1814
1048 1758
1738 497
1502 834
1649 1940
1035 1907
1706 613
827 1105
1192 92
299 612
912 1194
1376 1565
744 213
1931 896
890 1411
1213 1417
391 980
384 650
1337 563
742 442
696 232
672 1133
1552 1
1592 1885
1998 1294
1662 832
821 1365
432 243
1175 1722
1634 273
749 837
765 1230
1179 391
1897 1266
1525 1627
637 436
1894 1803
1488 1416
1845 865
1898 495
1262 1632
1058 1212
1793 1247
1030 645
1672 1919
746 1413
1719 523
496 67
23 1701
1018 1275
637 118
120 1138
1445 276
1396 1706
781 837
544 1746
1335 1271
689 157
1089 552
837 1014
318 1966
1264 882
1092 421
526 1313
1455 888
1210 884
1150 268
1849 4
1566 125
85 76
1673 1191
831 1227
1852 654
1075 396
872 1469
385 656
1546 858
314 564
1076 981
1566 880
1987 1613
1635 212
1775 383
9 361
1285 759
1727 243
501 1022
1745 1755
1749 1931
400 348
406 823
1620 398
1553 527
525 1129
806 402
828 434
969 1837
1960 409
1511 842
1969 1618
1245 252
26 1583
537 500
1244 1005
1732 1545
851 1415
1732 824
621 1752
420 1428
538 27
1456 1326
1322 1408
1349 1458
1468 63
1863 1007
1838 1221
1784 1680
176 849
1047 275
1210 821
794 1707
366 1123
1480 1570
1732 404
242 1931
523 1995
1215 1947
61 408
891 85
561 501
821 455
1792 363
153 34
1275 1496
595 1458
1426 34
1806 237
1110 1479
1021 1620
1020 973
1693 1193
1482 1645
809 1725
928 1715
1878 1222
1696 1536
1914 1748
1725 412
1255 985
667 1336
1989 1817
1262 910
88 1650
47 419
908 388
1579 644
424 1939
1020 1079
364 676
890 243
1713 1967
396 1014
619 346
801 1697
1161 1206
1172 1154
110 1934
1842 484
1225 1165
1492 179
271 1087
1578 1868
1347 549
1955 63
1166 603
172 1650
1328 507
1059 557
1709 1261
779 960
1877 1955
1828 1104
1866 1471
549 1621
1774 1003
1770 1626
14 406
1099 1926
165 1124
918 1206
1826 716
750 1034
991 643
781 1388
1780 1985
1051 21
624 1230
448 293
1361 1153
1390 1136
470 1147
790 1663
927 105
586 954
1796 1575
550 1161
1767 23
1596 1511
55 1990
1249 1385
259 822
522 423
446 273
1264 919
980 1068
1506 1770
1865 1072
676 1920
1229 921
1469 763
464 1168
91 761
386 1830
768 1340
1141 1563
56 1665
595 249
1251 563
1840 803
1894 1953
1608 677
646 1934
1435 1557
147 490
1729 1903
1415 303
388 1202
594 1217
1751 971
446 1963
490 511
458 1774
1803 846
451 1687
585 1105
1190 1390
1191 861
1248 1715
761 1680
240 1638
1466 1737
1065 368
1482 1753
386 1461
1108 1992
346 1656
281 770
1063 228
255 926
1643 1097
1234 678
123 1889
1007 682
1907 160
484 495
1594 1256
725 54
448 733
508 1853
1072 723
1091 223
1393 749
1779 969
1087 1217
1397 147
1822 1636
1837 1513
130 718
1642 1687
537 1454
888 1127
927 1566
1909 255
1374 1476
1645 1254
700 267
1358 317
1796 1653
1311 1422
900 1815
450 749
246 1711
1592 1956
75 43
549 637
48 324
1149 750
552 649
798 164
1842 1792
149 926
1497 630
64 1312
796 695
1631 1627
798 1444
333 1185
1549 40
1101 1279
868 1810
857 789
467 336
1828 1383
1752 845
1344 1702
1206 1831
78 117
954 1172
1832 1879
1039 1982
1132 1154
208 1998
1391 315
1363 276
1224 204
315 1744
568 964
531 1771
1414 1376
756 646
498 522
1211 442
187 1269
1385 1587
858 1555
1656 188
281 332
931 1860
895 1638
794 196
1536 1228
935 1047
1123 1479
1080 876
274 73
561 564
665 1151
1629 1032
553 1123
1618 424
1652 438
1681 1692
1726 882
872 667
1219 1145
1114 886
1611 630
279 1298
1046 1753
1332 918
377 1231
98 1445
1414 110
1376 972
963 1990
139 1163
1401 283
1214 1817
1012 1948
1083 191
846 59
168 265
371 436
1102 194
1708 1575
738 298
1549 1393
800 1741
380 1574
1479 1598
1140 560
1281 1725
165 1788
1007 331
1259 1042
1433 25
618 1920
985 117
198 1032
1660 1150
1516 288
1804 557
1332 905
1215 1062
1532 1091
1747 242
1999 766
798 1597
119 467
1252 1852
1428 557
1393 1534
594 1813
802 271
1163 1091
491 1395
608 285
1020 575
1579 356
1429 1537
934 230
1230 1277
1415 1268
697 1374
453 1798
85 859
1569 1645
1303 960
1704 211
1323 1374
1130 807
1419 1096
1649 1056
1345 1396
1983 1473
104 1894
1334 1588
769 1359
228 1074
1908 622
1690 559
1456 1059
1931 1006
1967 214
133 1989
1998 771
119 142
992 1607
1143 1890
359 955
1457 1875
1839 1168
1039 276
52 165
843 1398
984 836
217 1169
456 1149
255 1479
110 226
1164 203
1576 1915
1143 915
1616 410
259 387
325 1421
267 641
1874 1154
629 1924
234 1015
1917 554
1595 546
177 1945
1404 1383
1547 1939
861 1393
1961 1329
224 354
795 1981
804 820
140 1917
1817 604
1723 1763
578 907
370 1794
1216 141
1293 514
1635 1524
346 133
700 1744
1286 346
152 1625
302 1654
1254 1540
1745 1500
85 700
1585 1404
1357 151
762 26
929 629
1965 1775
1824 884
1848 1568
1112 812
47 1254
1035 1073
477 1588
426 154
1543 669
1840 498
1878 1212
775 862
1324 75
463 1153
1104 1441
1331 1842
919 976
1922 1909
746 24
1891 267
1612 987
1963 320
169 1274
144 1987
937 1975
440 14
986 805
1232 799
1211 489
1667 1757
876 1650
1522 1469
1519 1922
1784 952
132 1597
1534 1866
1849 56
1196 1061
949 291
932 967
364 167
1267 388
1971 913
518 487
124 1281
1081 834
478 1456
1339 616
1554 1088
390 83
830 242
407 1390
818 1117
914 509
1667 915
1381 820
947 594
1230 1205
496 1047
1249 1909
1446 1616
604 139
358 1879
642 1504
1827 272
859 288
1686 673
1650 1576
1254 1202
313 1357
1406 1297
580 251
1878 1219
442 410
1920 778
1036 1260
1917 920
168 804
40 1827
1731 1670
776 673
1134 1667
1557 69
758 303
365 397
863 1897
1289 1439
1981 951
614 491
1096 1161
668 1943
191 100
1143 768
1278 252
1054 1191
239 1885
1104 671
169 543
1632 1082
1675 719
1768 987
1978 1687
1982 1863
1848 729
555 1447
324 1990
1363 734
83 1305
1915 1276
1736 36
925 1474
772 63
1311 283
17 1236
1243 76
1071 1871
462 51
1238 2000
104 879
711 1038
1152 1992
151 1850
445 758
1525 64
805 1937
109 1117
6 325
148 1431
1882 647
980 1665
37 1077
766 1002
757 973
1026 1914
137 522
740 442
1963 1690
1679 478
774 843
177 831
1732 1819
171 44
870 126
1375 304
429 1288
263 921
1376 680
465 408
1495 1666
1242 1499
906 215
1266 997
497 620
1545 409
1977 1507
1298 1778
150 524
1567 1231
1110 1192
558 814
1411 320
526 1974
950 1256
779 572
772 716
1261 1308
919 1787
709 848
1708 701
812 480
1256 1968
79 1884
605 1290
507 1086
1799 1544
1087 1897
508 62
1269 1433
1152 197
1731 1693
2000 1703
1046 1976
954 377
374 1659
298 241
439 1369
960 1817
1480 986
1274 1866
1998 359
1423 1326
1188 1446
1971 475
702 280
1829 126
1844 975
1936 910
818 1769
135 1581
1567 572
681 953
1013 773
5 1946
232 231
1029 1175
572 1544
1270 545
551 1964
632 1294
1257 1356
273 96
1389 1178
668 582
1210 40
1003 674
1873 231
1236 1563
1114 215
777 692
1863 1898
1300 883
1011 796
1946 1471
890 1961
895 125
682 1970
884 1847
324 1933
1617 440
370 76
181 1872
1318 982
1814 1675
1592 1085
806 541
159 1049
1294 799
693 695
1956 936
861 552
1064 641
266 1335
764 657
1771 856
1306 574
773 495
1137 900
1901 1437
1352 1760
972 370
1535 1641
957 1775
247 1203
1056 748
998 184
1184 950
1976 1564
1085 1061
1654 1840
767 1328
435 1460
1087 1380
349 1967
798 742
1517 1234
1298 1976
1640 575
382 946
584 1386
963 1859
850 1669
753 612
37 1728
487 1970
1315 656
1442 1527
553 1778
662 729
579 612
1294 1805
1125 1390
799 1664
2 910
1339 189
137 155
1311 631
1192 1761
474 1657
1427 302
1386 1389
1121 1586
915 1181
1740 1663
742 1333
1175 988
669 78
129 851
589 1465
1938 1702
1116 1530
1011 1387
1621 1246
937 549
766 1569
363 1539
1488 266
1556 5
112 172
797 595
867 1835
542 543
1240 1880
1378 722
473 1709
901 1874
610 751
895 1214
480 423
364 281
703 645
1855 1447
759 160
1372 1867
781 1967
467 976
930 368
1535 1417
584 445
1888 522
576 1798
700 475
162 598
865 1090
375 857
803 603
1626 639
195 1437
939 796
1150 803
1988 1990
597 1659
408 1898
150 68
1019 894
1865 968
1837 902
88 1256
554 1519
631 52
690 1590
897 1806
1398 1509
445 1259
958 1453
1220 1857
276 1339
1770 1019
1323 1927
351 1156
902 317
442 1073
384 1799
1086 1352
903 224
62 1344
183 1204
1936 254
762 1096
945 1650
1680 500
1974 719
67 329
116 1094
978 800
859 790
1041 761
895 119
1070 290
1918 716
1117 1064
1257 117
956 1929
1899 1122
712 1967
493 1424
720 47
357 1880
85 821
285 1391
1466 49
46 147
1316 400
1444 912
3 765
1443 1339
176 924
43 584
1059 1831
49 1354
1282 895
651 680
907 1227
189 260
460 360
804 1235
919 624
1115 1045
745 1808
1413 700
1336 765
514 713
608 1590
1998 1587
1416 1280
1868 1428
1207 1648
1330 1884
1620 1418
1631 1609
563 45
1545 283
696 1890
850 1941
1208 1823
1487 1514
968 52
1411 1998
1249 1539
368 665
1659 272
787 1170
1611 944
37 203
1679 1761
686 1297
1255 178
466 1337
205 595
625 465
592 1294
1899 1315
434 1960
1366 1178
1800 1389
1883 1303
42 1438
168 910
611 375
1090 902
55 1573
697 1561
1256 733
901 544
832 802
738 1593
1639 1745
1109 706
545 1330
1743 187
12 983
725 1835
154 1870
646 612
1608 1809
555 1455
367 1092
2000 1987
970 228
1023 1056
1780 919
529 1533
1725 1004
1198 1897
1951 1428
266 196
449 2
1964 1499
1456 1266
949 1414
1210 1218
178 1833
634 1061
1961 1977
1500 1743
1375 13
94 449
1513 954
1706 511
949 1151
76 1963
1045 415
1097 963
100 1715
966 1281
1448 1987
330 570
1116 144
1743 1824
1808 759
795 1382
58 1805
531 1803
146 185
862 1384
1685 1576
233 1169
1761 1520
1787 401
1339 239
1686 298
110 1700
1945 730
1611 424
144 746
895 1319
576 1061
519 160
845 339
768 676
598 712
1644 225
515 1681
1113 228
294 537
600 1445
253 310
1951 1054
1487 1473
246 967
1172 506
1998 1680
1053 1375
1558 91
637 906
433 1185
1001 994
1586 1820
1604 205
514 1030
1492 570
1861 697
683 1531
178 520
1263 1404
1809 533
1867 673
873 1457
816 386
617 371
24 280
151 1645
1366 384
912 1804
1195 1115
979 698
1576 856
494 1234
1183 1811
1179 938
913 1614
652 920
9 1637
586 1071
1522 179
1899 519
1434 1191
1648 386
383 1252
1650 1112
1791 1439
707 422
519 870
1090 1764
280 555
1971 1348
771 199
924 396
1692 1715
1204 366
118 1851
1261 1901
958 836
566 862
575 674
1678 546
874 244
1180 688
819 223
741 1251
312 638
1334 1626
1647 1264
1274 1137
1744 1680
168 1797
666 1962
1688 454
19 710
375 152
1591 237
1313 627
695 1119
353 945
633 948
1527 1021
567 896
884 733
324 901
64 101
1023 1264
1172 849
570 270
1837 1697
1109 1814
1958 1663
1202 624
665 492
944 1948
1359 11
1646 1867
1341 1009
1523 1653
108 60
863 707
653 1056
119 361
1720 1645
1246 1279
680 770
1190 1748
938 409
1140 1225
242 643
299 381
1589 573
95 1761
1183 651
395 437
1127 313
1646 141
1398 186
1569 1855
1171 1060
1651 133
187 582
771 799
1957 826
1440 1583
1026 1911
1083 491
1630 906
1479 332
1297 530
828 1416
980 1321
331 412
277 105
1906 1133
368 1091
1869 332
1856 452
939 319
677 278
1537 977
1612 644
1194 1020
1545 1449
321 939
819 499
1981 8
511 277
444 808
1263 745
1758 615
1321 1203
343 1044
575 97
1066 1619
841 954
1014 940
1843 1043
33 1506
1661 1679
956 1120
403 1604
1435 298
1738 2
36 1093
1826 1817
291 82
610 173
661 925
1243 1578
1760 930
1565 1599
1676 257
134 1579
1244 550
1107 949
1116 1420
1970 1671
472 101
1247 837
1921 1596
1045 1235
379 1115
1352 1681
864 399
994 1411
447 1781
712 1210
1362 1235
1486 1967
356 1614
135 602
315 1310
181 1293
1250 1897
1078 778
1015 121
801 302
864 1985
209 1017
1753 858
213 1758
1825 1657
1407 1462
168 1682
380 1237
769 686
26 1848
492 1398
1077 1565
1980 804
1761 393
84 1463
1347 1401
724 62
1889 1505
1021 973
803 1899
400 594
175 1615
1371 472
1431 559
847 1006
34 979
738 652
1626 77
1870 1021
1667 1187
1384 1017
1129 1396
1678 619
613 603
1759 1618
336 1876
1416 1103
1798 1518
224 1049
105 1229
808 1887
1686 1462
310 1697
671 1941
138 682
1176 1719
1740 1091
1909 1918
899 1842
615 281
1400 1420
1368 1483
402 655
192 414
1358 615
985 765
51 1258
419 534
320 1418
577 758
724 642
1197 1920
1867 1796
574 530
458 1586
1762 1069
795 1983
858 1563
1036 403
631 837
1157 58
256 1503
1440 47
1413 176
685 183
1435 490
791 895
1771 663
1104 1818
349 117
443 1113
1006 809
1971 1057
136 1959
132 21
1249 815
355 1454
47 373
1927 189
1201 407
1046 640
72 1184
1399 1496
626 1478
146 904
175 1068
1335 875
1029 103
1680 1633
319 635
1750 616
1317 624
1650 497
1630 1047
995 1009
440 982
517 1250
449 464
414 671
132 594
388 1970
1509 1135
1711 991
388 1785
1116 176
1854 1944
1785 171
1336 425
1242 1027
1374 823
42 1986
614 1054
1531 610
677 104
1197 1500
1080 1215
1647 1143
456 1652
570 53
624 613
513 240
1202 598
1019 608
737 367
1870 1709
1074 1562
865 1863
1347 201
378 1332
77 129
1458 1823
2000 812
771 1782
335 968
92 835
444 22
526 615
1801 1064
1887 286
259 1554
102 1031
430 1716
151 537
1818 962
1872 1445
1778 1883
1646 1278
250 1342
1226 1151
1987 599
1 1863
530 583
1838 794
854 1128
972 48
1967 1019
379 1016
133 1432
187 768
444 1568
287 1410
50 1467
981 1757
70 434
1730 669
1664 148
834 1098
1459 1811
1280 1337
1238 1385
656 489
1348 1460
1721 305
103 1109
1055 1478
7 1272
1326 1725
302 1203
159 481
40 744
66 1245
998 1307
1154 731
896 1991
1452 1608
1895 749
1449 137
1989 1463
1920 1561
1423 987
634 1428
347 140
1561 888
982 116
1639 1273
1383 1146
1136 1455
300 352
456 1455
468 185
432 173
721 1088
530 1855
1623 1323
217 304
1052 1856
1738 82
419 1879
592 571
1004 904
1209 799
958 594
81 639
1977 282
233 1828
794 1452
106 1102
526 1808
784 1817
1786 1053
502 909
419 1550
1693 1995
345 226
695 1655
219 328
1123 1980
1065 1740
1912 1459
1028 524
1713 1821
916 86
878 1
1968 907
231 1804
1949 908
1738 508
918 317
959 217
586 1425
931 1414
261 869
1635 1365
13 142
332 849
882 427
1303 1169
545 1768
1316 1172
1116 647
1090 1023
282 1679
1557 1230
937 1308
1015 1062
1289 1069
1145 1991
317 1723
1379 515
1338 1898
382 1227
1267 1406
1970 700
1489 1239
1179 1520
1157 488
139 1823
1004 1786
358 1068
1425 1392
177 593
1822 1033
711 1978
1085 1147
649 616
1638 1461
542 1905
57 1661
816 262
1937 713
30 515
1604 1737
314 1364
1464 1279
1719 487
355 1248
525 1967
454 248
1520 592
238 362
1583 1642
1677 1511
373 1841
593 1756
1531 1902
1348 958
670 258
1504 1393
593 1923
23 812
1330 1400
1370 246
289 1552
1866 1032
1210 654
1909 1821
382 1674
328 1244
44 1218
1883 1732
254 175
381 921
444 1469
123 631
642 700
1298 338
1360 687
1050 878
696 1588
1343 958
222 1240
1708 775
692 313
380 1415
1346 420
1489 1517
991 189
1889 1927
631 956
604 513
455 99
1228 666
832 914
302 1790
1493 1395
1542 1589
948 1323
572 103
1971 93
521 446
1013 982
1091 1819
1779 676
585 701
223 115
595 1281
375 908
396 1347
671 66
1965 506
149 836
1119 1256
277 474
1564 762
944 1934
1084 927
1146 1728
101 689
68 1503
1486 779
1542 169
1426 28
1652 774
1687 497
148 102
1678 1472
620 522
1389 1536
312 114
1257 1301
383 1652
1796 1435
327 1264
928 540
1619 1613
1967 1481
1061 1697
817 1313
1938 672
1555 1677
1031 1320
1892 768
1283 844
1282 1676
1297 130
889 1203
846 779
1523 37
1074 735
1408 1527
1855 935
710 137
1253 1876
135 288
512 91
1215 1948
471 589
1747 1653
27 739
1065 1130
1028 363
1526 1944
801 716
1937 1138
755 1911
1857 1621
1112 1763
198 289
1599 1809
1742 1000
1872 708
860 1934
1089 678
1590 873
231 585
547 1312
256 1799
1750 377
1320 1508
1864 1593
1323 29
1014 1735
972 730
1441 1149
1584 1052
39 1872
1975 310
409 1830
1587 730
1432 165
1925 521
1037 1317
595 1715
506 1171
1264 1764
281 1894
408 1641
124 233
608 1531
434 1190
172 1893
1681 360
1406 1718
1730 932
1483 1711
662 238
596 1330
1606 1329
312 161
662 175
1672 508
1552 834
12 1709
944 1998
1559 1871
642 981
512 119
132 84
944 1654
1899 1295
937 1770
668 504
385 88
635 415
1274 336
850 1777
1580 892
1728 1598
100 1248
247 1102
802 1788
1747 1602
254 1474
1083 788
18 969
118 1208
1200 1894
1390 1068
1267 1749
1558 1227
1256 233
1965 26
1064 1569
1758 3
1273 1399
1855 1533
1177 1122
25 665
318 688
689 114
845 810
934 181
1548 369
1523 788
1116 1300
379 521
1727 785
683 1355
1983 913
1614 530
1291 750
1853 834
476 466
50 1015
731 382
1181 1200
474 798
754 1613
370 1861
409 1411
1471 1166
488 397
1724 547
1517 1619
1452 1278
1022 783
1144 1867
1473 296
808 69
740 208
1179 853
780 702
76 538
246 334
19 813
1413 445
1881 1052
1245 1426
1826 515
1250 1314
344 1143
206 609
777 162
1827 1216
139 1896
1786 1099
976 1953
12 1301
337 1531
346 1072
226 1580
1804 99
1389 1080
99 204
1022 784
1790 245
1663 91
1339 1391
625 1273
440 398
1525 428
285 342
1387 968
1279 469
745 1846
1470 1000
1206 399
397 1616
1804 470
22 1462
712 522
93 500
106 1581
310 1661
360 1853
1422 1020
667 655
1497 1548
1216 1415
1694 3
627 606
959 965
924 512
13 241
694 1261
775 993
854 1866
99 1266
997 864
334 348
884 806
1989 175
964 521
704 52
1792 1263
694 951
983 1146
1135 139
1054 1717
786 162
1620 157
9 1026
369 1503
793 1874
1630 1143
1190 708
591 174
897 1704
131 852
49 85
1867 1660
1460 1396
1298 428
1752 999
128 1356
271 260
558 874
45 687
1415 1452
1808 1805
1043 623
352 913
1895 1767
1881 1905
1110 461
145 1327
1214 1411
1636 1418
583 556
442 893
1905 1296
954 1415
630 1796
628 549
1814 1070
714 757
113 53
220 786
1470 1761
545 985
452 1352
841 1451
884 1350
1302 647
1130 794
292 1318
621 741
1819 82
1904 28
333 1260
1883 70
146 229
404 828
1015 271
49 1593
79 1437
414 1004
594 1364
1151 394
61 454
817 1053
1605 1509
443 1044
275 154
558 161
1510 1199
2 907
496 1053
90 1508
908 172
516 980
79 1764
563 934
267 1340
1355 1639
1815 550
1486 742
208 151
1677 1159
1038 1445
784 1984
1959 1688
447 38
875 709
929 1561
1947 1562
1928 233
1503 689
4 809
1594 1679
1229 1131
152 747
1988 514
87 1036
1710 983
659 339
1444 109
984 239
1876 495
663 401
1249 353
1050 657
1896 1424
1004 1262
1174 284
917 1028
1440 1168
775 104
937 730
1249 917
1742 600
927 750
1635 607
1760 1378
1520 528
926 779
1431 710
1170 418
1850 612
796 655
147 1999
660 165
746 186
690 319
5 1046
1668 931
325 126
774 688
1036 1772
1692 1970
1624 350
754 1781
1615 29
1854 221
907 1854
1267 678
1846 1387
93 845
1620 1143
1196 68
198 499
767 1125
1817 607
842 1029
1342 516
842 1921
86 1273
1746 1461
1268 1364
595 660
1978 894
1009 526
630 1649
653 1947
809 832
515 1589
865 1984
1579 989
202 1861
925 1088
344 758
935 1456
628 772
1575 1922
1798 534
332 1967
1516 1582
1709 1798
1544 1438
41 538
1657 350
1660 388
994 594
161 1990
712 1381
689 696
1709 1767
762 1415
1513 1856
1020 508
1797 841
160 476
745 941
53 7
1276 222
408 761
961 1465
1194 374
1283 1396
1389 1821
1961 1899
1857 197
1160 1118
1647 1139
150 575
351 114
1089 1208
1246 32
623 976
1834 514
1896 43
596 1243
3 1387
560 991
767 522
1731 830
1679 1885
1925 1477
1647 1348
1735 1646
377 1370
1960 1063
177 444
1946 1581
561 1346
338 280
1837 118
1104 322
1204 367
730 520
968 567
1544 781
1674 735
927 1963
1847 325
447 342
354 427
1735 1966
887 1631
1080 1928
848 909
899 1544
1644 1098
1516 93
251 120
275 504
1104 748
1630 1976
1360 1946
1878 664
1827 1668
1471 1360
499 342
576 708
1385 1420
480 139
504 854
404 799
764 25
560 652
1738 1799
1997 1418
1871 1542
1659 1799
434 1168
1711 1336
1305 1334
1325 1722
1471 857
104 268
722 139
1434 590
950 342
1358 938
564 548
830 971
1586 1374
466 1833
1766 1924
1747 1701
702 1670
1990 1940
1780 71
46 532
1270 1136
1046 396
1693 1891
954 1742
620 1344
440 185
1748 1989
1132 1108
518 552
306 1754
936 1679
861 950
1557 1361
1922 74
1339 557
1581 1755
1350 320
907 966
1309 1672
1047 1678
428 1557
220 1300
479 600
120 148
105 225
1647 115
1877 1060
710 1819
479 964
580 471
678 833
484 1414
1333 601
207 1752
777 1316
1509 24
494 910
440 709
1522 531
1472 212
1611 949
417 418
538 601
1546 505
1961 1060
272 95
1300 454
1032 683
1725 868
308 127
1086 433
1635 273
1227 1976
497 1166
1769 1891
613 369
31 1677
1936 890
1771 1282
746 187
504 1065
1611 806
1067 1490
1339 560
1727 216
454 223
942 297
421 1778
184 1317
782 1810
1368 483
1077 1997
1609 656
215 1405
200 841
1119 1712
185 939
1200 1395
1605 1876
29 1518
717 1834
930 1591
1122 732
1592 466
1446 278
38 147
1630 214
726 277
1802 1286
161 1343
1614 1287
1266 883
1456 94
1170 1458
128 1573
1896 219
1884 1768
207 1408
569 888
218 1845
390 707
377 698
1274 105
810 1556
516 778
1727 66
436 1651
1050 1249
1245 509
1694 319
463 1526
149 1518
1857 356
784 1438
136 704
1767 960
1452 443
879 570
1442 853
1668 1944
1458 1686
1656 1005
1422 1401
996 50
27 198
314 185
551 1156
1339 131
1496 1024
1083 80
1842 1141
535 1813
1070 1269
1370 677
1885 540
1779 82
608 330
877 1537
86 295
1191 1915
123 901
1158 503
852 1883
564 1218
859 1287
495 1579
1922 1439
82 1326
1482 857
1032 629
227 788
221 519
1383 1148
704 838
493 576
767 1882
768 532
1988 336
356 658
1210 1365
1504 1746
673 584
785 1194
156 762
1006 1294
1407 1344
92 82
895 1186
514 412
440 934
1862 1485
1924 499
712 1544
970 178
268 1056
1156 189
794 1886
1680 919
169 1944
1491 1780
834 1898
532 1634
29 631
1222 1720
1437 922
737 1674
1783 1999
673 17
1811 1000
1949 980
314 788
899 1589
724 1244
1877 161
498 297
544 1486
399 1640
411 1980
1279 1412
272 1314
1379 654
132 1253
855 1658
783 1693
1726 1853
1887 1352
1964 1924
42 1662
1745 1863
1693 3
1622 1113
13 1334
1555 1234
888 1085
1466 1485
1486 953
1590 73
321 1820
858 1103
1330 903
47 801
1193 1359
135 333
1823 426
1592 710
1165 1153
1456 1288
1678 1417
51 829
1309 1857
914 1049
1788 1508
683 127
1954 1842
633 1608
529 1259
1709 98
3 421
551 414
1432 1468
1974 305
1589 244
1352 1340
1308 1022
45 604
1296 1174
416 1572
933 692
853 1896
1767 465
1026 990
215 1943
719 450
284 343
834 1871
1498 1553
937 1994
410 1215
1202 858
1922 1637
305 1885
76 1633
931 1727
1930 1561
1331 1270
1234 1748
1275 1731
1107 783
1075 1569
1633 1752
1899 1713
290 425
696 1176
269 1171
644 540
868 317
1836 1240
1307 761
1346 233
473 1301
1856 299
1931 1956
967 1816
1259 198
145 1652
625 445
1091 791
1906 236
1963 1513
1120 1734
202 1851
1791 1669
1542 1663
1344 1791
371 503
1804 1927
222 323
1349 1487
674 44
1552 1826
153 338
923 453
454 1380
751 1108
1787 1802
515 1212
1764 816
1791 988
166 1913
275 284
1867 263
1953 998
294 680
374 1951
1430 848
1638 238
125 65
467 963
1452 885
1373 394
1270 767
1346 499
995 293
738 1627
1774 1824
18 487
765 585
1724 354
1665 77
1546 1590
1511 877
1335 599
573 1426
682 502
1315 845
211 1712
376 1638
1578 1016
965 1266
479 220
1457 1832
1609 1368
631 327
1216 762
976 1788
964 485
1973 1900
246 1260
1574 1340
1605 463
1212 690
83 470
1416 1757
37 1419
1296 1370
698 1475
757 112
673 1767
1092 1428
1463 1461
40 1193
1280 475
682 976
1591 719
1228 795
1875 1449
233 439
495 1633
1478 52
1388 782
1622 1161
1894 392
891 1337
907 525
1400 754
1979 476
512 428
1833 706
1058 1864
944 1026
1782 521
222 1631
1761 240
1383 14
403 1005
1641 967
1502 375
1849 1923
166 960
654 744
851 1523
1613 765
1691 1301
1079 1389
1587 1565
1141 1062
1344 940
360 242
648 1166
28 1337
1958 904
513 1500
1770 1810
331 804
1439 1664
1619 239
1750 222
1447 1733
534 927
694 209
580 696
855 16
395 1016
882 1093
586 1110
666 1558
479 674
1410 182
1263 1049
583 908
676 659
30 148
587 529
257 1110
1240 1732
588 471
1603 130
450 129
1421 1137
1495 1423
729 264
1141 909
251 1852
564 639
954 425
1350 1650
1165 1874
847 1529
1295 1437
1405 357
1601 73
571 1185
1643 1228
316 1342
626 1581
463 1234
15 902
385 914
1522 1254
879 1694
810 1504
1066 1309
666 309
1363 661
249 823
395 1502
1250 705
314 1609
1587 677
1606 1576
487 15
1051 1383
1906 547
1740 1754
1028 1091
1598 264
864 700
340 305
1187 1388
1653 747
1894 1415
1527 1611
1375 244
1974 79
943 1277
1386 971
563 1112
1177 157
1739 14
1620 968
1789 250
351 351
787 1860
1365 186
897 1780
1217 724
1714 740
1293 1127
1918 664
1628 1985
58 1382
1938 842
1386 488
1536 32
1496 560
910 271
497 261
1448 1853
1610 222
2 335
1239 836
1669 1489
1906 1419
846 709
784 887
1646 33
1028 558
24 442
1293 392
1922 1586
363 1555
1506 539
1288 737
1603 1841
712 42
780 838
1396 59
1424 714
83 378
1364 91
527 1784
1405 287
1333 1613
240 655
446 1402
1179 1755
1133 420
1329 542
60 1825
627 807
321 523
1268 275
569 1054
939 858
239 136
1408 186
1114 358
635 1268
1203 1103
349 568
1716 1091
231 1348
23 1007
695 1882
942 1287
1121 1916
1118 1068
843 1333
1823 779
1180 1986
99 127
600 887
1078 1519
919 1333
1983 638
584 821
1217 1206
1273 610
1650 6
190 1088
1149 1490
1945 1322
1144 927
1460 693
511 260
1260 398
1671 1830
623 238
1529 1141
473 107
173 1420
147 669
815 1138
1117 84
248 560
1589 1846
1814 1802
1479 1873
91 417
512 1112
1514 100
6 1366
285 1870
1939 1407
1513 1839
1319 1400
820 1983
389 1586
1656 1118
1314 1496
979 1884
1511 1523
891 1534
504 1757
1071 314
1793 1630
1646 1291
1186 1241
710 360
1498 1622
1055 840
1895 417
1453 105
353 1775
1085 1153
1267 1647
136 1020
224 893
874 450
844 142
1122 1840
117 422
417 517
1127 1508
1673 627
959 441
1412 1059
244 1312
1376 1666
1378 902
1668 102
774 982
1729 855
178 113
555 64
491 818
216 980
54 1473
542 1478
1639 1943
907 1949
1786 1440
1590 260
992 1792
1655 1649
857 1510
913 1198
303 92
191 286
1009 771
1026 1090
526 544
1779 1398
1085 1681
179 1165
952 126
1489 569
1657 321
1171 141
1158 116
524 682
1837 1163
1643 1694
1827 815
1294 591
1266 24
520 1515
163 1863
807 1544
498 1913
845 1197
997 991
429 1032
432 165
1746 483
357 253
1506 567
142 94
942 1662
596 900
852 137
1033 215
157 1983
89 1900
1740 1337
313 967
1471 278
111 1314
473 690
927 966
804 1427
1620 1396
46 425
1634 1222
1259 387
882 2000
1656 1719
645 1382
175 971
1168 1676
1062 618
503 19
161 1103
1323 85
185 1535
1887 1954
1784 1956
1416 1696
304 1351
1186 1107
914 1253
372 1133
1223 1972
1936 1375
324 764
453 606
799 1915
1284 1306
1829 265
969 1068
1919 1651
1264 735
1336 605
1836 585
1765 1446
999 1335
1442 1246
1006 114
266 1139
96 1361
878 811
559 830
665 258
295 1647
396 72
234 1498
1942 639
251 1670
356 144
205 1885
803 127
1646 1718
962 438
177 928
659 159
95 769
1161 786
1761 1944
1813 364
1261 611
272 1488
1385 1398
1252 1734
1358 646
1534 481
775 1674
1900 576
1001 211
1863 53
107 705
115 1268
1185 1985
1237 285
395 1133
1698 638
1114 1594
358 1748
347 1426
1981 652
816 1995
1657 905
149 1499
1059 560
941 1405
458 594
1399 1273
14 1393
267 53
0 1796
273 1603
1224 1247
1176 671
1553 1497
219 42
1508 1165
1636 1066
1538 1559
1923 1579
1436 616
1685 898
575 1520
357 1815
1371 536
370 1200
929 753
831 868
596 665
672 478
1426 527
1755 1586
1719 89
1936 1156
511 906
1490 923
288 1503
1786 867
366 708
1182 1010
1334 802
1132 1565
1525 1574
1939 1184
1394 653
1041 246
1811 53
538 515
1701 464
1471 1621
901 376
1335 279
293 504
770 1901
739 1988
861 674
360 210
440 1295
1280 1475
1669 549
1850 1102
931 158
622 83
48 971
136 1572
392 813
1957 1973
571 1099
523 94
601 638
1141 967
106 1118
1318 1896
1807 418
314 1532
936 133
494 1605
859 1880
1384 435
111 1048
584 1002
1238 529
1875 190
1577 631
1882 1227
821 1587
1346 317
1438 825
1018 887
1065 58
1715 1013
1173 807
1862 1047
1726 1937
133 1467
1509 1946
1956 1321
1635 194
785 953
1298 1687
1445 1416
1063 349
1262 1734
1274 1779
289 1678
1781 1067
533 1287
1018 544
1937 1400
40 94
130 369
891 1951
1645 1181
1621 1020
39 1572
769 980
1803 988
914 1921
1579 157
881 1231
1926 736
629 1109
311 1587
420 771
1028 91
205 794
997 707
14 83
1405 267
916 143
1570 1906
801 553
738 1276
1933 86
814 239
1695 67
1719 1180
639 258
1845 861
612 1455
507 450
696 258
1504 1096
1048 224
1436 376
509 725
1263 787
1046 39
1450 1092
743 281
1154 684
1187 610
430 279
1516 699
1851 1995
1041 793
1989 348
442 732
45 34
1841 1446
1366 778
1798 453
1013 1601
365 805
1473 1765
1088 1117
18 542
1509 1375
1516 1532
30 723
1407 254
1310 1495
473 1042
856 935
1582 1403
639 1606
990 1332
783 954
1329 1365
1220 495
1530 731
506 1817
391 1536
1582 965
1442 723
1988 863
1071 493
864 1476
558 66
712 1095
1740 1295
383 1817
398 1038
120 1102
1021 1498
1579 319
1813 1227
1607 1370
322 1015
1235 1363
965 1767
418 1616
1921 372
984 797
50 642
1377 676
1404 1270
251 1171
1644 385
1721 1474
1451 90
1567 752
1641 1814
1588 1168
434 403
1352 767
1113 987
720 1294
1641 1235
329 372
256 1686
1413 1732
763 1611
1912 746
678 223
1242 1434
1670 987
1416 308
1937 571
1565 1835
1668 292
558 816
711 890
124 1221
1811 1572
909 294
1470 151
993 188
383 1785
485 631
137 141
278 596
1289 1658
1089 930
1333 643
486 1788
1638 1488
700 1114
1207 854
1299 868
1684 1303
355 949
1280 1779
19 1167
1030 371
150 1088
1605 1595
242 839
492 111
2000 341
1979 1640
1417 1802
1268 1936
1997 110
1953 1509
1483 891
158 517
1405 1034
364 1064
189 785
1969 1711
595 820
60 683
1372 659
1184 1950
480 1455
1037 1646
639 127
753 1385
1515 1283
1358 471
620 1214
1821 1903
153 514
1509 996
1551 603
1006 425
369 267
1190 1287
619 1875
85 1052
1378 1354
1351 1724
1736 689
1337 948
1049 1843
1538 469
1724 1934
1267 1688
194 79
933 450
1596 859
864 254
1531 1664
1424 1368
1929 497
1848 110
625 1120
1013 989
1041 1868
1525 328
1157 128
238 1430
1891 1866
25 325
31 1719
1224 357
1342 1655
421 1071
1196 320
362 1597
1264 34
481 1020
1446 770
817 526
1582 1601
971 310
1543 1746
1453 295
7 1318
1563 136
1274 1819
1820 764
966 848
247 819
858 1449
952 672
1919 287
171 1750
616 1030
1325 488
605 1675
111 227
178 607
1856 1737
1631 972
1851 1729
997 995
1962 1402
950 1480
1609 1600
919 503
408 272
204 487
751 1624
1048 747
1482 233
622 1080
1655 1846
1584 422
96 988
719 410
163 1423
1870 793
1357 1802
1095 1211
1354 227
306 534
1602 767
1491 404
1277 1572
1816 912
529 1712
988 934
1556 370
1043 1808
525 638
1499 734
1315 691
1588 1227
318 921
289 1685
822 784
1874 1964
249 239
1200 1366
138 1713
241 770
1705 936
570 1545
904 550
704 1441
336 1936
508 1712
1780 1915
1035 1067
200 643
535 1487
1975 1915
830 623
1559 821
465 95
1133 589
21 1887
348 1141
258 1188
1980 1010
150 1122
804 1502
1666 191
1726 1643
1489 287
393 312
676 596
1582 727
1731 1904
1770 840
622 1000
242 1885
539 1912
635 1418
1430 883
1367 588
1495 1693
1613 1782
1752 1551
266 930
1954 1342
740 1183
382 1998
823 203
1610 652
1605 478
515 437
1353 1880
1543 867
322 449
1930 1866
1668 1506
1904 1001
775 654
1063 1496
671 1990
1543 949
1640 55
1023 355
645 1579
1378 900
1682 495
786 1703
1418 1677
213 433
467 316
1260 1520
1048 564
144 345
424 1102
1459 1875
580 1702
22 133
559 1182
400 1259
555 1528
1925 1336
1924 1914
1191 883
876 93
1827 1979
1421 1900
1229 205
581 687
821 871
3 218
165 82
533 1331
349 1162
1031 401
478 355
432 1822
1804 1095
888 537
413 1170
465 812
389 56
1634 354
1660 1162
473 264
417 630
981 1528
1638 27
654 794
1543 53
1213 1647
597 1472
1205 1983
538 183
1135 796
1069 1620
646 1826
184 949
1538 855
1868 248
1950 1892
72 1558
1010 831
1188 1769
923 1998
414 1135
1490 1455
804 1136
556 563
1531 1332
1961 1927
829 217
865 578
951 1572
1172 252
1246 472
740 1142
1264 326
355 1349
343 1199
1713 1692
1720 1820
479 1578
1339 1644
1233 165
1517 1084
1230 1652
1943 754
1904 1708
1933 184
1260 654
1843 204
941 316
354 1920
1688 251
1829 665
1040 1655
1135 1600
1041 1275
903 867
8 133
1001 1209
374 1832
1466 786
36 528
187 1673
1958 1739
1699 1021
860 710
1295 1489
1108 20
1940 1629
1132 892
792 1846
1295 891
227 192
1937 614
659 853
320 765
1024 1973
912 965
1908 1667
314 286
77 958
716 1773
1101 1613
1964 1131
818 179
557 390
879 71
1719 1164
1461 792
1098 1446
29 618
1806 1209
510 284
197 1804
294 1138
339 153
1176 1298
1562 1484
1912 1865
756 1863
570 931
1311 1809
843 1191
1721 1867
1565 1568
1421 617
1499 895
1340 1996
1925 863
130 254
1716 557
1556 59
987 1226
303 1853
1650 628
888 1819
269 1575
1282 1035
1937 1437
250 8
620 1296
1207 1699
87 34
1720 1909
642 128
943 539
455 1776
1389 681
1099 1269
588 1169
404 220
1048 247
635 272
13 1698
1535 205
1634 1040
447 451
145 843
1324 1526
1726 1719
252 791
641 560
952 503
187 876
1132 1638
1886 807
564 826
1436 1342
249 1009
1322 1721
1869 1379
1855 1815
1473 793
1548 554
245 1847
917 1442
578 650
310 1546
42 1195
1218 1339
1051 464
27 207
175 1773
1934 70
1488 1836
1725 634
1623 276
876 1855
776 1110
637 1290
1630 1590
876 845
528 1682
986 1947
538 925
1977 542
494 711
196 820
1556 263
934 1660
1210 173
723 1002
626 1126
1130 1354
1933 1300
1976 600
629 55
1579 881
210 458
440 1315
244 600
1773 865
1343 384
1424 1157
1605 609
462 1269
1342 876
1545 1853
956 163
131 716
1567 1335
535 448
1544 183
918 1780
1105 1958
419 1793
560 1613
1131 1439
904 315
1818 284
951 92
1272 408
1395 1708
864 1883
435 817
1276 1033
339 775
69 249
1305 794
1171 1686
1153 1270
1188 1081
1023 296
610 1193
308 1641
891 1865
233 1662
906 20
1855 1456
753 1804
1892 244
1469 774
633 1446
1940 1557
1296 1687
1577 276
1439 1426
622 1920
810 1809
1264 327
1821 153
304 550
1560 288
592 759
408 1012
239 1397
1541 1579
1973 656
1226 423
813 1948
747 1430
78 756
365 757
1402 660
980 440
54 700
247 1892
1915 211
1893 672
1675 851
1476 318
1572 1440
1537 876
306 1195
809 116
1047 817
995 993
1037 670
1530 1511
1808 1045
182 219
255 1344
1919 1362
1911 837
1969 1153
1078 1124
1053 1373
1847 1424
1588 1140
550 1806
986 752
694 437
267 327
602 508
461 1606
1933 1793
1431 1183
643 72
687 48
574 1503
1742 1864
910 842
1077 1399
1696 254
812 327
1008 582
915 1071
474 1937
1950 1916
1456 1579
98 1024
55 1554
729 1293
1859 1502
996 639
819 1027
1306 551
322 349
561 1175
405 772
27 212
1921 1241
1009 762
1679 631
1883 1264
888 835
100 128
449 1384
1671 231
1974 55
419 768
1899 1179
525 288
1410 759
243 425
1445 1943
1240 367
1088 819
1851 1523
185 1978
1540 1702
1 675
102 1994
1478 1247
1671 409
340 874
1103 1012
662 1934
238 1103
82 1390
1402 1759
1014 287
1954 51
1840 551
1339 1349
1853 1138
717 1799
481 1334
1405 948
1026 1467
1886 387
1125 128
1080 357
1474 180
1236 1115
342 1917
162 1797
450 38
1339 756
1165 490
1501 1139
1774 1089
1837 660
1530 4
1518 1720
169 607
1692 669
1724 225
894 52
352 1352
72 1303
584 621
1125 1114
1217 218
589 1851
1048 71
194 1840
278 1884
110 1822
1845 1727
2 1180
1730 476
847 1323
381 1769
152 600
1169 469
580 1239
359 142
1455 813
1225 1723
738 1071
490 1182
1583 1776
1342 1595
1465 509
1649 1892
935 940
872 1462
978 263
508 1737
1775 1505
1381 496
1176 1919
1053 61
1999 126
1980 1565
1969 1395
1559 1582
1579 1452
195 1523
693 1716
1645 621
819 1410
1802 1483
1904 113
1467 1032
471 306
157 1276
326 769
1299 912
1708 280
587 754
1163 1717
1918 1767
100 211
523 1302
293 54
643 1773
1882 1406
1123 1825
1203 1025
78 1049
217 14
894 1267
830 1425
159 1752
362 1744
837 459
1702 1437
1572 229
1596 1595
858 330
13 1236
1539 67
203 973
963 203
555 684
1198 1390
406 1041
1475 687
1142 1240
115 687
596 72
1665 130
75 1075
804 1783
393 545
1636 269
1386 1394
104 1909
1362 1575
1018 1765
1406 1518
347 706
788 133
706 1342
1249 1839
1145 332
935 1670
795 270
16 1256
168 1119
1320 76
1179 316
745 269
91 654
1540 1363
1488 1799
1568 1104
1091 1857
674 98
367 990
401 137
1083 471
453 1397
1125 198
1837 673
948 699
1977 1473
1207 395
730 298
1245 1128
1744 1160
735 1079
496 1935
838 66
1333 184
742 1957
986 14
1837 1932
234 1945
1210 439
1698 1641
1948 782
970 1763
1836 397
1760 1217
869 46
829 1468
38 1391
524 681
1023 765
1020 1126
877 774
635 882
730 952
771 1577
604 261
629 717
1906 1895
1808 562
1839 491
1765 1781
619 1058
103 321
733 1841
367 150
1674 1644
1896 1471
558 497
510 138
48 1171
1193 974
121 624
987 1134
768 1391
1029 1420
1508 1053
1606 1168
1431 74
1530 215
1101 8
146 1550
1081 1952
1084 824
773 435
529 1228
474 1265
886 1759
1095 1116
565 1049
1696 1561
1747 1738
1862 227
836 662
1827 1205
1908 1381
1964 1689
1864 1185
540 358
858 1061
1531 1045
1010 758
126 689
1309 784
1473 1804
445 32
608 1537
1966 905
1335 1147
1106 358
1907 1676
345 405
816 1278
650 1188
416 577
1827 1473
993 804
1966 1647
1489 1568
1952 1814
1774 391
874 6
954 845
1234 74
1627 783
51 1445
906 1283
1273 1311
1513 23
915 1735
135 436
1532 155
1893 525
541 607
475 50
154 1136
330 516
835 1433
1775 1707
155 1995
448 1389
646 945
600 1031
382 1660
1077 160
1141 1489
1913 725
1858 103
1315 855
948 1100
1412 1935
1245 719
1235 1174
1600 773
1343 972
1864 321
707 66
271 926
1908 940
885 1962
1526 1369
520 1644
1830 1675
1612 1780
788 1649
976 334
871 418
339 249
1053 871
1371 315
417 767
1779 899
201 1648
244 660
756 626
263 794
1674 1793
871 796
1306 237
856 610
1759 1312
892 20
125 104
454 1516
1881 339
262 1675
161 1302
1039 294
1100 894
1219 982
1361 424
1997 1654
643 1126
950 1231
1752 594
738 624
1990 16
419 1330
1089 429
777 1252
1288 645
132 1428
1859 936
945 1493
1044 1095
694 326
725 734
675 371
1852 838
1210 521
1696 1014
1987 1557
1104 804
1227 528
645 1314
1257 802
1307 1510
731 1101
826 1838
1825 888
1424 1474
1586 316
766 295
213 1208
365 1478
1394 827
1215 1084
840 1602
1197 307
1714 622
1514 1471
1101 1394
227 1117
433 1583
1959 289
741 1862
334 1708
1901 279
640 432
509 1743
1255 577
870 413
1258 1229
1777 505
320 1927
1414 715
1699 297
76 1397
198 1880
1432 227
778 1193
295 1753
799 1632
144 1735
1296 585
1348 1658
210 305
1371 184
953 209
1972 1856
853 1304
948 500
1329 64
979 312
780 417
1666 568
1043 1930
861 830
1078 473
1316 1305
1669 1000
1653 489
405 1335
1113 1480
1798 1653
1692 641
75 524
2000 100
1723 1647
1168 348
737 726
404 382
1804 1843
240 1225
230 1995
583 1689
131 113
1847 1799
1006 777
1436 1981
1540 1336
1694 1876
1145 57
938 1706
1759 1989
395 1535
300 1331
888 662
1123 559
1369 1274
1408 1469
56 1589
698 330
622 1534
260 79
552 565
1404 542
992 853
1054 109
905 959
1183 1758
1461 1427
1044 160
168 1300
1479 418
1505 1947
1678 1420
1386 870
1915 698
1137 1381
211 1147
263 180
885 581
1854 359
980 1370
76 609
1082 1063
1044 1420
1132 10
696 709
1809 1599
791 1743
747 594
661 581
1503 466
1949 1983
1128 1871
917 1510
1974 928
1131 1637
1768 1246
305 1212
164 1114
455 297
1749 952
87 255
779 1572
580 970
483 1151
933 940
788 199
130 634
588 435
754 35
1198 1521
347 76
1307 1005
607 196
1364 216
1651 844
916 1879
607 1772
1960 64
391 1448
537 1456
1708 152
1666 935
56 294
1564 569
1356 266
616 1598
570 981
898 1129
979 1626
453 784
682 527
1778 352
1501 1572
691 881
1903 96
1932 426
1894 1938
282 1505
1799 662
873 94
1262 1748
1965 1266
1764 397
840 462
539 1108
240 78
1892 325
1352 188
1480 1792
1051 1953
1561 1939
1287 900
460 1772
672 453
1248 1085
1197 498
1299 1945
1331 447
1237 1050
1955 179
456 1744
1089 967
1717 1503
80 826
972 61
1052 50
1368 942
749 789
347 935
150 936
1099 1151
224 400
309 1121
1105 292
1365 1022
1810 1185
1679 628
978 567
244 762
990 1381
383 769
248 726
1300 1278
1429 24
867 1004
1356 420
1369 1351
937 123
1698 1818
1055 84
64 1867
1448 1061
444 1068
1248 1380
1219 894
270 1696
977 1633
1953 1600
1717 841
1444 488
1769 577
946 145
1067 836
1577 704
522 1255
1597 1120
1205 415
1892 1820
1476 1635
433 1607
47 214
853 356
1559 397
266 1082
1206 967
1878 113
131 785
1363 456
1775 1774
304 300
285 0
1246 217
772 284
335 1176
103 1653
1482 463
925 926
846 1036
44 945
1582 1108
194 1521
1811 1145
1132 1397
31 1932
209 1701
871 1547
1355 1402
1793 927
1388 89
904 973
42 1643
1660 968
1271 1852
1100 972
1928 1334
1843 1810
1717 515
1001 1711
277 1740
1784 980
1566 1986
1234 799
108 1961
1490 487
834 1130
1518 1301
967 1806
6 1731
837 1863
43 1306
796 1229
1378 1174
1299 252
605 340
1491 1174
1251 1046
1040 984
735 573
1865 1718
1608 1251
1630 1872
1273 1619
715 1041
770 1989
653 417
1385 1179
1015 1716
621 1979
1152 1897
1348 1798
490 749
1045 1558
1205 1248
1889 1492
743 597
1950 1941
610 541
586 1949
550 785
1907 625
264 960
341 225
1480 835
150 13
1940 830
763 1831
741 1094
1462 1219
1008 758
981 1911
1179 191
969 1697
1108 1469
149 1241
1375 1151
1543 1945
1459 215
175 538
335 1882
90 1407
1608 1851
777 1537
1411 1420
779 1446
76 1717
1237 932
605 1987
1070 541
675 1743
1456 1033
1110 1000
981 973
684 1655
1198 480
58 655
1305 40
1126 294
1738 1528
1512 1959
1989 1376
630 1467
925 1202
1253 1725
1703 1284
919 1166
961 655
220 137
966 1955
999 884
765 1367
20 968
1100 1874
660 1568
34 1400
1275 347
1335 1386
810 1048
1502 1188
874 132
223 1979
1872 1086
1090 1939
443 762
917 282
521 377
1657 1107
975 362
802 595
236 1021
177 1230
95 1088
122 1970
1617 1084
1678 267
1056 1640
1933 1742
548 1133
269 301
1762 484
183 1273
676 1573
650 563
1181 687
1623 836
63 454
1178 1890
386 47
1005 377
170 1137
195 1178
1649 429
839 406
530 1983
819 621
518 1066
1759 246
1011 716
1971 55
1032 1470
564 508
962 42
1492 353
64 1728
1025 690
1986 1767
1240 1182
1273 1799
1327 514
258 692
828 515
60 274
1471 1479
1832 401
1048 1708
334 494
399 1728
1028 1958
257 1708
1811 884
1182 189
1786 680
805 541
1077 763
728 788
164 922
23 1104
738 1111
459 1196
1997 1533
847 1749
138 122
1066 311
1159 215
443 865
733 1220
1523 614
1858 1742
1378 136
644 1621
1649 1189
980 514
802 1794
703 81
581 584
870 1059
1777 1559
102 836
296 288
536 572
1549 1988
825 1645
1091 255
1032 198
6 540
484 1648
1794 1541
210 1486
1529 343
1468 1576
769 474
175 1707
904 402
735 1943
1985 1461
180 242
1363 1263
1223 1798
119 236
634 1429
362 1162
1830 766
659 1233
1166 691
1609 1084
1934 1052
1019 467
438 1042
379 1349
1447 1218
996 294
24 1698
194 1346
1639 1242
647 82
599 1840
1380 1813
301 777
570 982
1485 1841
1554 1570
1258 193
482 705
803 1226
252 1178
813 1688
783 105
1350 1660
1814 1929
89 1117
765 796
1489 1645
1588 1016
1688 1138
950 569
771 431
1192 1338
141 1728
1497 1160
56 670
723 1240
897 1152
15 673
1628 1813
1936 1715
1899 821
1684 1297
1633 1233
461 255
628 1021
1933 938
776 479
745 162
968 112
310 1385
319 1551
1126 41
373 295
1687 683
1665 1726
1016 995
627 1133
1502 828
1196 1924
1464 1459
248 97
800 1523
1754 1721
829 471
985 1633
1440 1335
653 1871
353 1118
531 364
1156 773
787 105
1241 1975
1934 733
297 109
1516 614
562 282
1581 323
60 140
72 1584
659 1815
111 713
838 695
1661 397
796 501
1249 155
1671 1070
478 1663
1013 498
156 1224
1614 60
1711 933
471 1255
139 1793
245 295
468 1678
831 1123
923 1613
410 99
1637 226
1081 1082
1653 596
128 541
38 1444
781 675
1095 509
1047 274
346 630
1180 668
1524 1056
1677 253
950 50
168 9
263 1664
1363 1763
1875 1002
170 1968
945 1322
450 992
865 1693
374 480
1191 1228
134 1646
912 1029
225 186
1640 1757
783 194
1976 1914
1126 880
1670 1476
505 1824
725 513
1391 58
1352 140
1255 1576
1165 760
740 220
783 214
1684 90
1409 915
112 219
1931 1469
740 1815
851 297
492 1938
223 1975
934 1403
1926 928
1109 1589
911 1004
1832 1878
26 794
464 1588
1081 348
459 1959
739 1962
742 1824
1289 1947
1180 1302
1121 1507
1354 496
1577 477
246 96
1154 550
1528 1175
1558 159
1358 275
372 378
1947 586
753 960
730 121
1946 816
1231 417
1802 200
603 1478
1515 394
505 831
411 860
130 1710
1549 487
707 649
1787 1174
1875 648
1430 585
1691 1689
203 999
993 482
1226 578
824 1623
231 215
1370 1388
1028 1554
1389 211
1695 917
596 637
974 358
1442 685
1668 1467
1025 1280
1170 1895
1324 251
971 843
1275 1603
154 1561
1797 3
936 720
225 1446
1807 192
258 1746
123 99
1920 395
1812 321
581 920
415 966
281 1986
798 122
295 9
818 987
1865 1430
1551 581
214 1810
1759 702
1939 622
1564 694
1430 1925
1439 560
125 1189
361 1708
1439 161
282 308
1135 1370
1593 1423
1342 571
1521 944
247 62
144 1179
173 482
1772 1216
1087 307
1458 730
66 1495
702 658
1500 1308
473 326
1186 1253
842 1168
735 1796
859 567
1392 1951
858 627
1685 800
123 253
809 1719
784 879
626 457
8 1758
203 1543
411 1100
817 60
1336 1013
1316 51
524 1921
1255 123
1331 690
1673 699
1901 1487
634 843
1713 677
15 556
1073 493
401 663
351 1285
1271 106
1841 1629
1066 1835
62 824
331 1009
1666 1358
759 398
1323 1342
920 786
602 1936
518 744
1126 1936
1119 533
1062 1654
1371 12
357 1863
1861 1809
1590 487
168 352
1651 1085
1716 443
954 735
1328 1018
751 1399
454 1798
801 775
390 1336
452 947
590 823
1508 1423
1099 1896
1767 306
347 1292
1152 1591
504 27
357 1579
1946 1130
679 1571
1349 65
1703 38
334 1632
918 1877
189 1550
1953 965
1839 797
944 531
1534 1623
1622 1375
1920 899
475 51
2 1453
1138 1946
1806 1603
773 1891
1505 898
260 1483
1371 269
1622 1315
363 1261
254 1696
1372 608
812 589
913 1223
928 1529
1207 55
592 237
443 1083
1467 149
1462 1481
1556 524
387 512
136 1946
922 767
683 1478
1355 1796
895 719
986 683
1407 1630
212 648
838 1126
227 862
1926 4
474 571
1977 1308
898 56
824 1289
329 1571
1169 585
353 351
362 955
1434 28
1519 1772
626 903
1284 894
1009 1166
386 1878
487 166
993 46
1032 972
1698 549
1189 967
1008 50
1128 646
344 1302
1467 1917
1496 112
1395 557
1187 138
1537 200
281 451
1751 1886
1830 736
157 955
149 1708
1333 338
201 427
709 846
741 341
16 488
1723 1590
205 1100
594 1769
762 932
1409 829
916 36
1071 517
916 341
1660 517
779 150
699 48
357 816
964 261
408 1399
1237 1717
247 1893
1997 1593
1706 1167
1765 1601
1805 220
355 1780
1874 651
1685 1654
778 1297
154 1654
712 141
358 480
128 1943
412 954
786 1557
1218 448
942 592
1604 1307
628 106
806 1911
1187 1312
662 126
692 1940
972 897
1348 702
1031 937
1085 1106
1665 999
951 1637
1241 1052
1647 861
159 733
614 343
432 1582
562 1787
788 1194
1825 731
1097 1325
259 1825
521 606
1898 1473
296 863
90 1945
600 897
1829 1733
179 721
679 476
306 589
1460 715
1461 451
1840 1390
1834 664
1103 1195
1094 864
633 912
332 878
1640 172
1866 387
642 339
573 1140
1002 1186
1070 897
1134 1575
279 1550
774 159
1815 902
1776 331
804 533
593 249
330 1015
1308 276
1848 1955
566 585
569 231
1863 1672
1547 595
237 376
1129 1231
846 1900
910 1759
1950 1895
1797 1812
1733 1819
325 1629
609 384
961 1656
1840 531
1719 1039
1581 1042
657 1253
432 1043
880 1881
795 1917
1471 1235
1662 1122
380 962
1032 455
462 1124
576 975
930 1025
673 1917
773 1711
1201 446
1415 825
1838 1480
1225 70
980 379
1471 1525
1099 862
341 568
245 364
880 1354
543 904
452 633
1784 1848
1284 1130
1469 1703
41 1530
895 474
173 696
1791 1995
1145 34
734 518
508 653
1108 1984
1464 13
1393 919
344 936
934 859
1027 1508
1073 1294
699 227
1582 528
212 1120
1564 1679
1231 129
521 1710
1164 156
432 1735
1403 40
310 820
1077 1145
918 1684
945 1152
1520 758
668 459
1249 502
604 1251
1639 484
1042 1348
622 945
204 1904
900 833
1090 226
740 1584
1912 892
767 984
39 211
1996 495
1962 1777
1912 1843
316 747
1231 1029
14 729
647 1083
452 1554
26 1695
514 1284
1007 1145
1929 438
1737 1892
397 453
687 1555
126 1459
570 1185
1890 1236
538 1602
1010 1582
