1000
1487 1682
766 1822
1483 1973
1096 616
945 1490
1884 1132
1236 1743
676 1771
156 987
1200 1654
213 34
1941 80
1445 648
1537 1300
342 1757
1627 869
1149 665
124 1483
322 19
1689 1347
845 1497
1538 1675
704 1613
1001 1021
124 1371
1555 1477
572 805
145 1638
1067 362
1415 1074
1586 1262
73 615
910 1917
941 687
1082 555
1042 5
299 281
1781 1819
1422 1804
1585 1778
977 1656
1720 21
44 1937
1510 1215
1114 1626
1735 1444
1716 534
693 1737
1971 760
408 731
1821 497
974 213
550 862
828 294
422 1126
1999 1540
195 930
264 217
1208 233
1203 284
1366 683
1372 572
1796 31
1993 127
414 214
1696 1952
1868 839
1024 1024
895 30
694 812
105 1377
1318 1701
1067 1671
30 239
1352 1165
997 1364
1783 1301
793 358
1627 49
1488 1827
1702 964
962 947
333 332
1291 1852
1558 883
1569 1348
1790 1651
1378 1175
1692 1105
771 211
1995 1786
1601 27
649 507
841 581
1123 443
1693 1561
269 1366
1767 1764
952 1129
1198 1345
676 154
1988 1041
1791 1121
1947 1966
783 61
1341 1517
70 1750
1845 1669
1087 499
1862 1746
371 674
1143 674
1396 41
1750 1095
903 576
723 279
126 1502
1957 386
1233 1456
1420 31
974 1546
1716 208
205 904
1456 1819
224 449
542 102
1288 751
893 771
618 1540
1194 350
1345 1191
1296 972
1029 1441
1356 756
707 1327
57 1083
916 536
1285 1483
914 929
1923 671
1538 245
1531 1496
397 747
463 1337
1091 1393
1116 833
1410 1358
899 1022
239 555
1130 639
1152 1269
927 74
53 791
1270 922
856 222
1813 435
1555 1262
1342 1831
648 837
1028 43
1831 821
20 1913
616 1768
1932 341
611 929
42 1296
218 438
658 1435
94 88
33 1223
700 1279
494 1649
34 1195
565 36
1132 929
1245 1899
1584 264
820 1470
807 1855
59 204
557 1034
896 190
1908 1796
672 448
369 614
525 547
922 1715
1473 1231
546 1446
1362 1237
879 1129
1763 116
287 1374
623 1982
1604 1729
1014 1055
423 864
1662 716
1675 1233
1920 1294
1869 1966
518 837
676 1473
1386 1599
915 75
66 100
1228 1992
1440 1027
1483 1311
866 1860
806 1736
1232 1264
178 105
570 1296
163 660
1031 953
922 1838
606 1353
979 350
1133 1422
903 1545
399 965
1252 1166
561 381
1603 504
1325 618
1145 1574
235 1570
282 426
616 1461
662 503
228 779
642 365
1128 1395
462 1398
469 1249
1657 326
1439 802
502 405
1490 426
21 1063
1721 1221
281 706
60 1803
1220 659
1548 9
1219 1219
1120 1600
439 232
2000 1622
677 1382
1352 1858
1949 818
466 1083
1993 194
1371 1276
1312 1693
805 1674
38 984
174 688
1152 251
1584 371
1189 577
81 519
1689 1020
167 671
542 458
551 1679
224 8
1809 3
645 580
103 1249
718 18
1432 1275
1115 630
150 1740
1722 1054
14 187
1873 1232
162 1382
890 984
1104 1612
1815 983
982 1449
649 361
1300 1553
554 916
903 1022
1213 389
746 1180
365 1794
300 1114
835 1404
1471 1200
678 1436
1138 1803
971 1500
1971 1906
1021 1576
271 335
843 1133
1700 123
152 880
1261 1811
1693 1879
863 668
1263 842
381 687
130 378
883 1
453 834
983 1419
769 1568
562 1347
810 873
986 1350
593 76
831 622
1068 1207
700 646
523 1548
1429 1666
1369 858
1739 344
1008 743
786 397
1481 536
941 433
1085 810
255 1708
947 527
1249 1589
456 75
386 152
1674 825
907 1706
446 1115
1968 781
123 326
1597 989
354 372
1640 435
1185 1549
714 307
1272 1466
1268 25
959 963
1894 782
526 189
1034 1346
562 1870
735 909
308 1909
639 677
1573 1553
1803 951
515 1570
109 16
1100 994
1911 1099
1510 1781
700 1283
448 842
1943 288
620 1230
252 1762
512 1039
1851 1357
937 1338
1899 584
752 213
1836 255
1627 1809
124 2000
1537 912
1898 792
42 742
1332 626
274 1825
1611 1031
1151 434
862 351
977 1109
679 107
1716 1730
16 365
935 1467
819 1291
1852 1230
1457 1019
66 612
1710 1146
1521 1079
888 1279
1707 1381
1232 925
1719 1173
755 1300
1841 765
163 1
100 437
1348 1816
1041 1612
605 387
1145 644
1565 486
411 333
935 174
390 1670
1863 221
1854 892
106 149
381 1735
394 1637
1222 1303
251 672
1931 656
1262 1632
335 510
237 1865
222 1621
713 350
1042 1654
697 366
537 1677
1955 1212
1953 922
1521 671
1348 1988
171 1081
865 1383
212 793
794 353
1028 1995
722 1946
51 1116
1771 412
508 723
84 1934
255 1976
351 1226
1089 1878
580 1196
1527 1702
242 14
1259 183
187 691
1972 1574
768 489
1087 235
1020 37
1360 151
62 673
545 706
264 1383
198 541
1577 1078
716 1043
609 316
676 697
1571 1971
936 1689
1297 1073
1588 675
1146 1234
609 1898
1010 314
701 1820
1377 1425
452 438
1197 1791
308 1332
711 1648
338 1587
1773 950
1205 1084
1823 1036
1295 398
1633 562
965 1081
510 1801
263 1267
1690 577
1760 558
899 1972
989 1140
1114 1247
608 1224
1192 841
1010 634
1691 1718
1224 823
1975 519
186 1584
1444 1858
1224 1437
1710 1110
1723 1731
992 1501
1992 1593
92 848
1092 1198
293 645
1319 224
1311 1030
1560 1806
317 1886
134 1213
92 1440
906 333
1842 1984
1793 1758
386 587
477 823
10 28
845 897
1633 1008
563 463
917 877
1986 1997
1277 833
92 1291
831 907
1329 418
1775 933
869 1913
286 595
1248 416
350 1687
753 646
13 1355
829 665
188 1863
1344 1103
1302 1331
1721 1697
1158 966
1461 140
519 1303
1669 1028
1843 241
929 1953
277 333
788 1640
1527 658
1610 1765
1390 599
1261 314
675 308
30 501
269 1978
1508 505
1910 885
418 1181
1701 1935
369 944
1134 1591
1681 1436
788 1486
1738 177
1926 1607
106 1457
1592 497
1972 430
773 1250
1361 222
245 1688
1458 979
1460 730
130 73
253 1756
48 201
1716 339
808 672
1007 595
1575 1293
191 1360
35 1254
1650 1250
41 1450
1565 239
1359 1677
542 430
1915 552
1627 495
811 831
590 1541
1868 1116
7 1689
428 1801
765 1146
1231 1726
1080 1086
1685 31
698 1890
1740 661
1386 660
1100 1031
1226 817
299 408
1973 904
1751 342
59 872
725 1290
1317 1613
1642 1987
47 719
1727 1364
1637 1909
966 451
1144 1189
596 1820
340 1132
296 264
1902 421
502 1774
344 1864
1966 450
1116 15
1498 1310
1919 1282
639 1913
301 508
1759 488
923 1671
1890 1098
270 420
1794 1757
1032 1593
1700 718
1411 1965
1894 1249
209 1829
1298 593
111 1007
1068 1825
998 1808
1890 1330
221 1229
1365 154
873 1070
1164 598
1038 1834
284 1363
697 1604
1424 499
659 1289
975 902
1158 799
1292 665
1600 1881
514 739
1481 863
1563 770
198 852
1746 1168
1477 605
1200 1400
131 1545
1510 1675
755 1395
736 1707
1118 1660
515 629
704 713
605 182
502 845
1046 1647
1247 1708
537 1487
1929 732
1977 1210
626 1075
333 69
1029 478
1287 1239
1704 520
1736 500
1925 397
231 794
403 1633
1087 1120
652 733
122 1303
1912 239
1432 798
1592 836
1044 1012
461 1143
173 1895
557 1692
1500 1298
1697 27
1933 371
452 1194
531 800
970 1626
595 489
844 1846
1747 104
423 1694
850 520
650 1183
1509 606
1827 777
1467 1926
1761 1957
425 1672
1555 1347
1645 1200
799 181
1035 182
1442 999
1157 1454
45 490
360 649
1428 433
1144 401
659 718
1107 966
472 743
364 934
1007 1400
1474 1531
1301 594
1145 1238
328 820
1317 453
1874 1494
1885 1941
1590 756
1988 1175
954 426
288 514
1617 606
362 543
1481 260
750 641
197 1426
714 842
596 1727
207 1484
272 1986
1621 312
1122 927
826 1389
80 1495
1897 463
681 751
1732 875
1435 1597
1713 1298
1804 474
6 1916
1225 174
1305 1364
1263 1149
1690 929
590 797
20 152
1576 144
7 84
869 1291
1860 425
698 418
1436 1828
72 131
224 289
440 93
1851 910
501 479
411 455
828 742
226 697
81 177
724 1839
654 1361
1040 1923
893 361
815 104
685 1255
537 1326
318 1334
1837 1994
807 319
625 548
748 1799
957 1236
148 1339
793 177
964 916
810 1266
186 544
1527 1653
1946 45
768 145
1924 1928
1477 1514
400 1355
961 1328
1947 1749
1709 1172
566 1398
150 634
618 1379
1828 960
465 7
1809 1834
1704 794
168 561
1564 175
1898 1162
1648 419
1527 111
1079 903
1542 1145
1197 783
90 1362
76 593
793 206
233 1619
1287 180
1875 556
938 354
1704 766
410 325
1593 1373
1607 372
1498 1180
1208 1094
1247 666
1900 1566
794 1486
683 942
1557 729
502 61
1181 1712
1108 757
1320 1430
762 1126
98 354
1578 537
1049 1327
1375 710
1146 971
1701 39
459 399
371 811
0 1565
1817 1111
1946 1823
1055 880
161 401
534 1692
1990 842
1247 1720
1177 932
465 12
1470 661
853 1355
920 554
1007 1618
883 1770
838 1771
449 630
980 218
1517 1475
1570 217
202 1885
1345 1456
1475 1697
971 1218
1913 1737
1907 1034
1701 576
253 1470
1474 1171
1195 1451
1087 233
631 1484
1700 992
1345 375
412 364
374 1128
226 1146
1245 383
777 642
516 705
1187 541
1209 1282
1148 807
848 1649
1433 934
756 356
1848 1030
1232 1792
78 1203
904 1567
943 718
1528 1235
916 1310
42 738
1715 1979
1740 493
237 1129
934 790
931 1659
1106 1602
35 1739
1785 1719
165 1740
1267 856
1415 256
374 1990
45 1735
976 1415
386 1681
1712 1793
818 808
1696 1253
1829 1194
1558 1285
166 2
366 1790
1887 1298
1372 400
1752 52
392 386
543 543
1165 1216
1881 537
1720 928
1988 431
130 1471
120 1111
1210 1520
1872 234
1969 1549
1332 665
1681 641
1824 734
469 862
1218 820
749 751
1913 226
1429 1855
680 1456
1200 1601
186 1922
1754 208
642 1002
1686 1749
1953 413
576 1929
1381 1738
264 1844
394 1346
1303 1161
911 996
1925 1855
1327 1361
846 1468
573 51
126 947
1581 1207
303 1835
380 117
1553 803
1423 464
1435 1782
788 650
1116 141
1646 1370
781 1288
1457 777
457 827
756 1785
1896 139
412 1617
1733 1290
1272 1315
1975 1113
468 1715
1893 238
1192 1037
1738 1652
1921 211
583 651
504 1956
492 1789
560 1482
1844 1655
192 742
1912 596
1544 1500
1179 1078
748 838
791 0
390 1454
1176 1763
