10000
1658 216
1471 1804
737 829
1524 528
1053 19
1887 298
89 921
227 1877
348 1934
441 1552
1141 694
872 598
1743 776
1133 511
1317 117
502 1139
1635 175
541 262
684 1931
1295 1996
379 1997
881 863
1132 1450
1191 1731
501 804
476 1139
641 470
260 103
1213 1766
569 932
452 417
108 1858
997 1424
1414 876
1538 1539
178 1967
509 353
1045 1513
67 1854
1095 1876
1340 968
729 236
809 883
268 875
712 1131
1029 1271
1011 1122
548 396
951 1856
206 1505
1534 1648
485 226
1354 1099
1813 1674
1988 303
1095 514
850 936
1577 574
594 1708
1632 568
1590 774
1123 904
1168 1770
462 66
1360 1926
847 1217
552 829
412 1330
680 375
1399 1983
1497 478
291 986
851 1973
392 1147
1076 1183
611 1013
15 1021
601 701
494 289
282 1464
1749 964
453 760
265 1216
984 1603
1182 1128
1317 1193
1488 1190
1323 876
1735 765
630 935
1439 153
1146 309
1590 80
498 51
396 383
154 1577
1255 1975
1874 1261
1661 158
1214 940
182 68
296 155
1685 775
1683 1956
792 1841
1448 1740
1231 1655
996 1436
1994 951
218 534
1133 526
1172 137
1664 260
742 74
130 1900
1057 300
1219 1541
31 1463
965 1769
1102 885
1602 715
1208 1514
1069 627
1906 554
962 76
1022 1499
1286 872
1049 1999
1035 747
264 1172
1078 1502
1462 1870
1861 1862
1355 1002
1149 696
228 1342
666 473
194 675
399 1701
681 1320
1664 1956
299 467
186 1244
1090 52
135 666
1705 1499
552 1327
375 395
1922 1249
1049 534
1245 386
961 1158
276 840
1001 112
1951 135
655 1017
536 1265
1628 608
1276 1622
1132 740
1513 1616
1689 1154
1348 1845
1622 1778
666 844
1181 129
329 1111
1282 68
1593 264
1461 376
691 1334
119 1033
302 1501
1926 155
1247 1977
869 279
1115 586
475 1114
1862 646
1736 1929
1176 1932
1917 785
1823 1823
1459 108
403 1414
831 200
447 1638
137 1889
402 1958
1829 1075
856 642
966 981
1454 626
1014 1628
961 1657
802 956
325 1425
1022 834
1669 1025
419 954
842 1320
539 1078
680 629
1523 768
1759 979
919 1526
466 982
1270 481
523 1670
1610 778
720 869
1539 745
25 268
1220 1040
568 621
963 192
370 884
784 1829
367 963
1933 1998
864 596
77 420
709 740
1883 1394
1182 686
1848 2
298 137
1312 1619
1096 1879
893 1260
1058 234
1917 681
1856 1161
207 739
1191 259
776 1949
530 899
1438 1544
1345 225
1491 1243
695 161
651 1126
1515 636
763 415
854 621
1202 956
16 803
1723 1592
1840 1155
581 1677
1003 1683
775 191
1696 1631
1558 242
1762 690
1362 1162
1122 348
1077 1191
562 1721
1174 1034
923 607
207 1384
606 1875
961 1744
1858 496
483 28
647 1927
1620 1810
1033 73
809 235
394 1592
1106 1983
165 1596
877 1296
889 272
1742 244
380 1370
1837 731
565 159
808 23
751 933
840 664
1843 1091
1192 727
1653 1066
1950 1461
693 1037
769 1116
1155 1642
1257 128
22 1463
1006 598
1081 1199
1971 867
493 1425
1588 1734
1377 1229
958 482
659 483
1357 1842
521 1475
1719 457
163 1693
1243 722
575 96
1803 1681
1479 1821
333 942
82 1851
1118 885
1411 1038
406 1794
542 63
76 510
1606 15
699 825
876 1130
1836 1185
1533 675
628 328
1930 1947
1021 111
799 410
1316 1593
68 386
1676 549
1634 57
1187 737
1745 780
480 738
1231 112
1157 372
719 1951
299 1865
1573 1368
1916 1124
147 218
1698 1324
1891 575
840 672
1909 570
37 1525
454 982
1332 1039
407 1200
1844 530
379 1642
453 596
1981 160
923 757
75 1126
371 1666
1523 507
1309 339
248 1033
1546 1473
502 18
636 50
1995 746
1803 1003
1191 1568
854 1344
72 436
1881 1421
876 1821
1318 57
154 91
751 633
126 1457
86 439
592 1137
654 1708
1869 35
378 1097
1291 192
1135 1106
619 433
1468 39
1113 429
616 377
60 949
1140 715
896 249
1142 1951
1927 1778
1320 1833
1858 1418
1544 1815
51 590
124 1880
1132 1779
831 1968
1281 910
1931 1512
1276 586
717 885
876 1317
1570 490
176 356
459 42
1323 688
1824 148
450 1506
517 553
1678 308
1262 1760
1969 1528
1727 342
1309 149
1222 1268
963 98
881 459
15 858
1622 650
1027 1089
334 1894
1079 1974
1420 1262
1271 1614
185 138
1051 1975
1801 274
556 212
353 1691
1685 1660
1226 1542
611 905
1382 407
1283 1963
1356 1096
1317 803
1315 1421
294 1192
1658 1686
1889 1574
1602 450
1080 759
390 781
356 898
735 1893
1443 12
1825 1426
164 159
1378 1886
1871 1641
966 1689
11 1193
330 1906
414 964
1915 1421
111 897
860 1444
1567 1201
268 1316
1997 509
360 1880
807 509
1206 725
805 1478
1060 212
1115 711
226 823
532 1615
1084 1222
1240 963
1211 824
594 1158
1102 1433
740 40
1527 937
781 219
1385 716
1102 466
279 1710
499 944
1287 11
1480 674
421 819
1008 6
1893 1462
1830 1505
836 223
215 1183
1274 147
1471 963
1593 1639
1958 1425
1789 1453
275 1468
768 1810
1476 1964
1095 687
1591 1743
720 1545
1953 1684
1450 403
1793 50
1841 1515
1174 1257
980 425
1949 966
538 229
1275 539
342 1753
972 22
465 393
1588 1728
35 1000
1576 443
724 916
646 1331
904 1232
643 433
1346 906
1533 1248
165 622
1830 37
618 1741
1145 1162
1435 1836
917 997
1685 1243
186 1161
941 1992
1456 1805
1890 522
580 585
1703 736
1965 391
1460 62
1530 1165
550 1922
453 1512
614 1144
1065 801
294 1217
1026 1351
816 1116
113 1900
1425 1427
579 1671
1137 820
1729 75
112 52
1762 1332
251 1429
1097 1339
640 920
383 414
1862 102
193 623
611 1181
488 595
1132 1243
1105 1509
900 1072
262 1426
101 121
1477 238
870 1791
1140 1779
724 1549
1854 624
1154 924
559 1594
620 1884
1740 1857
207 1544
623 423
1573 835
831 764
531 970
1958 606
272 24
1422 1445
1130 478
117 754
1703 1382
71 734
1094 1043
1914 1259
493 846
484 822
1930 58
573 705
179 445
1619 581
1982 1932
1271 1875
241 63
800 305
1940 1053
1072 196
1632 142
885 705
195 408
79 348
1738 1229
1923 1317
673 925
1442 1281
1764 1373
1544 1299
731 630
1240 1126
131 516
954 366
1669 1391
1710 1356
1442 684
1459 1774
1196 1881
532 1157
447 1889
1715 1542
329 659
1134 1676
369 201
280 729
609 1505
676 1244
474 1395
406 620
373 1669
523 872
1481 88
1630 1027
961 252
1412 680
423 1862
355 1431
1791 551
435 533
1287 1747
65 1675
843 1832
803 1816
972 1781
499 36
1425 1264
1666 1519
938 660
1071 926
1574 671
319 125
1790 1904
716 697
346 587
1808 199
1545 1354
949 546
1601 479
1328 1635
1278 1074
110 1347
458 1880
6 481
1068 267
1334 171
1077 1035
1895 962
1395 724
328 1842
1559 1610
1702 1868
783 601
546 846
320 1310
1927 589
781 190
1459 1303
57 89
1955 1961
634 313
1575 1657
346 1962
1799 1502
927 278
1247 1839
1440 1653
906 1225
1030 1521
1039 703
1670 370
1451 1738
189 1445
566 393
230 1992
234 729
1809 170
1753 1448
1751 73
1697 813
1847 1774
1386 1522
955 1176
1504 455
999 1121
1994 189
1244 745
1115 1570
286 1734
1287 922
336 46
1884 1688
1154 350
1490 1750
439 1743
1953 1811
1085 422
186 562
362 1579
578 1853
469 1877
688 1626
261 1358
508 1065
1790 1411
280 1893
737 1270
662 1996
794 1942
808 195
1494 581
1429 1383
1924 1448
1825 154
1035 1586
1505 291
1371 1752
1237 1353
1943 933
1034 823
5 9
1675 1506
1680 1482
1179 706
956 1049
134 1723
516 1293
755 1776
111 1875
873 1172
1566 261
353 71
1379 700
1085 634
664 1197
1877 1271
1050 36
1338 1353
802 1356
1183 1736
346 1263
719 1090
115 169
1746 1745
84 384
1447 867
1571 864
701 1625
266 1155
1116 638
1100 1417
1228 347
220 122
1510 833
1268 834
872 1347
518 1355
1002 1597
1045 1163
83 1202
241 381
1365 1551
1739 478
52 418
972 56
1629 387
1338 872
18 1875
1638 1163
1017 1827
1565 611
1980 319
711 1695
1900 410
1502 773
1297 47
1812 916
1591 347
215 1077
888 1860
304 1480
1879 221
1132 998
825 620
1489 69
1546 1199
1994 953
859 1071
1526 563
1959 243
720 1323
222 1989
723 1207
288 1506
1620 1409
373 1428
1454 1708
376 1276
688 1841
1925 825
1055 1005
364 1629
1395 1671
73 1271
275 246
774 255
1973 903
396 896
847 850
263 146
1461 844
1039 1600
264 745
1152 271
499 383
163 1755
1711 649
1979 1065
1188 1338
1440 1252
1388 146
914 171
218 1025
1721 842
1270 1104
1614 1174
1308 155
1755 458
1787 819
372 1353
1629 1595
702 998
1712 27
29 374
447 1187
343 1987
1705 340
483 152
1488 1281
257 252
1198 1108
116 1334
800 1915
736 842
1905 128
361 1135
1892 1459
1040 842
326 423
1796 1555
232 1462
1042 185
410 1756
1601 1564
1822 493
319 607
799 374
444 1299
1934 1654
176 967
1934 462
1194 1491
365 1958
1757 398
1253 93
42 1310
1581 952
200 1421
341 597
1452 267
1215 1477
882 1774
1679 1171
1351 1444
1532 613
560 1906
1716 1772
1739 931
537 1291
1939 120
1229 1201
1666 1631
1297 1653
1208 1520
1530 520
1216 1474
632 847
208 1202
1643 1495
619 1846
968 119
1893 1336
820 1868
833 1812
929 806
59 304
664 424
194 1794
960 1526
1215 1581
1637 1066
321 1958
210 870
1172 965
1831 1508
545 1478
203 1192
83 1690
1926 1229
220 222
1071 953
1680 582
1750 1124
124 1994
16 1191
816 142
1885 1772
488 217
908 650
1288 134
1709 1312
1701 649
138 1296
1699 1124
1953 1401
695 623
560 1037
1553 817
652 1080
1005 1558
967 58
1025 1686
1553 1194
257 343
1482 1818
1941 1878
759 1523
1022 590
1978 212
768 152
357 1475
1407 786
95 1682
278 1840
169 1086
657 1104
496 474
295 1976
761 1440
329 1201
1835 1103
1905 1995
197 220
1987 441
1903 984
1719 655
93 1546
253 1971
595 936
1509 832
299 1273
1556 1166
315 1152
1504 1462
707 678
822 1155
526 1610
448 665
858 1602
1745 210
853 23
533 721
567 606
1777 1549
113 1124
145 881
814 1510
1568 809
1842 535
248 854
167 1454
1819 1224
1844 342
1898 507
1366 803
679 243
1298 1000
563 1491
1542 1104
1731 539
514 838
187 1436
830 1513
1140 1407
1279 1700
1300 1997
1172 1961
1789 301
1301 1850
12 1927
1282 299
375 316
38 1543
122 1494
693 345
923 327
1368 931
1846 1645
334 1250
1358 482
1165 1747
375 91
852 444
1654 11
1744 313
1991 891
1823 1934
743 1442
800 606
1579 1998
140 998
616 661
1191 1095
1141 263
114 244
1566 1168
1837 1958
562 1424
1987 1108
970 752
357 1457
832 600
1390 1389
1518 260
1780 1392
914 677
707 752
939 321
192 1806
794 182
32 723
348 239
1617 711
1527 47
496 215
35 863
1346 370
1574 1935
1310 1261
1139 123
1158 1392
179 1091
1571 839
1888 594
1304 915
1140 1986
373 1060
1224 1693
337 1129
1859 1638
878 1480
784 783
1138 1566
398 346
280 289
669 1044
710 1844
1671 1882
1476 1887
1820 1486
161 1119
1448 1171
1733 1533
1886 1982
650 852
1634 868
1017 1451
649 679
1854 1680
1410 543
1221 788
469 651
1832 1131
715 1308
1578 355
1540 702
853 1884
753 1946
176 1409
720 800
1845 530
1098 111
1777 289
329 1204
905 1327
102 1074
713 221
519 885
56 1452
393 225
1622 1437
147 1837
1508 1161
891 1220
1584 239
1024 567
1255 1035
331 854
343 1358
202 956
517 120
134 1726
1261 1231
1817 1718
1457 826
1252 1527
1438 12
726 361
1463 657
1196 1132
1350 1134
1945 419
630 100
1423 1700
1017 649
1598 1034
51 972
1276 18
1288 183
40 1257
677 802
1340 1088
491 244
1962 148
1317 1779
1255 471
117 1729
1290 530
1044 1134
1723 657
1628 1751
848 777
597 1038
586 768
996 508
54 773
1929 1460
1008 1130
1798 881
389 106
1361 371
1076 1047
486 402
537 780
604 1601
463 1448
775 517
1729 1854
1694 367
150 681
1524 1136
132 421
69 671
277 1843
1849 1035
297 15
929 974
918 1922
1858 821
1844 1355
1444 380
190 1895
1182 1215
1275 1441
1984 1683
1671 1865
489 196
1333 1340
953 1239
881 1145
1162 1893
996 1651
906 1029
1381 610
1078 629
1947 1085
1008 1474
1762 1728
1030 799
529 605
1232 682
29 306
1624 616
1033 1211
699 279
1230 1425
422 1357
1982 1794
1573 1270
1742 1449
682 1446
787 393
1202 421
1442 1354
1193 416
1125 1112
1015 1811
1364 2
629 705
1508 1849
880 499
1237 141
852 812
1860 966
1582 871
1555 1512
1045 1388
962 1701
1894 1257
1288 440
647 695
1507 1865
245 619
1027 1042
936 1396
1656 605
51 1775
1084 848
271 1440
467 282
1006 1184
30 1668
1963 1423
399 882
1549 958
1628 1899
968 1069
572 469
526 1215
574 428
924 1110
408 612
1601 1930
1514 1334
800 1987
1910 859
614 1988
1367 1840
1893 1843
808 465
517 183
1445 1999
1014 242
1863 1614
734 268
486 590
139 1026
1701 1276
1242 82
1746 762
1970 281
1721 802
181 530
1840 536
783 115
561 1107
974 1425
1509 1404
1183 685
721 16
528 962
476 644
837 1961
1989 1508
595 1743
1802 54
1072 662
78 807
1198 1971
1076 1138
1118 255
960 1791
1142 401
760 1028
320 95
187 1019
1554 629
1410 18
702 12
899 1416
472 1357
1015 1359
430 1645
1262 1598
1328 1903
1473 415
1598 394
605 1771
819 1217
1480 845
404 1470
1545 368
151 15
1988 1084
1064 1089
1875 1357
555 557
1973 1515
307 56
184 1390
822 1238
1197 1583
745 1468
1419 1355
1331 727
876 991
1564 478
340 120
1017 984
459 736
1564 809
1744 1450
644 274
97 99
570 430
398 656
768 140
212 746
1575 1587
1820 1301
1938 1578
1903 114
997 1252
1970 1463
179 1360
1465 1592
1630 928
1828 128
1460 1667
534 279
1197 1083
993 223
1158 261
1901 1748
1000 402
1504 1413
929 33
230 1874
1217 549
263 914
856 1630
596 505
1136 74
1709 250
599 1952
1831 107
836 1180
756 98
1272 1714
205 1349
547 1890
208 1397
949 885
1198 400
632 473
144 733
1134 1650
1375 1263
1793 407
151 879
1065 1793
591 159
855 174
1980 660
1737 477
1176 230
1152 429
1739 737
695 1548
1476 1780
1249 186
1498 686
1065 421
487 1073
1328 228
753 613
275 692
70 1213
1495 1362
1132 182
1323 230
403 1765
815 1482
340 871
519 1133
597 399
1252 1151
1996 761
428 1666
1040 1885
1938 520
292 1
868 1088
66 1900
1715 594
1827 690
1981 1710
564 1733
1578 1334
335 1281
985 361
597 1381
1557 357
669 1367
874 305
956 1079
117 140
1871 465
628 467
761 1298
240 23
1693 655
648 1607
1670 1709
3 1386
1637 1286
495 1997
95 1066
326 1328
890 1384
1500 1619
1247 1408
1605 1177
1661 603
848 374
1884 514
2 676
1755 100
754 878
110 965
888 355
565 929
1495 1213
1566 1154
1170 1161
596 260
1439 348
1913 1907
310 1167
1854 987
1172 545
1695 765
1629 1160
906 1574
682 944
896 1241
1034 1399
448 280
646 708
1560 362
1557 1893
1781 687
522 548
1227 841
234 687
501 887
1833 1025
141 167
683 678
356 1877
864 1214
310 1237
647 633
1003 819
1504 1871
900 1439
270 896
34 1493
99 1778
1204 1580
755 1262
811 1790
95 1563
769 1973
1617 1850
1645 634
1180 68
1815 913
922 1906
503 1957
1439 396
635 409
1354 995
117 1996
867 1597
610 26
586 1374
1275 255
1846 1261
1013 1272
1833 1988
141 548
1073 1129
1760 77
45 317
709 1248
1047 1614
1104 154
1988 1261
137 1245
48 290
1494 798
1883 1426
849 1139
1462 1317
1441 259
1652 128
1321 1072
1727 327
541 1138
879 310
894 800
1592 450
1384 231
1952 1423
147 712
926 688
835 945
356 1778
1691 423
1772 1421
846 1304
334 1782
611 904
766 599
938 1560
1676 1429
1391 340
1333 748
1698 725
120 1463
422 1918
384 1451
958 348
68 1385
690 982
1399 1265
1660 298
900 1218
567 1485
1646 640
772 141
1135 560
1785 470
204 83
1647 1725
867 1317
812 67
1656 1987
1968 886
370 441
958 365
1530 451
1274 163
1202 224
420 1742
1132 1220
1054 557
1178 535
1744 1369
527 258
722 1148
247 980
1162 1309
762 731
755 77
1666 1374
1184 566
188 339
1351 934
422 341
625 483
978 1103
645 415
1769 162
1763 513
1234 1357
1444 762
1613 831
1978 60
1032 543
197 476
1386 563
1420 1052
1431 1558
782 1536
1103 1077
1920 346
154 1697
599 1055
58 549
1747 589
1432 28
1752 19
1680 1071
1101 441
1845 150
826 1224
1043 950
931 1022
748 64
811 1335
488 31
1494 923
1589 135
502 351
1824 454
724 611
731 1174
1344 1672
1014 1779
1134 959
1337 325
99 14
1909 1821
288 258
1949 1109
655 1328
1863 1028
127 152
145 1547
411 405
1899 307
834 1137
1864 1015
1071 1547
1869 403
2 1579
1606 1522
561 1699
539 735
1635 1450
748 971
628 349
1629 1663
1370 1621
1855 1781
1041 203
1001 699
1446 1046
1920 1656
1225 1348
1845 1315
1271 658
1264 694
549 1995
1291 1654
491 1455
553 944
1122 284
954 1640
1668 1155
763 635
777 1594
431 1898
547 1891
774 345
1203 1588
404 1636
994 1241
1402 1784
981 100
335 1203
427 991
156 1912
1131 1055
207 365
258 756
375 620
1963 1476
1868 848
276 1789
32 889
1643 1840
960 518
1474 905
200 1791
1282 169
1987 53
119 357
43 1904
845 725
1373 672
882 726
1045 1420
75 830
533 453
999 1909
751 1110
344 536
1231 1839
523 174
201 1063
1672 1559
1935 1986
1205 1218
956 706
716 1836
389 454
389 873
998 1611
1597 867
1985 1008
314 1614
780 94
262 1276
1274 453
941 1746
965 396
740 1597
1136 1630
1366 210
643 1779
527 1534
1836 1645
1947 1034
1179 663
1135 305
228 1487
306 1616
165 1304
1793 950
936 1295
1672 1447
1049 1535
852 1424
738 1560
237 1936
576 1391
1603 784
1319 711
1052 560
973 1983
548 1385
1688 246
188 1110
1807 1400
1719 749
1514 1559
1174 258
1381 902
1864 1680
797 1231
1308 201
1550 204
242 830
1487 613
1653 516
346 373
1237 855
1322 1006
1951 567
1814 1946
1911 1538
1756 631
1561 525
1575 109
1679 1075
1641 385
1280 325
1862 1365
113 2
1478 90
1954 209
480 1127
158 295
1161 465
83 310
1814 211
1418 1767
1767 1782
254 40
1874 725
736 240
439 401
109 920
1605 1626
1249 1963
11 1414
1519 181
1675 900
101 1404
586 1712
1403 1664
1266 225
148 997
1147 1595
1956 669
497 1891
1941 681
1816 1517
1172 510
1082 1348
608 1026
1743 1342
1230 504
692 742
114 1697
880 1187
1427 841
933 1583
626 1112
1819 1570
1584 996
447 125
1315 1134
1943 1364
1004 1877
252 1792
1554 1181
1743 1708
937 906
1425 1477
1183 632
1892 896
1794 1521
1000 172
1991 446
337 1660
1810 852
1700 1931
683 659
1672 816
1410 1344
1005 1039
382 858
920 1722
687 999
684 1189
627 611
223 1727
378 1487
1266 1936
1874 248
443 1862
1904 1164
910 298
1330 1533
675 1516
1828 765
887 934
1234 1645
404 99
1068 1614
1435 1521
1083 1036
699 1810
1843 77
1341 10
433 629
167 369
879 1487
724 498
1267 0
548 305
1805 676
1112 516
129 193
729 1153
1272 984
112 145
1668 1402
1819 500
1629 1332
1693 911
339 1166
1414 1891
510 1761
858 523
1469 668
1610 621
552 1460
787 130
1506 9
1759 375
1310 481
954 311
300 140
1166 46
1265 154
639 216
492 1191
1497 1360
1198 1286
636 191
894 452
1838 1693
95 1214
1153 178
1314 1802
1111 495
1867 1305
1512 1273
668 1732
599 123
368 337
1324 194
1354 1955
369 1726
287 1304
1099 1765
165 1548
1449 681
1088 668
943 580
1232 503
1763 617
477 1216
1522 1456
920 1669
698 1548
1391 1823
1981 491
1854 1818
678 1270
1621 119
1236 1606
981 760
694 1999
1289 1510
1097 334
217 1591
876 473
180 1771
1665 24
117 1613
1240 1415
428 583
398 1174
1694 879
623 807
882 1200
120 1784
452 1328
1339 974
791 579
304 497
1184 676
1697 1534
897 857
1332 1913
1739 1998
945 366
1215 355
1393 1145
770 746
1836 212
778 927
1985 927
999 1335
1325 215
118 209
594 465
1441 1027
1074 1473
1776 1875
37 1471
70 1138
1977 1202
1257 362
199 898
524 580
369 1842
122 225
1101 1618
259 138
1160 1858
1492 1014
860 1324
329 1745
1671 682
511 1495
1376 1228
1019 1921
864 550
837 1320
623 1820
1959 393
330 760
1119 820
1073 1372
1043 799
1268 1262
140 909
1962 662
222 1516
1962 625
1253 1037
1337 1782
1055 1031
1953 195
1961 414
347 314
587 760
1707 505
1978 1999
644 545
414 1702
1559 867
50 141
1309 600
1916 661
376 2000
267 1610
231 1501
474 462
886 819
441 1003
482 541
1281 1084
1860 505
1556 613
1517 700
662 1241
1733 167
1571 374
638 890
635 320
1575 1925
983 811
411 701
1240 497
1646 302
183 319
905 1087
927 117
731 1511
1541 1642
966 11
389 672
1919 384
1564 1923
1712 1702
26 1894
1126 594
1075 465
192 1436
350 876
121 715
828 650
1040 1707
1597 908
1353 796
1391 398
719 1563
1971 1286
1673 120
2000 1765
242 338
484 1992
1764 103
1240 1239
1107 453
770 456
1894 908
451 1543
141 179
1788 1839
1306 588
600 890
12 576
1783 1810
1990 1229
600 703
226 666
1174 1564
843 1830
77 1312
615 1446
1354 1860
1895 788
536 942
144 1361
1262 572
990 1701
1888 1827
1846 1275
238 1562
428 1688
717 652
1932 236
945 1532
631 380
903 1863
1634 1368
1900 704
1274 219
1847 1537
1297 1021
120 1815
1893 1925
153 36
234 1178
305 1555
1624 838
1427 1731
551 1908
1551 1656
1184 690
994 947
813 1756
1062 396
753 1770
1553 1133
1762 1512
1604 160
515 919
1033 959
1551 1385
1874 1675
726 1115
1630 1228
1111 968
191 1434
726 1365
888 1542
1549 1432
1085 1022
217 1044
225 1469
675 1681
1598 329
785 1593
223 1894
1773 573
1770 1336
26 634
1962 1883
1364 1224
584 1331
1638 513
120 564
1695 50
793 849
1334 968
634 357
1135 1920
123 671
4 1815
1785 1801
1853 1918
1155 1518
90 589
1328 89
1903 730
1134 747
311 1666
406 710
1816 1150
1409 433
1381 30
390 840
418 907
1625 1100
784 434
908 57
1563 376
386 1115
1644 55
362 1230
1140 1395
925 14
441 220
326 1337
1271 1563
1601 1390
1629 1426
433 1354
1338 106
148 777
1281 1123
1000 1951
1966 1353
263 422
811 1349
1121 429
430 860
451 692
256 1600
439 1772
1281 1088
330 235
58 845
1723 1372
1396 642
1948 1998
1288 1765
1941 1140
620 1594
95 1133
492 858
173 1374
1364 1042
1780 1222
1955 516
152 1095
359 165
177 857
487 1862
1621 212
1598 830
1188 94
553 1361
1456 1140
1111 1282
1461 641
1007 585
515 1933
739 588
1226 1649
1916 740
1820 1284
649 36
454 60
1363 1805
988 1690
464 1970
1932 88
1186 1531
175 720
1979 468
1389 475
1294 1513
1406 954
1082 571
588 1258
1686 1748
1023 943
1556 303
495 383
1743 1134
1365 459
1357 1900
471 1378
1962 199
284 1770
1325 851
1778 1069
1714 1044
529 480
1826 1930
124 1287
352 1871
1927 934
856 1950
985 1662
981 592
84 103
1581 1826
1277 500
1911 1654
571 1271
1382 54
564 751
1086 132
1491 847
87 1729
1006 1017
1652 588
604 597
1791 1323
919 949
1941 1514
1990 153
444 1002
1515 1706
1509 89
816 421
429 1115
62 1617
762 1785
923 1602
1565 1345
544 441
1850 1838
519 1420
89 846
324 1840
459 1581
1845 1562
593 964
1376 764
1852 1238
184 743
915 529
1311 110
575 1725
213 558
1074 1720
1331 383
1845 32
1723 160
377 282
314 1343
165 39
1790 1112
193 1449
1499 1653
2 1504
809 1399
1037 1125
366 1461
1411 147
1836 1359
1773 886
476 1126
1179 402
1508 1096
928 232
1191 35
358 172
1514 1080
1813 1804
1785 1826
1628 1265
423 1178
1582 730
905 525
1688 240
165 988
813 752
1714 1288
566 443
1982 721
704 46
1206 349
1502 1081
796 1734
432 1113
352 339
1424 1251
189 423
928 530
194 1666
290 1515
1166 1649
995 1877
1307 1014
795 1759
1990 367
784 1339
613 1935
219 366
1422 1835
933 1362
1624 1019
1954 299
1043 973
1100 1309
1718 565
300 571
912 1479
283 576
1367 680
1609 684
53 776
201 17
646 903
597 555
323 1486
753 1067
326 508
1996 1960
1294 286
1187 1107
1105 1623
447 685
928 752
619 1615
772 548
1961 1874
23 679
397 569
585 1704
520 1297
225 437
1478 1481
262 895
484 1897
1966 1592
1158 1484
1715 243
689 717
1156 1549
956 583
269 1062
1665 1961
683 154
1809 1974
1156 1751
1531 673
1621 474
1404 1080
989 1503
41 1617
568 207
394 690
491 1657
374 1243
189 251
234 724
152 1930
1378 477
998 311
676 783
477 1862
983 255
1436 4
168 973
1885 265
432 71
641 17
455 613
1306 490
1412 251
464 1337
480 465
1847 115
1476 1763
298 1374
448 477
1388 1163
1420 1274
260 1794
890 925
445 1862
1154 451
1142 58
1495 570
1452 194
597 1370
1272 1110
404 1626
1578 648
535 1985
523 1638
225 1437
1910 1827
752 691
278 527
417 515
1836 881
331 705
1686 208
1968 36
1587 969
1568 676
630 644
337 1813
85 335
753 686
1552 430
396 487
184 1741
243 1286
124 768
1634 1877
1986 1731
14 1836
1645 783
505 1885
1806 1720
1370 143
1842 1042
385 210
166 1441
47 1402
1203 339
809 821
1945 1612
1744 1851
1829 1087
334 1173
66 1625
1300 1347
1131 619
571 830
783 514
772 386
770 432
1097 648
388 1987
57 911
1178 1065
456 1343
756 1747
1203 1069
774 1029
586 1001
544 1744
980 324
519 126
1658 629
506 478
1708 602
1012 116
1402 1129
1382 322
1766 839
1637 1918
776 537
1266 1537
1724 495
1372 829
188 340
931 1972
1476 1020
1346 1800
170 1545
1308 680
352 1411
1125 1976
963 1372
606 999
210 614
206 726
1798 1624
927 1518
474 93
1540 1241
1973 1306
784 1894
11 1177
962 810
935 482
132 19
1725 988
39 930
1009 991
1827 1170
1446 520
1034 1707
253 763
1117 879
242 702
250 391
1827 1222
320 1539
297 932
1597 1405
777 671
420 1265
1893 810
551 1611
366 52
1530 1690
1052 1389
1116 173
235 972
1587 1794
1843 54
1338 343
743 1017
177 1868
1036 1227
575 1504
803 742
96 272
1916 1370
1928 1697
423 1035
806 1954
580 1229
1280 473
1055 1340
273 1515
181 659
1534 988
729 1473
257 204
1906 1679
279 770
1147 1690
960 501
1131 472
91 1504
1919 1564
592 313
5 1285
808 298
1600 1200
1177 338
627 1573
127 1678
392 831
1178 758
261 1720
465 1358
988 1469
1121 804
266 875
340 902
1165 578
335 1879
1767 117
103 272
537 1719
1136 1274
724 1923
1706 376
1118 226
1108 1432
1258 1412
1529 1533
1990 1788
64 1284
802 690
1698 485
585 255
65 1981
25 1841
942 113
1643 1363
1582 109
1088 452
376 1355
1385 191
1973 679
713 20
1454 433
1487 1007
354 1209
264 1731
1873 1771
1498 1077
1284 1099
559 469
91 455
700 1379
67 1700
1857 1389
1488 1292
1655 1822
1111 1563
15 1787
341 172
319 460
1174 1390
615 1773
707 1474
238 1915
1229 1659
1047 1268
974 927
315 212
136 11
811 303
1996 971
816 410
373 760
1019 541
550 1995
1994 1483
979 1983
1215 1708
1566 1215
1185 720
60 1450
973 385
1207 1737
380 1214
82 1760
1169 101
519 1877
1090 977
1048 1019
1265 1326
775 932
405 1442
823 19
1100 1121
697 257
1809 1438
854 310
1604 165
507 1299
1344 1590
1573 1666
1295 487
603 284
1630 1050
329 779
1070 165
1870 1379
184 895
1629 1190
481 121
1756 1155
692 456
138 814
997 789
257 871
1977 1483
1645 657
1523 798
535 1736
1508 1713
1054 1731
704 1905
1889 1922
334 853
1882 618
613 286
1576 1709
192 1204
567 1387
54 512
801 1650
1578 860
1381 1003
1319 1728
611 901
1863 432
244 1571
1342 580
869 672
1987 153
96 262
1190 1612
227 1980
1214 569
1501 303
664 707
294 587
793 561
203 130
1429 820
655 1218
431 1171
774 1223
64 845
683 1673
1426 435
769 104
1990 679
693 1060
1724 351
1942 205
1270 565
474 1123
1109 1103
742 1180
555 657
363 1774
978 1526
839 1140
632 758
985 1225
930 1881
1914 1430
1814 622
830 1653
314 616
255 1209
1547 203
1985 502
1430 1145
276 1059
1158 267
420 1532
1274 858
663 1074
603 1632
641 1605
1421 80
1212 1007
1112 1124
78 1205
1026 85
1585 1057
1148 1053
599 1350
598 481
1795 1488
329 1850
150 1712
889 616
411 1094
1943 687
922 1887
863 1193
957 825
29 1669
1618 506
357 233
888 1629
235 275
478 1528
1951 1673
457 469
1116 1989
1086 1571
287 1468
786 455
835 131
45 903
249 1665
1598 1046
1388 1565
239 1989
1578 52
915 697
145 1000
1128 416
903 1293
1050 1041
1345 216
657 1435
1474 1886
1167 1964
1845 86
1673 1935
1034 200
1278 931
1164 1884
1317 998
1629 1932
1402 69
1417 1732
1269 1300
512 1868
1236 767
348 1505
723 1711
1677 1728
1475 1235
1531 230
140 1976
1342 556
1865 204
598 867
1139 1179
1496 381
981 1567
139 295
1117 1457
1077 364
541 1321
698 126
978 92
25 188
906 593
1869 1861
1003 593
597 147
1990 950
1801 1488
929 666
509 141
1406 818
1066 168
1590 551
926 649
252 1608
1777 1972
787 779
1786 1723
299 1259
198 1427
1411 1081
318 1576
950 1707
1609 605
1394 1102
116 1208
1430 1387
238 58
563 1809
56 1170
221 344
1857 869
177 1742
1814 72
169 930
1572 1940
141 240
398 724
1397 458
63 1501
1234 22
1431 1889
1595 117
1604 1333
1239 1371
952 1150
1946 104
70 1075
392 570
460 1146
1431 43
1050 1233
185 806
1878 1680
1522 1754
1831 1396
496 1720
923 1203
1249 780
1887 519
1108 509
43 814
530 24
1795 951
1000 397
624 1026
1702 352
1259 526
726 1229
845 1488
746 1753
1274 56
1796 1458
974 36
590 1656
772 1595
368 474
1106 1005
1076 305
779 1901
991 1550
668 947
810 413
124 1224
479 1592
1045 1251
389 823
727 1823
1765 605
842 1237
791 1631
1487 201
645 276
1913 1859
574 1122
1013 1852
81 1416
483 263
158 335
1631 1546
1518 1110
1375 1383
1740 1867
482 314
404 426
252 1996
724 295
1079 66
1186 1931
1521 1022
245 1506
678 233
1706 1558
1718 35
939 770
1442 914
62 1541
940 811
102 471
707 1331
1568 594
1363 726
967 716
440 1858
875 605
1430 774
40 571
1499 1780
355 249
1213 1288
1273 697
1538 1457
1045 1967
1041 93
1643 378
1807 248
1556 1823
1857 1759
91 486
552 1431
923 1102
379 469
573 1816
770 1448
564 1328
1907 1298
1772 1877
686 1123
198 542
1696 683
1334 169
409 1517
1183 1636
1463 1098
1142 1709
170 1388
1053 1965
794 1089
158 1696
1535 1737
363 1308
1234 636
353 1871
233 1221
1137 1088
1948 634
767 227
1121 1225
1882 737
1665 661
293 13
363 32
1056 1154
328 1165
1008 4
665 1937
1986 1397
340 1910
1392 1441
878 0
81 1846
58 1377
917 1989
1418 1522
1753 1423
957 911
389 1678
18 1454
135 738
1117 1068
126 1158
816 1442
553 852
1377 330
1334 1620
475 1406
546 1267
76 1834
1733 142
590 1404
1512 1446
962 276
353 317
1524 51
1027 1979
683 1197
1783 805
1777 947
332 1491
682 1529
413 568
1697 565
1502 1110
1126 1910
1492 859
1309 1065
1042 605
1048 191
858 1433
536 1133
1900 1328
1011 853
1149 1600
1304 316
1460 883
831 1048
1673 1341
1403 1294
884 696
966 132
675 1719
911 1735
965 203
1227 1428
1891 1350
1141 1828
222 1521
22 1866
786 869
345 1536
1644 1898
277 676
1 1049
1921 514
416 1630
1520 139
343 1666
1380 19
800 1897
1584 1881
503 259
33 1608
812 1944
1624 824
545 630
1081 299
1123 210
1332 940
460 297
1819 1065
828 429
645 743
1396 1661
1074 946
1068 1658
1128 1007
1414 76
1777 531
1184 548
1642 773
514 1812
1363 541
333 1745
1895 1463
868 1229
1081 1714
618 45
1453 420
489 451
1912 146
1775 466
1203 1250
535 6
636 408
1370 1754
1043 962
159 370
1734 652
524 606
1926 850
1129 601
1000 1183
1393 1001
1099 773
801 1860
154 1793
1283 312
1337 769
1986 57
1636 828
1696 318
1000 1774
1305 94
222 1508
709 400
1622 1243
41 1851
1253 301
592 1011
1892 1594
949 140
225 376
1887 1787
873 804
1182 277
1108 2000
1545 1701
833 1343
600 1565
496 562
1861 820
1434 1777
1473 165
1635 1241
726 1714
1271 1427
1789 1950
1440 1373
1564 1243
763 1537
1048 1764
1781 1195
884 238
1847 1802
1278 550
402 1662
267 347
1530 335
1269 1971
876 1277
688 759
274 545
1383 1584
1226 390
1000 1049
1442 1732
1371 20
997 1423
20 391
1858 206
161 1327
1531 1664
828 1177
869 330
1565 464
951 1905
187 1260
1272 1668
1662 1801
403 3
1620 1642
993 239
768 961
1249 345
393 504
1245 1428
783 1847
563 100
1267 1505
1305 940
451 215
42 1035
1363 1602
1960 350
1601 118
1798 1444
1541 1155
1544 217
1432 911
822 662
211 1617
897 223
839 1559
1839 633
82 598
595 869
1950 839
1845 1468
1263 44
804 1576
1915 1703
1672 1015
1278 913
206 731
1150 907
1420 1419
1718 1428
1398 146
1599 998
781 114
1171 261
604 513
299 596
783 1312
1946 385
896 634
187 308
1706 545
1894 829
701 1107
76 1942
1699 178
1967 1695
1721 290
1864 965
1080 779
1312 304
297 796
948 280
1708 449
615 1534
1303 1026
1798 285
942 607
330 99
1154 337
655 1870
440 546
1682 1879
1792 1314
1538 858
109 782
288 1190
1801 1704
433 0
1696 594
1246 565
813 156
566 194
1052 444
580 1519
1430 1116
97 754
1267 505
1017 799
1160 213
794 1345
366 1632
567 919
1134 1320
204 1982
152 1814
395 979
319 616
1628 316
1232 1562
647 1555
1099 237
1197 1395
1093 993
65 320
409 387
1921 58
573 1642
1367 1727
1071 1743
1566 1517
281 604
836 555
1707 1153
1873 1156
1570 962
1142 1689
285 1155
1799 554
1975 1734
853 1839
1600 156
1620 551
241 921
696 879
1953 154
193 709
997 109
158 1237
1858 898
1854 1738
1949 836
1361 1501
1463 686
953 1618
1442 1492
740 291
1676 1998
1862 1827
493 843
1839 1775
1607 1448
1443 1432
1219 1468
1971 1645
1495 2
794 268
1070 1427
442 241
1761 1875
641 128
1390 767
99 1378
1412 1435
1575 647
1255 1765
138 878
1791 1494
947 1476
426 777
1706 1264
63 1312
858 1796
777 1204
476 1430
1238 1404
1447 370
610 59
534 869
368 1766
1347 1702
1195 692
55 681
32 105
1300 962
340 886
135 1883
658 1618
769 1373
1261 1538
1166 1190
317 155
1046 1860
1384 1455
1796 1663
295 1134
1621 917
733 1310
72 1797
174 792
280 242
1528 1085
1203 1024
165 1689
1149 1856
1113 1601
1569 664
1933 1340
743 1635
1664 1817
730 1839
1302 1344
572 233
1063 1388
1190 1431
374 723
1356 1745
415 1251
329 379
1477 62
1482 1824
1079 1597
823 1948
860 188
1507 1657
1288 1013
1052 617
59 1587
1279 1447
1587 237
64 1277
318 1516
348 587
1522 1415
622 288
334 1263
1099 1582
199 255
1654 561
1353 741
915 1415
531 493
1690 533
575 708
1903 1214
849 1287
442 953
1111 900
230 303
172 445
980 1471
1423 271
1373 518
1338 438
1167 852
367 911
1673 1958
915 199
893 1864
118 1523
1421 1074
277 1381
681 770
312 758
942 908
1520 922
331 1865
98 1266
119 1757
264 922
279 1691
1500 150
1968 1002
465 771
308 46
1490 500
427 688
934 1549
1843 58
1339 662
801 1740
1127 401
1087 1215
1760 483
1599 182
1875 1261
1018 1211
1828 1886
1752 387
22 948
619 452
1072 1374
342 1688
741 1905
427 1383
782 1262
99 1863
1155 1277
1408 576
503 239
915 1876
1979 1966
197 1180
163 1436
1057 679
428 1703
83 1686
29 1257
1095 1253
1858 1642
1923 1117
605 725
1486 608
1535 1310
1018 118
645 1103
148 1416
1672 1557
630 1432
1455 390
825 401
491 1851
1461 964
159 259
849 1054
1470 400
465 367
151 642
807 1210
774 1341
1770 714
260 1796
1042 1002
980 1073
757 1507
1434 914
109 534
201 280
1745 588
931 955
450 801
1762 1903
1001 1855
989 1322
342 1894
909 905
217 1786
1700 1352
1942 455
1190 1970
552 420
1848 839
935 1957
19 656
630 1581
633 1913
186 1345
673 1846
402 32
81 1596
1527 1894
627 1751
629 1058
1860 1692
128 1186
629 1609
1513 653
529 470
732 1598
893 1684
1307 752
1865 1980
501 354
1848 1173
1460 1094
1563 1876
1522 1984
1189 1635
222 1539
1525 435
109 182
312 1180
1205 744
1153 1191
1924 233
254 849
655 1874
1182 164
354 849
1347 1112
1896 1344
936 1644
844 757
1576 911
136 911
1138 1012
644 1445
225 1510
87 25
3 693
1555 1255
1816 666
1869 1902
1476 213
464 99
1826 1371
1400 1595
1464 1629
312 713
338 186
286 312
837 1449
656 1644
320 453
921 760
1873 415
708 1022
1080 125
1726 1500
1181 196
558 1574
290 870
1227 1536
1675 1567
718 752
1493 829
1040 1542
1013 700
367 1563
816 1151
1899 1020
512 1993
409 1316
481 727
697 897
518 1952
259 1911
1468 1921
375 1411
959 727
124 1623
532 784
1876 1721
1020 636
1094 2000
843 952
9 951
1916 1470
866 1151
992 1787
422 1485
451 920
1718 271
1628 1207
255 1750
824 737
1013 1211
1048 1362
63 334
1938 624
1237 1590
698 519
1193 1519
167 356
1516 1098
716 1254
957 1653
1021 150
785 1376
1831 757
377 1002
823 813
226 1309
1089 927
1932 1633
1897 836
241 1534
903 1294
448 1430
749 658
818 1023
258 1634
1832 1773
1800 1858
1327 1433
196 1074
407 175
7 280
1231 1328
1215 1145
688 54
117 1348
751 1933
400 587
394 369
1934 1243
860 364
1910 1059
1480 306
1303 1656
622 196
1398 1288
112 1436
1853 1783
732 961
1321 155
1540 5
910 1144
1072 628
61 1928
21 1485
1179 140
827 854
858 1570
710 109
1126 429
188 1910
1982 621
272 1510
64 1798
820 1364
1790 481
1712 1819
1518 927
1521 1940
701 1087
1466 319
610 417
556 1178
1568 789
700 713
150 50
1487 538
776 1269
1484 44
1454 1257
1911 271
1670 1690
872 824
740 282
1737 1085
1038 1629
1167 296
148 1365
881 1827
1809 557
885 1097
905 624
1538 1898
1025 1846
8 403
1573 1685
1436 777
1735 1173
854 573
1073 410
149 1205
1216 580
637 1557
654 968
1829 916
1911 1663
520 1268
5 301
469 1857
1944 19
1962 16
1337 130
1417 93
359 1594
1171 1835
1004 582
1875 1434
869 472
92 337
1465 759
1628 1273
1500 1837
964 199
1367 1907
255 1316
1597 612
883 1652
829 525
1038 642
1467 455
1736 1365
1108 547
1982 479
1782 131
708 1045
461 159
1592 110
813 342
15 1204
854 1419
688 1482
902 782
1854 1352
1498 1182
1991 965
490 1759
1412 105
1992 62
1364 1898
139 761
450 622
1711 239
786 1894
1252 11
218 1809
1277 1663
282 1656
1581 1257
1346 1546
601 786
1724 875
54 1015
318 1839
1450 1056
1361 1363
730 286
1572 1558
377 528
278 1246
1480 352
1886 1467
1255 361
309 1392
1911 52
1986 421
36 20
1521 1300
1892 1829
1804 389
1271 1133
742 867
1378 507
1267 508
359 1722
1076 672
1523 1013
1472 1968
1869 1548
987 921
227 638
174 1621
40 567
781 902
537 36
226 1288
1351 209
1058 1286
1374 16
1689 1080
1130 407
411 1098
647 1559
548 1194
1917 775
1150 1989
382 1186
895 1352
52 225
1279 1767
9 1530
996 328
131 1944
1536 998
365 1191
813 1326
313 730
1221 1572
1037 1386
654 1460
1567 1507
578 313
1923 1338
1950 378
1949 597
1320 291
1950 1494
79 1869
344 865
1527 438
1583 457
1838 567
1569 1952
1663 1944
1379 157
40 756
1293 811
689 1811
1243 967
34 989
1288 1657
1966 1470
1283 278
1920 1423
952 575
990 1751
964 1306
57 476
1863 776
1704 1272
295 1540
418 458
1276 1726
1869 166
121 1772
540 882
557 1399
1417 70
69 28
649 1202
1628 43
1012 274
592 1629
1786 1353
1445 1867
782 1526
886 1260
1486 1922
1993 1420
955 1001
564 1165
1323 715
584 1985
929 136
1330 619
1675 24
369 312
1247 147
1426 1366
1743 1556
926 1010
452 422
580 95
427 1304
310 1266
1442 1457
529 1296
316 1268
1194 478
711 158
72 792
1059 1073
82 347
574 1546
277 1844
1933 1152
1503 1958
925 1057
541 1489
1878 1602
210 18
1789 252
427 1723
96 1808
332 1782
279 719
733 672
242 5
1073 1319
1982 1058
1396 1654
285 241
643 1073
730 1254
893 911
1110 209
1737 3
1094 1088
1270 1652
1952 687
1618 1977
760 1076
1841 1040
1017 1826
48 465
451 445
1203 964
332 513
1079 221
1701 1657
199 1719
1026 1406
595 631
1417 852
642 497
325 44
1116 1110
1020 837
1728 412
1673 1512
507 1916
556 1457
1862 1148
483 1965
321 754
99 469
1514 0
1626 284
202 1362
996 1840
964 6
1529 1693
206 119
531 885
1050 1733
1700 1
755 773
1652 1351
1806 916
1887 1635
1647 865
796 1036
1928 1343
1012 1626
645 373
889 495
879 1223
1302 1531
184 663
1740 1839
1340 1104
602 578
111 924
1368 1711
1875 485
16 380
22 638
1011 492
1574 192
501 83
544 1387
445 1576
1978 1196
1693 1906
296 1333
1004 491
1897 143
705 1951
1269 832
316 83
812 346
39 1780
1109 202
1144 1425
639 371
272 495
529 478
1900 427
547 501
1761 7
1000 876
436 899
516 1069
158 1408
727 1557
69 1425
1872 1359
168 1547
201 277
1308 66
305 1287
406 367
1533 409
278 1043
1715 1114
897 659
1170 1548
462 1947
1831 849
61 1640
1271 257
1808 1441
1482 125
409 1660
1298 731
886 1982
170 1636
881 471
1800 77
1676 139
1486 209
257 958
1646 1673
536 945
1165 996
1757 267
1565 1366
916 1859
145 1266
1372 1453
1446 1368
110 1259
1681 441
1857 1020
578 706
119 823
1716 1816
1899 1380
1489 1848
174 1459
526 752
141 1823
1471 673
27 254
1414 1664
378 1668
1725 1986
661 977
822 997
20 421
75 232
1251 1995
1806 1834
1395 847
552 1980
1778 355
1001 1554
1773 1110
399 344
1043 1500
1642 404
1382 1968
1152 1514
1913 1670
1650 876
734 1958
992 1087
1675 1128
1068 1675
263 1844
343 1653
326 85
1336 1581
1526 1632
1201 1907
747 954
633 329
822 862
1065 1475
746 920
1691 1918
480 1330
1085 758
1058 532
795 1031
1516 1336
1330 572
1841 295
578 458
376 635
519 1120
1597 229
1651 1326
777 712
1170 1546
572 1145
871 1027
1146 1653
755 705
400 415
1521 93
262 319
1129 258
853 1636
475 864
1318 1568
607 1948
1351 1491
168 158
864 1667
971 170
428 1079
895 1624
512 933
1311 270
997 773
88 1418
590 886
1843 1260
511 506
1233 166
1075 1080
1825 657
958 1283
210 1395
1809 673
2000 1692
698 1437
462 1077
835 417
334 1841
1993 713
881 715
426 1991
1116 574
1298 1602
372 1849
255 991
1558 1892
891 1398
1661 1085
285 1372
396 351
1334 1418
1257 345
1278 151
1245 227
1646 468
208 905
471 1125
1756 1012
1436 1696
498 851
35 273
642 973
1796 466
186 1792
870 1241
1004 244
1883 480
538 557
1598 1072
774 1509
1326 1632
1648 445
390 1583
604 557
1256 1698
412 1098
1771 586
1977 111
915 1013
1359 1369
1603 1870
132 1508
756 542
551 337
1726 1179
953 1480
423 1502
850 1948
272 1422
124 1566
1454 1298
1279 607
390 1488
1113 1196
1962 1034
1064 739
996 704
1534 214
999 255
321 1627
746 1626
1017 315
400 997
699 263
557 1978
98 416
646 1737
1916 81
367 174
1392 1417
1447 1839
419 1386
1667 786
1640 878
1075 474
431 705
1087 982
1363 1100
1691 1969
899 505
648 1325
1354 192
1367 996
459 909
1916 1522
691 1445
1602 1273
1506 1474
1816 1875
825 1109
1133 266
1472 1318
697 381
33 271
1082 1030
1371 1534
1571 720
322 1258
125 249
1589 1353
1872 1620
1306 1298
903 1199
801 1380
1986 1176
947 1971
1816 1247
712 1444
1321 1848
1044 285
1766 799
772 897
291 683
1249 1165
1704 1073
140 60
1842 1156
1361 693
236 43
1495 709
1780 1376
1201 517
190 1944
1992 1925
1138 1206
126 1334
8 630
1952 1265
13 1692
1854 1942
825 1155
1706 417
1749 862
730 950
685 578
38 750
2 721
652 1844
1847 1642
1892 1419
866 538
419 1768
1577 570
89 1178
295 1354
1175 468
811 1558
46 595
743 1614
474 885
978 1173
1721 134
1690 996
855 1372
319 1559
1893 298
584 1625
210 1032
1754 1365
1744 309
264 1368
1664 1396
792 1175
1264 1400
1074 168
1399 1647
378 1724
455 818
589 380
167 1940
541 179
245 1886
1569 1591
198 284
1216 1670
568 641
794 1829
144 1377
1555 489
36 1859
556 906
1426 225
1334 69
1380 627
1403 970
1451 701
1480 153
361 1201
435 374
120 1293
1522 1283
1787 1130
1485 539
311 1001
1568 1216
1823 92
1428 741
314 961
1010 689
377 1570
1287 356
491 110
225 1795
1117 1912
132 774
912 1912
1603 458
920 644
353 753
714 1928
1492 1475
166 986
1566 1064
497 924
1100 948
1287 1119
1727 1683
1221 1645
814 59
1698 23
12 61
667 1513
874 21
1540 1195
32 1865
1105 1399
109 718
914 1442
216 1210
1678 620
135 31
430 1125
1676 1093
949 321
211 204
1641 166
403 1651
1340 1223
923 189
592 998
1371 593
1983 202
729 137
1626 1101
91 1357
1814 214
1164 1544
1409 578
1262 771
680 1808
788 1832
1627 429
1916 587
1815 1075
677 1506
347 1696
1034 990
565 1147
1842 412
407 1666
1750 1954
982 1581
1798 1036
18 1628
846 1806
1941 388
1011 1962
125 1720
5 570
1826 374
1806 1488
1650 240
1556 683
676 338
984 398
647 1957
1976 949
1084 618
1964 1665
484 1080
664 1931
472 1896
119 1749
1356 917
408 1702
1181 1098
562 356
1895 1007
827 1190
1215 1801
1146 509
586 1251
1561 607
1537 1745
1829 725
1285 1371
1421 879
1240 290
87 1391
565 650
904 330
1796 612
493 927
911 1062
776 195
1847 819
1525 457
438 1097
1802 1994
1540 735
1027 739
627 435
1477 917
462 930
591 666
187 1699
1120 1451
1660 1204
874 592
706 1621
473 198
987 149
1542 933
1923 945
1788 488
1026 382
164 548
481 762
334 584
1409 1187
340 784
477 1700
1645 710
1852 92
856 1884
1285 1610
384 1113
1321 1594
1406 538
1703 13
627 273
165 1277
885 180
970 27
1170 1105
95 966
1063 1425
1460 1020
513 1678
153 320
942 15
221 10
1517 958
715 1299
966 28
692 953
1807 1662
1327 211
47 1545
1568 1039
1383 959
1681 1114
1968 0
1282 1120
890 399
922 1721
514 491
1754 1371
1863 1654
1061 1234
204 1695
1306 237
1525 1078
1372 523
780 1578
740 569
1321 486
1115 1596
1033 763
170 747
1833 1933
920 1469
1149 212
264 200
749 1484
1846 1959
113 751
632 1421
184 1683
701 909
1363 44
479 663
186 1409
1615 1161
237 34
152 773
33 160
1040 1346
1836 211
660 623
217 1136
1963 154
989 71
475 1885
1961 643
325 253
1629 1760
718 501
31 940
1774 1946
357 1383
1402 808
1541 534
972 1200
98 422
901 799
572 92
791 1537
1468 206
1063 575
416 1559
1247 1646
1533 753
123 1345
1428 719
728 652
1394 1800
70 351
1070 232
1254 1157
71 609
1624 1551
331 740
200 618
307 1126
1483 1579
1916 567
1317 877
1699 213
1599 1162
662 1465
1235 1271
194 1637
782 1265
194 691
1541 207
1673 505
1484 230
493 1373
670 698
629 48
456 605
1713 1882
884 1548
683 1196
1658 634
486 269
1022 51
676 248
865 279
394 279
1819 495
943 1092
1405 208
407 1252
793 1699
1663 759
75 1650
1564 264
225 1587
1379 1957
906 835
621 870
140 1283
1111 835
754 708
90 1831
753 1289
907 530
570 941
1199 105
1990 1477
205 1362
508 833
1605 1272
1034 1374
133 717
523 839
1108 140
345 1991
705 48
1814 915
331 1710
927 1685
1917 675
1114 567
151 1983
537 332
1206 1926
580 37
1395 684
1699 1558
805 651
761 1858
327 1068
669 972
189 6
846 1846
1189 86
734 1750
343 1798
756 1934
100 29
48 1959
1113 1218
1339 1301
1504 1557
1716 998
1924 71
1613 906
1195 110
42 86
897 1703
435 288
1009 377
896 901
712 1380
1211 106
365 46
1251 1788
1716 1585
1752 1937
1854 180
322 1393
1554 702
125 1279
1966 1568
1790 123
213 1076
699 1921
810 118
587 1195
104 1080
474 844
175 1458
992 1733
677 1267
1924 616
100 1811
39 492
1546 1410
16 1902
1803 718
1650 523
1100 1959
1305 1687
511 4
1492 149
1003 947
1919 1694
1202 1641
1365 1625
835 661
32 930
1797 1321
540 556
1469 1757
1219 1224
1412 1164
362 1573
859 1186
419 259
1794 736
557 1802
882 1826
1223 1194
1376 701
1728 881
428 215
93 955
1307 1283
961 325
1764 1227
302 1209
736 1231
943 1604
1812 31
1171 616
370 1665
213 666
1302 1750
329 1782
1118 216
604 1690
1892 1473
418 1158
681 35
970 1291
1340 1518
1845 131
622 798
447 108
1461 1695
1807 868
981 268
354 556
140 1803
841 1708
226 1660
1419 1973
603 207
1762 811
682 1341
1639 1191
1592 1521
129 142
829 142
1330 43
637 795
1245 155
156 306
207 988
1374 1690
865 1857
1410 816
194 1433
1627 1847
1636 234
1582 1405
1482 205
1123 784
1654 811
1363 1183
1193 1692
1976 1939
1210 1426
1809 440
971 196
1648 1305
1279 1425
1153 667
1567 1884
249 1958
912 294
1499 1319
1413 1631
203 1812
1476 789
1308 1505
1469 81
401 195
189 1072
667 1478
1718 1919
1811 1377
333 1479
472 1552
1765 257
1705 446
270 220
1051 1255
94 762
912 420
929 233
599 1047
873 1272
1988 1849
83 726
1741 1373
1272 1173
1410 44
1701 1106
1168 1935
207 1862
459 1894
578 1336
1273 1223
1462 19
1874 579
1439 1920
1522 746
1808 130
1882 62
1369 84
1019 946
807 66
1985 162
60 103
981 1948
2000 1088
993 633
1844 891
311 42
28 788
1910 1748
584 1975
404 1932
862 1333
1480 1492
399 1872
1982 1390
1940 795
762 1896
18 904
1078 880
1422 1360
1471 799
1769 769
1523 1173
1425 524
919 1405
668 1415
1063 1780
1715 1188
1525 784
1373 1047
950 1909
969 1575
1256 653
1576 1154
1911 1072
1481 960
204 1933
321 121
1374 1956
1938 345
1293 422
207 9
646 1495
1838 1815
1289 1284
1531 1946
1210 1047
1387 265
213 1520
1569 1292
690 1000
32 861
1778 1673
1991 1592
304 1172
775 613
381 96
6 89
150 1453
1033 818
1710 433
1038 1060
272 70
1112 60
221 1437
127 61
23 511
394 552
683 928
125 1691
558 191
32 1117
804 721
1995 1545
3 1390
474 52
1993 1190
1609 1426
1622 1833
805 815
523 1755
520 1599
1207 1276
241 78
704 1236
226 1409
1365 68
1483 668
1140 944
1036 123
658 1697
1218 86
1761 199
1412 1168
1196 1675
29 794
719 1723
1011 330
1208 1123
613 1733
987 1982
609 540
418 1625
1385 1381
1417 624
1738 37
1683 1557
97 1529
1994 1337
133 1621
1369 1415
1404 760
486 1887
290 1905
1318 118
1436 1717
1121 1561
867 1562
973 1150
1615 168
1604 1431
1543 1542
119 1822
101 20
425 159
375 1258
960 1836
1045 1916
882 646
1237 118
143 1372
1744 257
412 1658
496 150
1495 379
1424 35
713 341
1177 1141
1140 1597
527 680
916 138
1681 1441
1130 304
1092 598
833 817
721 170
354 645
996 575
1969 1598
339 358
1006 265
396 1390
307 1969
205 2000
1218 1897
1283 1285
690 1851
1937 1204
971 1495
1986 501
114 1516
1817 945
1849 1836
1189 207
922 1842
575 360
439 1545
806 1392
1431 1137
1402 1356
874 1053
479 707
1320 1975
848 941
1555 511
632 1407
1188 400
1467 445
455 1831
901 223
1423 1386
1583 1751
1698 1308
1279 581
410 737
1742 1932
1689 792
1755 812
165 1633
368 1685
1044 1118
353 1262
610 1401
126 774
332 1841
343 209
1560 593
1242 916
942 628
617 726
1819 1782
1429 1656
1360 1103
1556 1458
1498 1804
1071 718
675 1145
1679 916
292 1147
1468 717
1520 1579
1676 1991
261 803
999 187
29 1871
141 1369
1573 461
1189 1086
1595 1769
1918 928
1952 981
1572 1582
949 1910
1960 867
990 294
238 835
601 687
129 1145
369 1359
1098 1663
1898 1072
1708 1365
23 1445
713 1925
1985 729
1177 921
491 1446
1742 1959
481 1247
334 189
1989 158
1212 733
1296 967
344 1349
1193 1809
1363 566
839 773
689 1196
1494 703
726 450
1371 1347
875 1916
1734 1616
2 555
1625 672
594 507
1764 1607
994 271
488 1951
527 1123
726 809
1785 1160
1223 410
1601 1194
909 724
794 156
1403 1178
609 175
215 1921
510 1371
1971 509
1747 1403
1120 629
395 143
126 82
1976 1333
1758 671
1788 1499
1299 1712
1827 1974
806 1995
920 1480
1257 42
1826 279
1929 58
728 1846
810 1513
1386 1935
1543 1533
1375 1439
1497 1851
436 1004
421 1174
1559 960
1848 1746
279 854
263 1245
1167 1831
1079 987
1502 248
1298 966
1324 1806
1659 1240
817 1823
1900 755
1050 1258
463 186
1342 1757
1393 617
600 978
1982 116
818 184
286 186
1111 1023
649 1580
353 193
549 1260
495 1750
1976 237
1221 39
1159 1650
765 552
1050 307
1718 1314
875 1763
1856 333
769 1438
683 1600
1832 360
1000 1731
1302 583
1872 688
1928 1618
1253 440
688 729
866 704
839 1871
1959 335
379 30
540 691
1806 1631
1715 1882
459 130
1808 1660
1523 49
866 725
1537 1721
122 349
1857 1077
107 960
1487 787
1526 73
1475 1649
211 1319
1839 1705
1692 1389
558 1619
1495 996
1875 1712
897 1918
1708 982
1391 1186
867 1719
893 1216
914 1719
175 1869
1058 320
639 1456
1239 341
251 185
1139 1313
319 670
1855 1575
436 1624
1256 548
266 1559
1509 682
127 969
108 266
1490 721
1049 1890
979 1090
326 408
1438 334
1661 353
1851 397
640 76
1160 1491
879 1962
735 996
1255 1365
1698 1786
1989 1163
1096 1362
1499 45
1066 1630
214 1730
1809 1714
1283 1287
191 1514
1261 1187
1820 73
1995 756
1313 1636
1575 960
754 815
717 33
811 1198
1360 443
317 1284
580 1135
3 342
1689 1411
684 73
424 980
1906 1390
1073 934
527 1634
496 1997
586 266
111 673
1345 1603
479 460
28 1765
1371 1913
426 1321
731 178
1222 1581
743 1537
745 552
1201 385
719 496
1097 260
663 924
1074 1124
266 929
358 316
1644 767
1666 52
1166 1639
182 463
214 1307
1546 1125
470 857
536 1883
292 1639
1969 143
570 804
800 307
142 1292
446 1290
59 531
1071 1412
177 312
1105 1848
1294 454
1601 263
1804 1189
501 1995
516 1369
1808 1689
1240 355
320 497
376 1407
557 1075
298 41
1597 1475
444 1885
1625 818
40 1582
803 19
1713 732
532 1071
1836 826
1144 1470
1870 1110
1851 1796
1943 418
132 106
1377 1196
660 1024
1732 693
1376 1571
1288 691
197 541
585 1558
368 1915
670 644
1118 1754
6 452
1680 502
743 1774
377 1833
1070 1655
1367 1316
816 139
1801 1838
1481 306
1465 1483
131 1325
1408 1483
722 853
1128 995
1419 1229
1646 1294
837 1255
328 509
106 1538
899 1664
1100 814
541 562
1218 428
1658 57
746 1790
1079 971
680 610
1975 925
46 1486
1320 1310
738 471
1470 1821
285 1461
270 1910
127 280
1131 1752
1798 1906
1492 1840
1378 1107
962 352
1564 1261
242 1211
1682 1924
317 1086
442 148
1653 282
602 1487
507 1791
1766 1331
260 1047
909 32
1831 376
1320 158
1816 337
689 552
1821 1118
999 831
804 1558
232 1832
461 883
127 353
159 1954
893 1491
1380 1732
1986 303
725 1667
1634 1628
903 1748
150 1588
810 1931
1072 345
1383 126
935 1565
1859 782
1325 433
1883 1119
632 119
527 1401
879 54
1863 714
219 1822
911 1515
1251 1214
1916 398
697 429
1656 593
1538 636
108 1007
1627 1164
408 1572
90 1037
736 537
1234 373
1312 308
980 659
270 1925
1555 1972
1098 482
590 1327
1385 739
974 202
1144 1181
1656 1489
742 380
443 1164
721 294
961 799
1334 977
1448 1257
1676 1031
1366 1330
1123 1329
1323 1124
413 281
1861 426
702 1951
1390 1972
1233 451
1816 1068
530 1235
1530 1098
1049 1149
1411 1776
196 586
600 1185
350 1440
15 348
697 728
857 312
1328 842
1963 393
4 678
1023 1639
1401 233
440 862
688 1061
717 776
773 120
872 89
523 502
176 1839
212 276
1343 1952
133 1748
298 1167
783 177
1360 734
1270 128
968 528
410 1689
448 90
148 1430
1124 428
835 1538
1399 930
1098 1061
1465 142
1597 699
257 275
117 1499
394 42
223 1037
590 1634
1594 1547
150 1636
1498 1184
88 512
574 953
1636 1428
1920 1254
857 1879
804 1866
1763 1276
71 708
1360 1540
9 1011
607 1718
152 399
477 49
153 1869
142 1462
1377 1819
788 380
1868 522
239 275
1011 947
1338 616
448 67
1453 1636
292 235
1184 1781
322 1513
276 1663
1626 385
430 597
184 499
1476 1607
1192 1843
64 473
679 1771
67 1856
1145 651
1308 566
1012 854
1273 881
86 1686
346 1594
446 1467
382 1461
548 1139
288 54
1522 850
1880 1046
562 588
349 124
615 1795
1292 714
1844 419
716 1917
1174 239
20 178
525 322
910 1395
1583 473
1572 866
81 656
0 1638
1228 740
1756 294
1565 544
682 1180
245 284
953 1426
966 1686
155 387
874 1521
386 1853
1818 137
1814 1523
1293 52
876 6
887 1372
948 1523
1324 859
1580 973
812 629
703 1431
643 62
1789 726
1378 613
573 1139
1664 783
336 1876
354 1334
369 40
778 1232
120 1043
1367 8
240 1200
1424 1144
1800 685
1189 142
1631 1425
880 1240
342 1364
121 1868
1436 1392
1002 1533
903 1409
881 158
400 339
1395 954
1065 1876
659 1403
1545 487
1485 1656
1208 1189
44 1762
1008 1653
1949 1294
67 1961
1788 775
593 933
101 1070
308 606
118 1984
1181 1186
1596 662
544 1533
1997 1407
1938 1775
1139 1509
1072 991
1958 132
1009 1378
96 362
858 798
334 444
803 1318
1892 1348
595 1071
446 1613
1395 1265
519 1287
1767 203
385 329
1569 82
1071 667
168 1959
125 473
1796 681
522 249
1147 996
1369 1377
1600 1560
276 199
831 52
1762 304
829 1565
1755 1336
1500 930
795 785
1085 369
951 1716
1244 1484
1113 1782
1385 1624
300 1659
941 121
1443 27
1383 338
110 1396
932 395
969 630
402 634
571 499
1841 1948
1477 1627
778 1281
1363 890
1614 1684
570 164
1059 304
806 724
1433 798
594 1384
1269 981
1959 55
702 1095
1728 1399
1236 187
869 512
1207 1386
787 1824
1196 916
1919 1526
1021 5
1991 545
1960 132
485 117
133 887
1018 1064
705 1627
716 1373
810 1485
1874 624
1886 1764
1568 42
1710 1418
1187 1479
710 1552
1355 305
662 237
210 514
44 1313
797 1515
1423 441
1452 1793
1411 347
1251 1800
362 330
420 1152
1003 986
965 87
1132 1780
1143 605
483 1630
475 1011
459 1306
541 1316
638 877
1918 1571
1534 1338
820 1029
1831 722
1600 1321
311 1523
350 416
1722 1131
844 1164
809 234
1752 1092
1629 1463
863 1154
420 1935
1139 978
1870 36
248 12
449 1678
394 1990
450 981
1853 54
752 92
1275 185
738 792
844 404
263 454
330 1424
1231 456
432 1531
1002 1200
1040 950
1285 581
1136 613
1249 502
48 251
1204 1887
686 28
1960 1100
1896 1030
1518 1655
1552 1858
556 1755
579 641
1120 263
634 324
1277 117
897 25
575 1668
1480 433
1426 924
329 1136
1006 574
1157 643
1331 1012
1532 1215
687 1525
1377 1738
1203 1968
1699 900
1782 540
560 1714
464 26
256 1259
832 438
546 1488
791 1575
224 1607
220 1904
1332 597
154 337
399 249
406 86
184 1012
1065 1367
101 1741
496 632
614 1057
477 1256
573 127
1236 371
222 139
1572 1387
1805 1035
994 1092
1533 944
696 1166
137 1042
623 1624
1740 204
759 664
663 905
689 864
298 362
180 393
1067 332
22 1318
1097 467
659 123
779 176
743 315
1019 116
310 408
1190 504
275 1163
437 83
607 367
1566 311
1302 283
781 867
739 697
248 33
78 1323
907 959
497 1520
18 332
919 1140
99 960
1246 648
1319 649
1873 433
1484 1506
1596 220
1335 753
553 1852
1 1036
1847 129
1735 1747
1994 837
1785 896
981 1537
630 1038
1756 127
426 601
1178 1585
1618 1763
1539 1733
1530 196
893 522
915 1462
1361 806
1938 837
437 1529
1339 460
1741 1011
807 1698
242 1055
324 1158
69 1129
1755 1837
347 739
658 1884
1060 1403
1241 443
1662 1033
215 302
1790 1801
1762 1509
220 1975
1703 32
940 542
1439 85
301 1132
1159 1081
1319 25
273 1560
1546 584
926 668
1640 424
911 1119
545 1796
998 1414
1697 76
1556 229
1016 1994
684 569
1272 1345
866 1441
1929 329
1561 1799
1076 249
1160 610
1396 702
420 1092
1108 1009
1814 419
1781 1705
1760 1549
61 966
155 287
454 1663
1062 1845
1412 17
1260 1517
795 1884
1963 319
285 371
1811 1493
1601 964
317 484
587 1706
989 1641
1863 668
572 1671
487 1734
744 868
1653 414
1659 294
1759 1359
807 1569
1545 219
1995 474
220 578
1794 168
1216 1759
411 1188
98 309
1231 380
1935 363
360 1458
250 304
1847 94
1185 416
937 167
1731 967
390 1182
1141 1876
109 555
1388 827
1113 1606
1799 1270
1336 123
669 886
1335 613
402 82
1678 414
340 1761
1143 800
1533 669
780 504
29 23
382 690
1583 1654
106 41
1841 1832
1052 1067
1077 1570
1584 1199
617 182
1385 817
564 163
1778 1045
1902 1335
1788 1112
506 285
982 691
717 874
952 195
1569 1248
1264 339
1646 1164
1069 1106
72 1695
1424 1638
357 677
1929 246
654 364
1312 672
262 1933
1619 1028
1795 1718
211 1947
65 428
1148 1638
1491 1739
295 1433
1370 995
35 994
190 739
1795 1076
107 375
840 1153
1588 456
1185 1263
1088 245
327 1668
1655 314
10 1439
1939 123
1002 1263
1676 45
1747 343
1725 1867
1575 301
41 1556
628 998
1662 1489
690 616
1466 607
1184 1737
1332 624
655 1801
1948 33
948 671
718 1416
1280 207
510 1478
731 1428
662 2
1022 47
1582 709
941 251
1946 1099
182 1406
1387 875
1160 573
1073 1734
1868 901
956 898
460 1177
1600 1294
494 302
1978 506
233 849
1518 1483
1705 1728
872 716
968 662
807 1961
1247 217
39 18
1131 294
1326 858
1372 625
1246 476
1425 1076
1925 62
152 1896
1842 1668
1662 793
216 308
1952 666
542 22
1483 833
1167 262
950 59
1790 760
1170 321
1442 769
1013 29
758 1348
1503 205
1176 883
61 112
850 376
1047 1132
737 578
1258 1402
1437 1120
9 341
1947 552
937 631
1505 1621
719 636
1389 707
629 1630
12 300
1864 861
842 857
1687 1165
1663 1401
1678 1223
984 1793
1227 1321
100 1036
1084 1218
387 217
921 1253
371 6
183 1488
184 24
1933 1097
825 1270
695 1119
158 998
1583 1216
437 1068
1984 287
111 1856
1899 405
1511 1032
109 242
52 1577
406 220
219 1254
1155 1682
1646 7
1745 258
1255 865
843 1103
1528 1032
1096 540
979 904
1807 424
570 1295
1698 214
744 364
685 644
310 69
445 402
1879 828
11 1021
1548 1539
1329 1655
1327 840
1770 1678
239 378
1145 921
1290 1238
380 758
459 930
1614 1229
95 57
1033 1906
1236 1947
279 91
199 543
1891 1152
1972 676
562 157
1907 1187
921 627
845 71
452 570
384 118
21 1844
991 782
1892 1185
1338 852
1185 613
1356 1022
1018 1325
960 381
1615 139
1009 1652
734 419
55 351
1030 54
1775 377
422 419
627 1987
827 1904
1980 1393
173 98
1092 722
1526 25
341 346
1640 1248
142 393
286 297
1111 1557
106 333
1025 679
1768 1553
519 1712
1839 220
857 776
1959 242
973 650
1202 1227
1339 100
1902 1060
1445 3
1000 11
1830 212
739 183
786 1219
1164 270
1552 1963
1842 1387
965 1787
1489 1135
896 469
408 127
30 1572
1666 1291
1719 1835
1359 1731
1271 374
1278 1437
1381 923
948 1812
1050 696
844 107
1588 1198
1979 492
234 77
287 959
1384 1477
863 278
943 1826
133 1442
390 1253
1677 92
1396 198
421 591
417 198
384 1554
1434 677
57 907
1083 1232
770 1333
1636 489
1126 1635
1114 729
283 897
435 640
1340 452
1959 1832
847 314
696 1164
1059 1786
469 1759
1985 1656
1345 1330
401 1286
1662 537
1681 1571
708 341
1506 1659
473 528
484 959
1009 1329
1553 1768
717 1923
617 596
1662 405
185 927
1121 1025
748 1948
1910 153
1939 1635
427 1312
1582 994
932 654
913 505
1336 1650
977 1652
1456 1961
616 489
318 223
1673 1227
1759 0
40 1975
46 78
51 1572
705 561
739 718
1933 669
1062 11
861 279
536 965
832 1701
638 920
1414 567
84 885
1301 1844
1552 1587
1308 1302
277 1864
1496 1413
32 511
1675 440
1423 1774
1245 181
617 140
953 1343
240 268
488 866
1436 866
1974 1963
1482 924
1114 695
50 750
87 192
1434 1241
1114 1757
622 1574
1885 344
687 1454
666 343
1426 998
1996 493
1903 1431
493 1140
1265 1324
668 1891
929 1378
137 1229
1598 334
719 153
1944 276
715 662
1255 404
1131 651
1236 289
1797 767
1520 578
827 1556
985 875
1506 1561
1812 1495
1479 1479
905 1285
35 581
1582 1428
1397 1982
1114 1957
1699 584
540 1961
1015 473
1594 1638
1819 1313
1923 1495
71 1500
1017 1673
1492 1581
1579 872
1047 1137
392 1859
1338 140
537 1593
1797 1825
1330 1885
1536 1152
1735 23
1310 1647
800 602
458 1089
1916 1601
1944 450
1418 1780
970 1189
172 1798
1114 972
1787 991
383 658
690 214
1124 157
1544 892
1667 1853
774 194
1977 658
1154 517
1602 1575
1313 1435
777 997
7 1640
573 1319
597 1508
1251 1448
1424 181
1619 1837
1036 1900
1553 1421
1281 1182
40 1139
162 1354
566 1806
1084 1337
870 717
1139 1819
1729 764
859 911
1152 358
1268 1471
947 940
342 1843
570 1696
1726 1019
217 1712
1945 1155
690 131
1104 482
1512 140
838 497
1426 420
1539 1539
207 1025
1790 1084
1207 1304
68 979
471 1616
1597 352
52 544
1983 994
1911 1919
477 1818
1371 1797
75 1184
1351 1560
809 633
949 1706
709 693
1461 1029
861 1205
1521 1238
1685 1831
1434 1137
1966 1503
1015 96
1892 910
662 1509
637 1246
978 71
589 1474
786 527
860 872
968 1311
23 87
890 195
849 1288
695 1118
245 1534
1336 302
163 967
1024 1147
1881 172
562 1819
1893 1863
850 1438
1538 668
665 1644
1839 0
353 1168
559 1230
217 1698
1175 1464
745 1715
1986 488
1478 1689
1324 398
507 860
1291 556
1537 1377
989 330
450 808
1347 798
1415 195
653 619
456 1612
772 1165
1136 1702
1981 1558
68 242
104 194
1911 1650
1735 1364
1141 1362
1709 586
498 1120
1861 1063
1877 895
144 1604
372 981
1244 1516
1052 1296
551 533
655 824
799 857
499 658
1146 927
967 1105
286 1821
334 55
560 1884
1451 1533
869 1544
889 909
583 337
150 2000
1473 1867
1358 1625
921 1766
1401 1195
174 779
766 18
1821 1676
383 865
1975 1811
1882 1831
686 1512
1732 429
1226 107
571 1721
1215 1320
1060 871
555 391
1378 593
1755 656
1933 1366
1313 863
410 1672
1095 1280
984 966
1142 1133
1354 1469
325 203
1230 151
1059 865
371 1200
234 1639
341 1158
830 742
1504 1959
309 746
716 388
1649 1681
449 1382
1428 1515
156 185
1751 1671
1424 1877
1849 623
60 346
1810 905
1951 1376
1471 1444
1343 320
834 589
368 365
1363 25
838 185
248 830
1768 580
1026 36
1307 1654
1884 454
1078 1550
748 1229
1792 1658
85 435
1931 514
343 1701
1834 944
1193 78
1325 1464
810 1179
1519 624
1476 557
1450 1848
683 1144
1326 255
576 1857
1354 778
1799 1547
1724 639
631 1796
269 1929
1477 1665
1588 834
1462 1022
1862 1560
825 286
734 1971
1950 59
1583 789
1093 120
1300 921
641 1531
1392 1228
729 335
27 793
158 170
1302 1807
1171 1917
82 149
1541 323
411 256
1029 669
1771 369
282 1357
122 1971
240 1988
1684 935
1360 18
533 941
891 1316
1357 216
72 1974
1902 203
696 221
364 617
603 608
1765 893
11 618
1327 1970
1477 977
1013 1490
1156 610
774 448
1043 1982
1294 1799
1607 342
1966 694
841 1756
1528 18
1564 1424
1739 1445
980 1225
229 151
139 144
1654 1351
1406 1362
666 1457
388 269
1436 815
290 1656
1926 1629
960 1663
788 1288
1313 870
1772 184
1858 1854
1765 1538
1389 167
255 477
1790 1624
1644 1746
658 214
229 1093
793 1158
1502 241
1847 1525
703 780
626 1877
1340 247
138 865
1197 963
1432 466
654 1770
1391 0
1916 1972
1493 403
541 1488
971 1853
1025 740
772 1965
151 1506
1211 371
1756 1071
992 808
80 1263
1530 393
1676 457
434 338
945 751
332 717
694 823
974 747
1529 621
1236 565
681 1898
709 561
4 87
458 1463
1669 1093
694 1691
157 929
224 970
1118 391
357 1372
784 912
183 1348
121 1441
1576 625
1245 1239
1650 448
1215 44
671 626
675 1704
953 1287
1122 554
1435 1500
304 156
1370 1422
83 1843
1693 1824
1533 325
1391 998
1973 510
1950 997
1955 1186
1733 813
742 1639
1556 102
1830 1517
1625 1431
496 1666
174 1994
1451 1756
1378 571
506 1872
810 277
591 1575
1971 1502
354 1804
1306 6
42 1653
537 1388
408 1215
51 1860
610 1519
836 682
1416 1744
1853 1451
187 1863
588 1851
1684 228
1064 119
1297 1655
1910 1982
1164 50
1021 1795
1577 1061
747 1862
1699 897
523 94
484 377
207 1056
1894 1732
1031 1443
593 1469
970 285
1965 281
1895 1209
491 1391
1885 1990
1665 1235
1890 1269
371 803
1001 445
1672 44
1105 256
1748 444
403 1039
1502 63
1754 1497
661 1218
1343 1402
338 374
1497 1511
975 723
415 1773
569 353
118 653
1157 607
655 967
1567 975
518 1971
1538 651
837 1330
43 970
203 282
1748 1246
837 265
1485 784
1410 1431
1207 339
841 723
1813 273
1982 497
274 930
56 1724
1149 1593
571 242
197 13
229 1860
1537 266
419 1594
1167 234
988 17
1036 696
1216 1113
1959 1280
1543 1553
999 583
1869 1355
1376 164
844 93
573 1064
608 1284
82 645
816 27
223 1411
1109 1570
395 285
106 901
900 1481
1248 125
1507 1153
534 158
1344 445
692 862
1014 108
1539 1565
758 1220
1170 1558
887 897
1280 601
1482 881
235 891
76 1680
1660 921
1010 1286
1177 471
1048 1658
1681 642
1793 826
1045 1747
1702 1988
1945 975
683 1816
819 1044
1322 1423
1352 1405
1120 1349
1817 96
1796 1321
1838 1677
1826 1110
1037 894
404 1229
1240 1444
856 751
144 1510
18 180
838 538
1893 576
1397 1292
1713 784
1043 1406
480 870
1609 339
185 427
1921 1670
397 1983
128 696
1914 1675
866 1262
65 1054
1042 559
275 1381
526 885
1586 1974
1101 584
962 344
1083 1327
561 201
1184 198
968 823
1425 1920
1818 1404
32 991
245 1406
712 1008
1461 40
1862 337
1880 477
1471 1224
521 1773
581 1958
1844 1449
1779 59
1621 162
843 89
1268 1639
329 546
291 303
540 1712
1639 1260
48 358
614 446
169 1861
1206 351
1461 1440
1148 939
67 798
777 1142
183 132
882 1571
1298 741
822 874
25 1041
1495 1985
824 288
633 1000
1518 1697
516 869
653 1284
833 844
1874 1320
1506 883
747 1502
441 856
621 428
372 285
1934 1148
1192 287
1115 1719
50 588
811 556
20 1861
8 300
1631 1786
423 470
1038 608
1463 1561
995 591
1185 1771
1355 1019
437 697
1515 791
270 1394
1239 1074
416 647
30 884
104 1764
1305 660
1178 1703
465 338
963 707
1905 1236
527 20
708 1675
1135 623
1126 758
686 1680
1289 1227
831 401
192 339
1182 650
1972 1209
796 1856
1566 197
863 1352
351 1189
707 30
544 387
622 1757
1460 1953
1407 1500
1566 1823
455 957
1877 254
1169 1051
800 676
1865 273
1528 1514
627 1205
348 916
782 689
434 1884
1439 260
1761 1008
1825 570
295 1262
968 330
1756 1458
216 1933
312 594
1519 733
930 302
1489 1607
87 1804
741 325
1548 1174
1200 1389
3 527
1665 180
1042 1491
466 1389
1410 685
504 988
1947 1783
874 935
803 1264
81 674
784 1997
1440 1016
722 256
41 717
606 1636
502 292
1756 1472
1991 1732
1366 734
1077 1717
61 1922
549 785
850 1570
1041 874
167 1332
92 1139
542 41
260 1722
1799 369
854 439
1310 184
1185 732
1951 224
1289 945
1863 1886
1926 1664
1107 402
650 1638
547 445
63 64
304 1128
1607 76
1386 1106
491 1413
1003 1878
522 1716
1604 283
681 1681
1862 10
392 1029
187 1140
1451 463
1288 1963
481 1622
1067 1911
433 454
1343 217
318 1995
396 931
771 941
1960 586
166 64
1495 1828
742 384
1865 526
544 1040
1835 804
387 653
651 193
1596 839
1651 1606
1797 1371
1184 455
1820 299
1677 1189
278 46
1119 832
1732 1880
1385 1142
877 1840
1564 42
1371 1521
1999 868
1685 710
76 1663
928 826
1402 738
119 1898
201 609
1948 450
625 449
1691 1057
1688 665
976 932
962 1984
1806 1747
975 776
85 1263
433 1148
1802 400
1795 1631
837 159
842 1631
1686 1742
1273 727
401 1145
867 1059
1107 214
662 781
154 542
1027 64
1946 818
706 448
678 1761
1743 1571
782 1341
756 1062
861 416
1921 983
412 1009
332 1267
293 291
1151 1623
1600 1856
471 1541
849 2000
486 409
1204 1562
36 1743
398 392
1904 323
1360 1293
385 1749
1150 479
1059 150
1260 1998
1611 304
491 755
640 1284
146 1212
620 1359
1497 1575
908 795
760 1211
1547 1953
1686 1582
251 1076
1515 1077
230 839
808 349
1934 1658
1352 368
1798 1483
1162 134
772 1712
788 1824
1782 1275
847 1241
52 1089
1310 832
561 1428
803 1033
683 551
1591 1839
120 835
916 1038
1257 218
1363 970
68 1801
1882 968
937 1336
1499 5
55 28
1309 614
1072 12
1093 528
873 104
1099 518
160 649
1307 1892
1801 1051
481 537
692 431
395 1932
258 32
1124 1704
1589 840
78 1107
1058 1631
1850 1035
1960 1902
287 109
1399 1994
1983 1884
1633 1955
454 631
152 538
925 696
1037 927
1806 881
1340 122
447 246
909 894
1171 1227
1476 494
1323 1569
956 211
736 244
1887 389
1088 915
921 712
1019 890
1504 944
1053 1173
974 1291
1009 509
1184 585
789 1772
433 1571
1127 419
507 1498
1268 1912
1709 63
1878 1447
875 919
579 981
419 1690
665 674
1908 330
88 1098
312 1718
937 773
432 500
867 1448
1586 1349
47 919
1796 96
1386 1764
1731 789
804 86
1465 245
824 601
20 1525
276 1010
346 405
570 2000
1728 920
949 1561
494 1100
692 806
662 1952
786 279
1338 198
392 346
870 1894
923 81
1904 1004
1244 1681
214 1241
1016 972
1299 899
1800 372
461 1577
1605 1990
610 704
1803 466
209 410
681 1656
212 615
1690 1956
855 774
1211 773
546 1034
1965 422
1625 662
378 771
48 1581
1120 393
948 390
1517 1132
1799 314
717 282
1654 429
1876 294
1355 1927
493 1482
563 308
1171 1795
1262 1188
1204 1630
1318 355
1428 1627
1703 1804
1867 754
1596 667
860 1143
712 319
1875 1989
751 243
416 1731
595 666
423 816
364 1833
487 199
1373 679
1701 1917
1655 1209
981 326
1816 1828
1636 508
312 1268
60 1558
1641 1676
1201 287
866 1837
157 879
1967 343
1143 1929
1073 1293
1529 1348
862 1979
1590 772
178 1857
935 1744
122 802
1294 176
196 1473
1851 598
1746 676
536 1172
26 474
1789 688
1908 1384
22 1609
1774 1653
1167 1411
901 1316
211 1924
82 840
564 189
645 1154
1713 1119
213 360
805 41
1291 1893
795 959
131 1263
1818 153
334 803
204 8
187 534
357 837
802 1805
1411 27
799 384
182 670
1993 1848
1051 1743
1357 1892
1720 592
159 1541
1506 106
1034 1860
732 1323
455 1027
400 385
541 239
699 1433
846 1606
1508 313
705 611
108 1014
974 1792
780 892
1282 495
1674 917
735 1701
429 1685
751 489
117 795
131 1291
1145 117
1561 1527
493 291
1951 1352
1482 424
1805 373
309 547
1006 984
917 528
620 33
192 1196
1505 929
998 45
642 279
1321 1121
560 1494
360 1552
1460 618
1301 1955
418 338
1453 1509
73 236
1350 433
568 292
709 283
454 776
586 1148
634 95
1289 1932
625 833
652 1864
606 637
979 1672
1503 1259
1007 1570
1505 1034
1398 665
801 557
1645 230
24 658
1064 1309
1332 1113
1367 1158
460 217
968 11
782 1504
1991 517
399 1433
16 1717
1158 1607
958 497
540 1640
293 283
504 380
38 1293
1591 488
2 993
375 854
114 335
1613 325
227 1174
842 1028
538 1783
210 1208
1186 562
110 764
1964 1943
714 438
1482 1927
1448 1949
1000 462
574 861
385 1846
1831 677
1658 1123
1437 282
1005 95
744 570
939 1609
1298 698
429 1099
749 1554
201 41
181 613
1260 993
1409 519
27 815
1965 1474
700 1761
1425 1406
12 1370
647 1167
313 247
950 1005
1632 1739
720 87
1991 349
1586 890
706 767
1363 485
1383 1500
721 182
1748 3
1902 1634
1880 831
1987 952
1537 871
1121 1888
131 291
144 1416
1691 1239
1870 1101
1532 119
1484 1140
714 1253
1491 48
341 1101
756 103
1889 12
1218 1439
1618 1400
270 569
1572 1349
1141 1222
576 944
33 1460
147 1271
172 1755
1663 1101
1663 1044
307 1067
287 1963
1992 1003
594 1112
1107 1692
1481 1499
1591 1213
1647 1862
577 924
157 663
1794 1197
1516 849
1636 1561
439 1835
1843 1454
176 584
319 708
6 1132
227 1415
1586 1009
834 337
1015 911
1369 1882
925 227
912 1524
778 1797
1766 1849
511 1699
1067 1178
1095 1362
129 1843
207 1729
1216 1584
581 1061
1761 1826
779 108
1312 1368
1764 1718
1648 556
771 910
1545 1296
190 1809
644 1583
726 1532
1950 1252
954 846
788 1960
234 1292
1912 994
919 553
1344 728
1408 197
1198 1273
1075 1640
1705 1166
1746 521
1735 1888
918 1086
577 916
1137 1761
662 510
1042 132
1969 1925
43 1057
1254 1976
49 792
460 371
174 248
977 697
1706 998
838 1199
264 1851
857 1903
217 1627
1649 815
1432 70
1155 158
601 621
683 1940
1095 1104
1700 596
1584 1211
1235 272
985 591
767 1087
283 1553
484 487
358 1485
1632 1194
1522 239
1872 1705
1496 1300
638 1687
348 1254
1718 1128
1450 1732
578 360
1673 757
432 9
727 123
1644 1193
358 1854
700 320
959 168
35 1671
423 166
900 462
961 1213
1990 52
1940 391
417 1501
370 1922
1672 393
1458 1494
614 462
1385 678
1811 977
1823 1292
168 363
951 945
10 1054
1175 1043
1185 355
516 1693
1309 820
266 1
794 1037
1937 1444
1809 1739
644 1607
1795 124
1448 701
1399 1378
208 930
1814 1426
518 1194
978 1490
1722 1979
1171 342
1203 1948
1680 1273
887 1724
1959 834
703 1395
701 943
694 658
1060 1950
74 1481
1571 161
1070 1958
1017 1672
252 623
79 208
1312 463
903 777
1508 1854
1848 1236
999 11
346 595
1541 1404
1257 1970
778 180
193 128
209 1980
414 484
1949 1674
369 953
188 82
1863 555
1803 60
1736 705
867 1945
1049 186
1533 1607
1095 670
281 1184
1124 29
70 555
57 1511
682 1022
629 357
1875 630
467 599
719 425
1670 1391
53 1298
1120 184
1979 1268
1425 20
1881 1528
1155 49
1953 3
801 1387
1134 118
1904 898
2000 42
347 777
1918 858
1591 629
520 236
1502 1530
1277 1326
574 656
50 755
596 1108
1359 1503
1918 1655
512 717
525 1510
614 1925
158 1695
1296 1733
241 452
1777 937
1279 1609
1267 1483
458 942
228 1960
561 969
843 452
675 599
1104 1623
862 961
1592 1085
1900 1076
1583 1099
1163 152
928 469
1669 1039
814 75
1283 497
979 1974
3 1106
1738 701
296 26
761 619
70 626
1183 101
957 1013
1013 432
285 92
531 883
571 177
857 1609
963 810
1087 1533
1690 170
1516 1664
382 458
1119 601
1664 1587
606 1468
1456 727
1133 1606
1558 1078
1812 549
1975 1621
1393 234
1948 1684
1964 627
1837 737
1328 421
1554 1867
225 739
1141 1591
1387 1758
584 541
966 1454
1405 99
1338 1017
151 1834
527 437
615 1086
1390 1285
3 1003
977 1820
1421 1684
229 1643
1553 1450
47 1771
1544 1961
1667 924
1218 371
1512 1694
793 498
1158 560
473 1038
1311 1926
776 1303
1475 620
1612 1659
127 1268
1431 887
179 1725
620 1784
1930 1342
1830 1511
563 421
1915 1246
1319 1081
1513 440
1312 1179
1089 131
1429 792
1073 746
200 1051
905 465
1429 1013
1243 795
1406 1894
1407 1379
150 1598
1687 582
1239 495
361 1542
93 344
1146 1634
23 974
1514 638
99 375
1824 730
636 892
380 566
1880 1413
1170 137
599 1211
116 1291
240 1265
1907 1690
799 90
1616 1169
1598 1883
1485 944
681 754
1322 986
551 1407
1680 951
1383 479
838 1369
1608 631
1059 74
404 483
350 150
700 1921
1309 419
1352 1491
36 721
1873 704
1694 1975
1723 857
1258 812
1896 160
1220 558
1134 1505
318 600
1424 1271
147 1146
1205 757
1866 53
553 1752
502 430
1197 900
1691 739
1367 1465
782 768
1842 222
231 292
1824 626
1366 155
946 181
24 389
1823 731
775 1914
1252 891
84 124
344 363
1186 1671
692 785
830 785
805 220
1935 123
65 489
1451 720
1516 489
428 1125
302 874
46 928
276 1484
1443 1239
1597 1086
1086 1028
795 207
263 1492
975 1803
399 122
231 710
1641 1806
371 1014
1383 374
685 58
827 1800
691 1330
771 1616
332 884
1312 127
736 290
1084 770
1424 937
243 1334
101 1643
883 1187
2000 1451
1634 1284
606 226
652 1117
988 355
1428 148
829 447
978 67
171 374
1791 189
1724 1187
723 117
1010 1060
546 400
1402 1849
399 915
1641 482
1222 1896
879 226
25 69
450 151
281 333
1814 133
900 1427
7 747
623 866
1136 1512
1774 691
1179 1334
865 1465
1152 632
1157 330
1592 1913
251 1027
1816 1834
1707 83
547 1289
1347 1269
1802 327
807 1043
1127 825
826 1716
1208 239
375 871
1183 184
1454 1857
61 158
498 792
144 542
1541 1745
973 1521
18 44
1999 1071
784 869
1601 105
61 1105
635 331
640 433
1711 1071
1939 1454
1900 765
356 1541
1944 1126
912 55
216 1472
1954 1637
250 515
771 627
800 1022
1572 391
214 1292
1039 344
1091 1537
1125 1397
1951 1285
416 1462
434 1820
311 66
1185 439
133 70
225 1364
1801 1263
914 1072
330 703
1314 638
21 508
382 966
389 1478
1870 470
1646 698
479 926
573 1928
1644 1096
1783 313
263 1741
404 1906
53 1524
179 374
600 313
257 460
1760 1887
1529 446
252 72
1418 431
182 454
1479 1892
1378 942
868 1258
884 1671
865 345
907 1339
1710 117
1136 1611
1823 549
1327 1306
1006 296
632 1861
1788 596
633 272
1453 1960
740 440
1850 1226
417 1087
963 842
954 647
1239 1686
205 348
1062 1649
118 1386
1366 448
1301 1450
819 398
1162 320
1894 556
55 254
1184 99
864 1159
707 1206
1162 202
1587 1840
474 650
1346 1345
1399 141
1592 355
709 81
1004 200
1702 158
1456 814
482 722
869 995
1077 762
256 1315
1541 1416
1949 1555
1222 1216
231 722
1397 1715
1863 1372
611 202
4 1635
868 1691
918 1030
1163 361
1865 609
1683 1106
1921 826
242 878
1063 21
1739 33
1521 1921
1836 1097
1961 950
1478 1105
534 928
204 1560
1167 1725
683 670
156 1761
1254 155
957 1996
679 1671
1527 614
1243 1141
880 849
522 970
9 1792
207 1875
1857 1549
1496 46
474 440
1005 1195
519 990
1235 1849
189 185
1796 1725
4 1174
89 1594
663 1336
1817 1555
1460 1735
584 1165
875 1034
867 1735
686 298
1225 1463
1754 237
183 532
160 1045
347 386
1753 1627
737 1854
1289 1508
862 644
373 529
256 820
1394 96
699 975
407 145
694 1801
1193 1865
734 995
22 1507
1363 1481
238 322
61 1612
1740 429
1509 952
976 1029
1158 1592
34 287
98 1429
1717 1714
1937 151
1348 688
1040 952
1686 1151
1446 1259
107 1163
420 1608
574 1856
908 989
1006 1058
1253 293
1304 1932
327 683
1292 1238
587 379
991 1709
1664 471
1554 1045
919 1663
49 818
61 471
1930 865
252 1079
1084 957
1999 289
895 1355
338 861
1984 272
1733 1820
963 1959
1749 1623
618 1580
590 1738
427 1432
584 1235
565 187
1953 149
1942 1155
159 18
390 1456
266 1623
1117 995
1182 408
551 1000
189 491
1937 1811
1975 1676
1158 601
1977 1892
1183 942
1485 827
1294 315
696 154
1544 1666
157 1048
1453 1395
382 1015
207 47
265 1897
1451 1375
1698 874
93 1817
970 1066
1312 1439
848 848
322 595
815 1026
1704 1966
1160 1816
1055 95
368 1933
1516 943
186 1413
486 62
315 1411
1063 740
1399 867
1246 1337
823 1342
422 629
805 538
1982 899
131 934
210 1968
464 1853
1254 1274
166 905
424 1312
1841 1572
139 1704
798 1908
1837 1168
44 1476
1237 466
419 953
336 1370
465 335
887 1857
853 846
1818 1327
1998 555
837 1733
943 1690
1269 469
1082 965
869 184
660 228
258 1156
1359 636
408 691
1983 1603
1867 296
905 534
1051 1121
1822 67
339 974
756 26
1838 1949
197 516
1964 1953
1406 1010
1029 1441
467 498
1977 158
1881 514
1858 1840
1554 265
820 760
1202 180
1148 493
1090 1163
1732 1515
1835 531
1359 1101
1858 27
1414 718
1161 1599
704 864
1090 1010
1864 23
1538 160
723 311
1375 815
1144 1708
564 974
1376 1366
1966 1466
1715 678
651 362
787 1453
550 962
1878 692
70 1126
1091 1117
1793 671
955 1316
1498 969
654 393
396 88
605 603
1244 1886
338 1140
1236 1032
1051 863
1918 748
1261 1927
1787 1307
325 1690
1508 674
664 105
808 1177
1939 175
798 634
1150 765
1103 1792
1474 1634
1375 733
282 1736
1103 1471
1004 1496
598 1763
591 1840
988 98
1341 1344
159 1295
1049 1868
1417 1537
1938 442
1189 524
1522 204
1602 1619
1538 1484
791 639
403 919
302 6
1061 1731
200 870
879 1008
1315 1393
689 876
383 815
1344 571
771 328
1325 81
528 366
130 988
1242 756
1999 518
917 1883
1850 694
1256 1145
350 539
1032 1736
1679 1451
165 1345
1168 820
525 1929
1581 1852
1434 458
1857 1003
799 1660
1745 16
1351 14
383 412
574 1849
1244 1173
1362 1896
905 342
715 1165
662 666
1555 100
724 1680
1696 55
637 1987
419 713
11 1927
1809 1213
1663 168
477 327
1898 412
1831 370
1268 1451
735 1764
949 120
422 1659
425 1441
554 705
537 67
1315 147
738 430
1572 905
391 1790
1896 29
752 1180
988 1807
208 1849
1019 991
570 1455
1099 1115
244 297
930 1547
1192 989
1043 802
970 283
976 1058
715 1629
105 1850
503 748
722 1216
506 1867
490 1432
111 96
1061 6
1074 45
849 785
756 893
1489 1076
1419 916
1048 1510
1930 166
1575 269
1612 1001
853 1779
74 1345
457 718
148 950
993 617
518 1799
1983 725
1179 985
1395 777
1796 804
1267 469
1604 1755
67 1121
477 1850
1764 456
1776 1754
1681 901
1764 1180
576 1147
1661 238
1536 944
743 820
680 539
453 1532
653 585
1029 637
625 1495
1604 1682
1469 1715
1095 275
870 270
1783 1719
1716 1992
1567 1180
147 1659
422 15
136 176
1415 1876
1283 1076
644 819
1919 1352
165 30
581 819
1576 776
1572 1635
705 160
649 1893
1142 1606
1987 51
1737 1904
1376 1926
1247 772
1112 68
1319 1682
709 1134
252 530
440 1412
1443 1257
566 1075
1644 1331
523 66
1491 1375
142 1539
1894 1167
688 650
254 1530
665 1247
777 577
189 1936
1062 497
373 1598
635 1176
202 1750
4 742
1187 1362
713 111
1821 1880
227 1197
1288 929
1516 1697
1072 430
554 1316
273 715
1362 1330
734 1026
1715 882
1380 1828
1705 484
477 1240
1051 794
1819 1264
1137 1996
1250 888
930 1284
1825 1082
1486 812
418 727
387 402
1762 589
696 322
621 879
1407 1768
913 987
1111 851
252 2
553 356
194 1572
205 124
1578 1963
878 460
411 72
843 440
685 966
709 777
562 1737
365 805
1285 1198
884 1268
1251 1697
1887 1055
724 921
923 781
1332 1117
1927 1013
1918 257
244 872
1592 1948
337 9
1985 202
648 471
1309 441
188 1128
455 637
702 1499
1416 991
64 891
65 1719
55 1421
1154 166
1810 1081
1295 1634
1727 1406
1304 730
1 1614
109 1420
774 1108
210 722
437 1183
1624 1402
490 1753
1470 1187
907 1415
868 48
1595 1955
323 1283
646 1950
1317 21
1610 1376
916 842
1050 1945
236 1418
1707 1181
603 1756
1356 21
323 128
1498 1683
704 1794
386 285
1188 854
157 576
1819 1346
1828 95
1986 54
131 822
1875 1749
562 1213
9 1512
196 226
23 553
1758 1762
1794 825
1017 420
1954 164
1738 840
1575 1650
769 398
365 1098
744 362
1816 263
724 845
1471 606
601 928
481 654
1920 653
331 949
1713 1214
1092 1876
1814 1716
400 162
794 165
931 1786
1380 1402
341 911
466 1822
847 1042
774 1571
693 557
71 1822
1750 265
1069 489
653 659
209 1584
272 1552
969 1923
640 1720
968 194
982 393
127 1934
456 406
1236 910
121 822
1890 1845
1400 817
1761 1904
126 519
778 1240
1192 230
437 390
1405 1274
914 1772
1418 142
1300 1744
66 1714
924 371
960 1817
892 356
1741 1900
1147 1613
1743 1124
1168 816
1647 1339
374 1139
1625 1747
232 568
1245 1375
1778 1608
1648 1855
1757 1079
1806 886
78 395
1036 1185
699 1278
1379 1412
1353 1889
1197 435
1673 1023
1533 809
516 788
1765 87
467 1798
1611 448
1180 1302
1823 900
205 1092
906 1910
1105 1270
141 597
1022 1307
1310 927
415 1417
1731 381
796 1033
1324 1191
353 278
1113 1915
1297 261
461 226
881 877
1073 365
1296 1552
1145 184
1220 1994
1431 1562
1502 61
1584 82
1994 276
981 701
1365 143
646 592
1796 1582
1335 341
1814 1852
1796 1792
775 1143
1175 389
1685 1054
665 270
1071 127
1837 1184
1773 857
967 599
713 1142
1391 44
160 741
908 334
736 1685
1359 1586
1179 1602
1785 1179
396 643
142 1689
1225 1769
593 136
1558 280
768 191
1989 613
187 1768
991 1774
652 982
1249 1138
332 1016
1668 520
342 1409
1102 349
1604 1772
459 1747
1468 1094
1844 229
935 83
1714 682
319 106
533 972
478 1954
996 255
1937 483
1507 1775
752 187
1288 749
1354 999
1889 372
1776 1292
260 982
967 1415
222 543
352 1909
629 1773
1780 1542
413 1900
1857 1208
902 1650
5 232
1567 1021
1529 1442
1915 1928
1774 347
550 1146
1905 1233
1527 433
1272 1213
1785 267
630 1482
1317 802
1009 537
803 535
1035 110
38 636
791 929
165 1536
698 1005
1001 463
925 1951
615 1893
1968 245
398 1766
1646 1260
850 1214
1395 369
1158 945
1629 1102
6 1898
260 270
1822 710
432 838
1495 75
338 748
1826 1785
1522 963
924 1218
993 1642
1873 1746
246 1882
1498 1828
1673 850
983 518
270 1792
486 937
1531 950
946 1259
1923 281
1574 690
1818 248
982 1506
118 880
869 71
613 344
1677 4
1533 1648
1911 558
1846 214
529 76
24 306
808 1635
1265 391
834 832
1550 1999
181 1202
197 331
1596 98
942 884
491 102
1355 1381
1362 1895
529 507
673 177
1432 733
1976 1040
864 1395
140 1625
818 894
1040 1473
833 347
1430 1243
1999 1940
1954 455
962 190
1911 1139
579 1682
1097 187
1382 394
1174 1762
769 54
293 1409
63 1649
1647 1292
1335 69
338 437
1737 1246
1400 503
1859 660
1440 364
1015 1239
1773 672
1678 1704
947 463
972 1596
1429 1040
407 1848
1178 1240
1017 1956
817 887
511 1920
657 154
1637 380
1802 1213
802 1167
1172 1281
678 586
707 799
496 533
1120 504
1696 1762
155 1497
1475 379
430 680
1762 1478
297 293
935 730
160 1224
225 228
1556 447
564 528
448 1710
1900 33
1006 437
1490 284
420 1507
970 442
1276 1109
1880 706
620 732
107 60
136 1807
148 1608
375 1201
995 1961
724 1091
785 1500
356 1790
1080 1099
1878 204
601 1044
1134 61
2 1445
1789 1188
1114 1954
453 1731
1844 684
1417 1393
71 1288
498 1603
219 800
1610 837
1280 1821
59 1809
260 1577
1436 1478
703 1531
1534 1628
1050 1167
1359 157
786 1717
766 547
45 1821
377 1952
1990 1389
897 1732
1013 1148
1962 845
1899 1389
959 1152
1346 590
820 1573
1999 917
953 1781
1056 1534
269 526
339 458
735 136
567 339
580 121
1023 632
1607 1770
751 661
1113 337
303 1337
1125 1262
955 765
687 664
1192 201
347 1762
297 728
1206 541
74 1145
237 182
863 1775
496 909
1232 166
1554 1994
1250 463
751 1238
1090 1078
690 822
1490 1561
1471 1237
1023 797
780 1772
46 40
1579 394
22 1116
1878 1984
1587 768
1276 805
1437 1543
958 1897
272 1357
939 1511
77 1807
1767 124
429 1577
802 948
1927 48
1015 296
1995 729
1772 1517
1828 642
1805 110
875 745
840 650
1419 731
1997 1159
430 1623
1660 1676
435 238
1405 400
392 1674
23 1476
1525 1726
924 1287
1749 568
893 738
402 1417
2 975
500 1601
1575 1557
1286 1370
571 1169
371 546
1305 192
587 1110
1795 373
1097 807
701 1796
1775 1396
164 785
73 682
417 1284
968 1473
1067 1427
936 886
1757 1368
353 1595
913 1096
1773 374
243 1759
628 245
1797 1855
1819 1218
965 1560
1889 1918
1448 390
191 755
1225 1886
480 9
623 1512
45 126
228 610
1710 624
1201 1275
1841 1164
1973 982
1819 571
137 1354
294 829
197 643
1109 1098
882 788
1633 1766
692 1202
288 456
1575 781
153 1003
32 1168
1995 1509
856 769
76 440
1834 794
382 28
814 685
645 1855
40 504
619 618
1872 1871
998 231
1069 757
775 1580
1421 252
1617 1104
381 776
1759 645
669 103
1608 1054
1878 546
1403 1873
252 1150
265 650
1053 1455
1625 1596
1729 1525
646 544
1549 1411
245 432
713 999
571 1799
1284 1536
822 842
1317 1790
1520 102
1932 419
679 1304
1319 1076
556 1135
1695 1581
927 1532
155 1314
259 156
430 161
220 1509
274 1820
1842 143
1139 1420
744 694
1299 1919
1366 1642
566 392
446 317
1824 390
1649 432
723 998
800 736
1942 1332
1177 198
1138 1651
1270 521
289 910
1555 934
1594 1331
1119 1826
1261 153
717 1994
1073 1587
99 595
1498 916
544 912
430 703
431 1482
299 1050
1977 1401
1619 856
1123 1739
1512 1688
351 300
1985 1539
32 1142
8 1383
1224 1517
818 1195
1868 1023
1810 846
959 1668
469 1508
1156 195
1740 839
1691 1008
406 430
1472 1107
226 1030
951 293
991 1894
7 1831
1317 443
1375 1992
732 679
1177 1801
1016 1514
1267 1005
1249 1459
1288 958
215 543
1157 932
1625 967
267 944
1979 1602
1023 1757
245 101
850 1539
1509 226
474 1580
1903 804
1058 289
1006 730
292 1549
552 55
775 534
1993 53
1110 1784
37 309
1472 1559
1148 1303
1424 355
1973 1438
1287 1869
105 1818
1391 982
1611 789
1179 71
1811 655
1679 310
650 1830
628 1825
1201 1387
208 1940
1696 1564
315 63
997 1098
117 1647
38 672
1349 518
1831 1415
447 1806
1730 1024
626 920
301 132
1340 535
1451 993
1748 1224
402 426
145 1069
24 1700
1714 1203
562 1590
484 1366
1280 1922
1333 215
1118 990
647 1693
73 393
204 1577
1199 961
1175 570
1719 390
159 1802
788 1153
1044 1418
82 261
513 1216
1869 1638
1437 1649
1918 1203
1168 599
970 776
1141 1450
1487 490
975 1506
1661 804
1013 1032
1579 102
1237 146
792 1978
1807 333
1824 724
1393 251
1219 816
1768 1085
1529 254
1273 759
1340 737
1358 1344
1850 405
1918 76
762 314
440 1029
1359 796
949 833
484 8
1863 1388
394 1369
607 1273
1116 467
244 486
336 739
360 1380
367 278
613 1194
100 271
1351 275
1815 464
940 1049
1214 177
790 476
1617 490
1499 513
1316 671
1366 1961
1118 230
1152 1547
645 1898
1090 514
205 1066
1847 369
195 1597
1599 78
1541 1171
1514 320
23 1542
1587 1227
976 2
195 625
382 259
178 1080
1347 1501
812 1498
356 1861
922 1348
156 1766
1721 58
1989 397
238 563
751 1207
485 1732
782 873
300 1704
1060 1640
1716 1991
1469 438
254 1557
393 825
1545 719
1161 1113
841 1343
412 1377
1879 675
1250 391
84 1546
1050 84
250 1483
1719 379
1613 1231
1611 719
1245 1886
1899 1149
916 763
109 528
1326 805
1456 140
1766 1305
1739 1042
696 686
1748 1633
315 240
890 1238
194 1096
1837 807
1822 851
559 530
852 224
168 1122
1724 355
1530 569
886 244
1499 777
1674 649
1765 65
1556 291
247 639
1875 1764
33 1183
1073 864
1709 572
34 811
1004 1278
505 1090
1984 1817
361 642
659 294
1273 166
343 752
1103 1780
1919 1855
1975 565
744 1708
1852 761
1536 968
1334 930
95 1980
1810 1981
795 1127
265 837
141 977
768 1739
1777 282
1431 851
752 387
1502 166
1588 1402
29 114
1218 280
1503 1018
879 341
450 740
403 501
1727 1801
1150 1874
1958 1539
1929 1781
543 897
1216 1226
1516 1901
1116 1912
512 1943
1226 224
44 844
1083 763
799 1046
1223 147
778 1178
962 1473
995 1050
1471 58
1878 1025
468 1795
195 582
583 1871
10 195
1748 293
1911 1824
1666 105
1654 1232
1102 350
1703 1765
1232 621
1019 1345
465 1415
741 1592
627 417
1871 1814
1096 240
1488 320
1116 1743
1565 1923
609 1710
1711 601
1158 1153
1891 1200
32 656
489 1989
1721 1603
1785 1305
1820 1416
1205 322
575 902
1156 1499
1866 577
388 1927
277 1111
907 1676
1236 1143
982 354
543 173
1703 20
980 1107
830 1643
447 1671
680 645
918 1659
513 113
1445 1946
1904 613
1244 1637
972 1372
914 1480
1947 1622
1626 527
1222 1633
839 1814
136 1117
1772 1381
734 931
1025 1860
1181 297
1056 622
48 278
625 1893
1237 495
740 430
1756 1626
1294 989
658 407
1892 756
1909 821
993 1578
638 295
647 1338
1653 1250
211 798
516 1760
311 81
1202 2
1489 1485
660 1571
1280 1969
200 451
307 386
1991 218
1494 1574
850 323
1282 843
881 1161
1336 546
363 69
1414 532
686 1562
542 1460
1924 1169
40 381
770 763
761 163
391 600
1737 1869
998 1219
545 717
528 433
74 1947
462 1456
624 846
827 1644
1579 677
1883 770
1935 68
79 378
205 438
1776 314
1862 73
72 1830
1298 1109
868 59
567 935
665 1232
1702 333
57 1971
1739 572
278 349
97 746
1092 1822
1616 1321
1905 1869
1010 112
356 518
688 852
722 247
1671 1212
609 1039
963 633
97 1834
1191 693
1397 1914
1068 829
1443 1050
521 376
736 926
914 936
291 1532
219 1719
484 1912
1457 1785
1452 536
705 156
1811 1240
1383 1252
1186 231
137 152
1796 1440
580 979
1658 1970
330 1293
1103 1078
1385 1674
303 1700
381 1963
1517 1440
605 1898
836 160
1614 1477
1034 1390
914 1208
1162 1979
181 1987
595 1060
131 570
1479 1440
121 259
1038 581
1860 1072
1893 1389
1333 1458
927 956
1080 283
631 21
1068 1322
1711 1504
725 1542
773 1529
1430 1299
600 56
1504 1539
1281 1302
1324 441
84 845
356 179
484 518
1000 411
1437 1783
516 1907
415 1633
736 29
270 959
134 962
1613 1087
1563 1343
631 809
1717 526
1023 1106
1338 671
1380 669
40 928
800 647
1782 1712
14 1086
452 971
1766 1394
1057 1318
1621 1234
44 778
779 1676
298 900
907 292
541 397
977 516
1873 877
997 1304
1750 1898
1905 630
62 345
909 574
1498 445
1874 448
929 1214
934 1969
1949 1309
478 1379
634 1450
178 876
725 637
1489 788
943 839
1325 325
1153 1872
1696 1833
1272 1782
992 563
1387 491
1531 2
859 869
1276 1141
178 66
725 589
330 1368
1068 1580
1524 1470
1184 483
1932 748
178 472
899 1835
1150 980
1518 1327
1477 42
189 602
1674 894
1004 415
193 292
157 1468
1291 217
788 188
573 1175
1593 985
1424 1685
1707 311
903 143
1133 1211
1945 805
646 827
590 1176
440 1288
1897 1873
891 1491
274 1259
1864 997
763 1316
1858 1235
333 273
1389 1080
910 408
953 1990
1193 1077
462 296
1170 1648
142 1527
925 1054
1622 1267
669 782
734 1041
1326 48
377 1741
1920 619
293 1272
1633 1582
448 648
245 766
915 298
474 704
1742 323
223 937
190 195
258 743
179 654
585 1539
621 1362
621 1895
912 1303
100 109
210 1159
43 787
553 848
826 776
607 1395
157 1940
968 1382
43 1434
1083 1955
542 531
1103 1907
989 1988
451 589
1099 1327
1465 579
1425 1981
298 937
233 366
1747 1350
1759 1156
1715 135
912 946
1103 1873
1183 932
507 1452
1010 829
428 1864
1284 108
1053 1358
1342 742
858 1460
756 297
2000 1115
115 826
418 1894
85 224
1687 1580
1278 1007
748 1233
298 962
939 1540
396 1021
1418 422
279 1807
224 1045
535 503
890 369
503 646
1782 1628
561 155
891 1046
469 84
876 45
1814 943
25 457
452 300
1605 1231
549 73
1207 1840
345 1333
873 196
109 1419
873 945
1686 417
602 1528
350 1427
991 1188
675 1826
365 584
80 1478
1336 766
173 1994
103 231
1530 848
674 487
1360 399
1779 1537
1153 510
528 1199
1696 1260
1675 1560
704 1868
1722 1472
99 0
813 181
1391 684
1019 878
1849 331
788 397
1655 1565
1746 1462
1709 52
1066 1975
1425 786
356 995
1603 570
526 120
691 1869
1797 1268
1758 1602
1190 89
720 1239
1967 1411
985 1198
1717 53
1430 1537
643 550
1334 855
395 778
1415 55
1756 534
1412 941
921 402
361 1913
1869 1509
1504 1428
930 1080
721 919
1724 1587
1451 1141
1557 1392
835 214
1522 198
1736 16
710 1038
1947 1771
1704 1884
324 191
852 725
677 1951
1659 410
402 646
1783 28
1743 1269
522 869
1772 1185
817 1382
1806 1369
1828 405
1068 1525
38 1616
1543 1935
557 1190
670 358
1724 1720
1707 996
478 1778
335 1769
1811 366
205 188
450 1177
1438 517
513 1742
1781 806
21 564
1461 1812
481 1134
165 584
0 1423
1560 1898
1395 1585
1325 1507
1968 190
233 487
631 29
1297 1341
1843 1613
1708 369
1894 636
1368 1132
1986 1875
355 187
1537 786
173 1017
111 1865
60 838
1394 900
1720 1291
1169 147
1806 1639
841 1651
53 30
1118 1883
1859 1061
379 732
814 216
1598 1533
1628 981
1169 1173
1554 1708
134 1926
362 1793
1446 949
1918 147
1313 545
894 636
1217 463
88 1230
1134 1845
941 600
1839 780
1837 1344
1042 570
820 1643
1752 1936
1661 300
