1000
1140 1595
645 881
440 1887
746 418
1245 186
1332 1102
1559 1619
343 351
1207 1559
867 98
452 754
1743 401
1955 449
417 150
1540 1670
843 848
1338 1355
1095 1435
1303 931
812 1089
1822 769
690 1965
950 1406
1360 317
1495 212
176 444
564 512
892 150
158 1546
1493 1958
827 1664
26 1954
1567 1207
1009 699
355 322
779 684
1961 724
641 1744
955 1588
793 441
1491 958
1056 1402
1933 979
1753 1039
1314 1783
213 1670
123 1958
1756 1276
1250 1325
718 1804
1068 165
1177 1970
1081 1699
465 1764
634 1627
77 685
1545 1547
1634 1464
1431 635
1013 1780
1249 1116
626 656
1601 525
867 303
343 364
1250 136
1934 146
571 521
241 1770
1077 747
1501 257
744 543
1070 1116
610 336
741 259
1580 429
1109 1610
1442 1654
1877 1137
310 1964
735 43
397 30
1177 1198
839 794
287 1629
340 1114
1082 438
1847 1073
1161 666
958 659
611 1049
311 1953
660 20
1700 1136
1386 1219
1484 93
1184 1363
1011 391
373 523
262 1520
1031 963
29 1217
1673 1832
712 1579
1695 1675
1896 1999
142 441
299 1455
1064 1638
1204 811
803 320
624 1125
910 1876
354 1839
1182 1155
317 316
880 18
360 1627
319 728
1078 479
1557 1483
628 1276
75 625
1664 1463
1607 861
444 535
523 1999
831 1430
1234 595
1678 761
514 1146
1366 1203
1557 1863
1560 192
806 1038
1539 88
42 1627
941 1686
734 1107
650 264
990 405
1548 796
1536 81
429 1401
844 1224
629 1973
198 1243
12 1466
353 692
802 1045
453 1804
610 659
1567 1861
531 1530
371 209
1153 1193
89 1630
1245 1120
1463 360
1090 1063
531 1435
718 97
779 775
916 1995
894 1302
1508 1706
582 1362
711 1607
1449 1175
363 285
261 1514
1292 919
857 716
817 1321
1901 576
1849 384
1581 42
363 682
291 1436
512 1238
1760 217
287 287
337 918
381 697
564 590
895 1588
1281 943
932 1221
260 362
68 246
1674 1218
205 1401
1023 1294
1235 410
838 1188
1152 1627
865 686
1564 616
801 1625
1099 1626
694 1575
851 1006
959 1891
832 680
1301 717
1018 1032
1243 1032
283 1201
1555 284
1157 1926
769 1287
472 1171
1763 157
331 843
1292 1755
839 1214
1321 318
870 434
23 760
573 1426
1573 760
252 1515
145 830
1309 55
1080 1714
990 1088
795 582
1627 1165
1338 1375
843 268
265 1572
524 1983
674 1534
1796 99
255 1349
1443 439
1892 924
550 1814
1579 1693
505 884
785 970
804 613
1085 736
1546 854
1203 84
1196 688
1383 1537
1758 1179
1050 1725
1173 1764
215 323
998 839
1373 460
1418 1709
557 1190
969 1685
652 1895
645 289
485 1427
562 847
754 763
135 1104
1306 1800
1032 583
1979 900
44 811
176 468
1539 1867
911 1056
609 1671
1234 1675
161 846
1917 1143
1591 1211
84 1365
1250 1931
1205 1290
551 811
1679 532
260 1132
1378 83
910 538
1398 1032
1103 914
125 935
1321 1014
535 623
1921 840
1835 619
394 1468
568 939
647 1011
1001 755
675 1746
336 147
806 709
745 454
186 297
774 1237
890 1238
522 558
209 1535
139 553
700 1569
1190 108
1905 132
1557 1955
1686 1749
935 1217
730 671
772 1153
1011 1848
232 1301
416 571
16 1124
1147 762
1108 1109
1010 991
986 76
1812 1062
1950 199
114 242
1710 1226
46 693
297 705
1920 1822
1104 750
370 1198
415 1951
1852 558
1398 945
1417 1
1897 839
289 1436
212 1115
414 917
1551 1326
1776 1111
434 1999
916 1313
426 863
491 1424
68 631
1290 578
1472 1131
1407 1802
1259 821
1846 592
946 908
1000 137
1871 1606
815 292
677 393
1407 1722
1149 1756
43 157
183 982
1119 72
1171 552
131 1057
1111 1810
1345 1284
1758 936
310 597
1528 1788
496 556
1349 29
1921 1969
218 967
462 363
811 1321
903 1943
1545 1286
1012 1200
364 579
554 1120
1441 1004
214 962
1438 1980
606 1682
131 650
1654 1468
968 1372
170 1383
1123 1682
1040 253
272 78
161 496
1153 44
832 1017
1783 409
1277 1812
1728 755
116 1583
1653 114
1753 1933
112 996
1877 612
769 1186
1928 826
807 683
612 1262
830 175
1412 742
88 1950
1819 229
244 1319
297 526
1498 215
724 647
694 41
651 197
53 576
1368 1564
773 1983
1370 1227
490 711
1055 1347
18 972
1690 1335
1303 530
1700 1207
475 868
1331 1735
1710 1275
1256 1129
786 98
19 950
680 187
973 850
1011 609
563 55
691 790
288 65
691 769
572 424
1448 438
1321 588
338 1865
1784 260
196 856
1541 802
1355 503
165 8
77 1334
265 530
1475 879
1985 77
1947 17
1542 1427
1722 1418
281 635
1892 1857
922 1967
930 368
682 275
1126 1277
705 1404
1267 1318
1261 869
1781 377
1904 1389
1369 777
473 235
220 1663
330 1387
211 773
73 1256
1382 1401
1497 456
1083 1028
145 1004
671 997
1035 1309
1058 590
1825 1170
930 298
1375 547
1041 1678
1693 391
698 1559
1930 837
297 724
1942 392
1359 1118
1688 1035
1082 596
1635 142
286 1243
330 734
719 309
484 37
1046 435
1888 1514
638 645
1164 200
408 555
268 1629
456 641
1470 235
1059 976
1238 144
1654 1397
446 880
1449 1798
537 702
495 1337
60 1702
460 167
743 1369
526 872
590 1374
1875 1519
1416 522
1921 488
548 1476
1620 1744
1374 513
725 64
130 1434
1660 1181
1443 335
1930 215
844 1939
662 733
1265 787
1191 1015
1481 1543
398 631
1621 557
503 249
1482 1529
41 703
525 1405
1555 317
1489 46
1576 1196
1003 1819
1671 1950
826 1947
218 1336
378 1598
1027 1955
24 306
1052 1246
1502 607
1486 969
1965 1544
140 959
231 381
1689 371
850 42
735 238
1566 153
153 29
313 402
104 430
766 347
1354 844
420 1037
702 1296
1614 989
486 724
1461 383
246 1444
1221 174
1298 999
1691 1306
364 340
1225 1537
925 175
437 1242
828 1069
849 324
1408 1351
1715 1402
283 1144
184 597
337 1097
1682 454
1839 1942
1081 1889
612 188
894 1519
1899 1102
604 1649
1991 804
1216 1561
1979 1082
120 1197
1508 1285
1285 823
1035 75
1776 61
313 681
1722 1390
77 1831
1227 1937
1926 254
1662 1885
1936 1699
783 324
913 74
547 898
686 1671
1854 260
1577 85
1196 530
1005 1992
571 684
617 687
856 304
1458 745
44 1812
355 384
474 1525
917 1559
228 126
1440 799
371 579
695 49
1746 1000
142 517
1621 1219
382 224
222 1005
1745 217
190 1002
526 324
1106 1407
809 948
701 1782
418 714
1834 1740
1753 1794
1997 1634
1964 1842
1099 1281
700 855
1554 492
1973 1106
792 1925
1060 1802
86 272
1196 85
1318 480
1001 532
1494 1109
495 701
1483 658
1378 829
1861 33
13 398
214 223
1101 1150
1558 527
1188 1158
1011 1605
63 200
1123 1285
690 869
319 1495
1569 923
140 1117
965 1678
1031 665
1626 258
28 20
702 313
1887 1818
342 1091
833 1484
54 917
288 1076
1538 1930
338 940
3 18
316 1896
1057 1325
1317 319
1616 213
1077 936
271 702
1324 1569
1788 1301
1739 1276
1621 369
271 1048
274 1660
516 1114
1216 1056
197 677
912 1997
1440 70
817 874
1084 845
1959 528
536 990
244 1953
670 1123
1196 1352
1510 198
929 1654
627 1387
201 83
906 130
1034 1992
274 1379
207 122
897 961
1291 1384
909 1710
1369 859
474 14
133 606
1404 302
1755 1310
755 1297
92 240
607 273
936 276
1838 1305
471 1086
489 1365
1081 1159
128 1308
1334 686
1949 230
1797 187
760 1150
52 1593
1804 828
1772 426
468 334
1218 1494
1854 348
961 919
363 1123
516 1682
809 333
352 1036
680 1671
421 1636
1921 1026
611 1919
1596 26
1076 1947
732 1183
1110 901
1370 13
607 486
647 1456
238 1643
84 549
723 671
593 705
1286 170
1449 1427
149 1169
408 796
1318 1025
1511 1144
790 924
1592 23
329 704
90 1150
594 1012
746 1182
54 412
61 1619
1453 1266
929 794
1580 150
1490 1604
10 1074
1885 200
885 832
1922 627
293 1810
1963 110
1777 853
402 1175
1316 211
962 1999
1258 839
1114 463
1050 1412
1111 370
539 347
773 1693
1682 761
1400 1752
593 1554
1034 1492
143 693
1996 1713
401 134
1196 1207
1366 1488
577 993
707 140
1942 903
899 995
1532 461
1895 1321
451 1472
862 1777
1724 23
900 204
1956 1478
1762 1897
394 1848
805 551
1556 939
387 1800
1186 1597
693 704
910 740
369 1562
1830 335
907 1917
1946 1705
1779 737
1185 183
1961 1076
1849 1870
1341 1502
1197 1294
1423 1655
1801 618
19 1212
984 234
942 1564
1763 1051
877 1407
1536 1598
1785 144
1389 289
252 1162
1394 858
381 1189
487 520
1811 1758
524 734
385 827
1878 1258
949 1973
838 1950
1094 1320
428 1787
1832 1948
1049 405
682 595
929 1634
566 1398
1481 523
966 1640
214 218
1853 519
917 240
1001 1720
408 1075
689 1885
223 152
473 458
570 1388
887 43
840 363
260 654
1820 1283
1663 1358
686 1990
1906 749
1351 1568
1327 576
1839 46
1859 569
991 1301
620 290
1294 447
1889 341
1959 1298
997 614
1489 633
1304 815
1465 1295
1593 224
1331 1084
1603 1178
300 1363
805 455
896 1797
1380 1781
240 482
1233 1713
1620 1007
1127 927
1000 1892
60 1811
692 706
1889 276
1321 420
1108 1750
353 1072
1331 383
628 1918
1560 1719
601 154
654 409
1058 1424
969 971
1611 1873
260 1200
1980 309
734 382
1316 1454
1755 737
591 1853
1318 627
1876 385
56 1644
783 724
188 1426
1791 362
1170 1288
329 1902
916 1720
1179 945
11 1388
101 193
989 1671
1952 655
906 1142
742 740
1667 289
950 886
1314 381
1395 495
1044 1700
1447 196
326 387
1769 1921
1009 642
1121 43
438 751
39 551
145 506
543 1345
1614 32
710 206
967 805
44 1560
977 1887
863 95
1621 468
1784 1384
1634 1202
1913 1039
1138 384
988 703
1113 323
662 1970
57 483
411 1585
1503 194
1836 1595
1691 1362
1661 704
439 110
409 487
459 1586
1111 1744
237 1314
1477 1219
1856 1626
76 1845
659 899
1945 1604
1037 1813
1441 832
843 262
1449 729
1154 134
747 784
1587 369
1723 1303
826 1613
41 260
995 1764
1374 748
1255 1472
1893 813
1027 451
369 757
1484 1322
181 800
736 926
53 1198
979 762
917 466
